Histogram of ADC2:
0 23
1 0
3154 0
3155 2
3156 0
3157 11
3158 9
3159 12
3160 20
3161 22
3162 26
3163 40
3164 31
3165 71
3166 64
3167 99
3168 49
3169 102
3170 94
3171 103
3172 79
3173 118
3174 133
3175 140
3176 118
3177 135
3178 144
3179 156
3180 124
3181 182
3182 139
3183 219
3184 128
3185 171
3186 151
3187 173
3188 111
3189 145
3190 115
3191 159
3192 74
3193 84
3194 72
3195 68
3196 42
3197 55
3198 27
3199 42
3200 11
3201 12
3202 8
3203 6
3204 1
3205 1
3206 0
3207 0
3208 0
3209 0
3210 0
3211 1
3212 0
4094 0
4095 1
OK
