Histogram of ADC2:
7 0
8 4
9 6
10 11
11 0
224 0
225 1
226 0
227 0
228 0
229 0
230 0
231 0
232 1
233 0
234 0
235 0
236 1
237 0
238 1
239 0
240 0
241 0
242 0
243 0
244 0
245 1
246 0
247 1
248 1
249 3
250 0
251 2
252 2
253 3
254 3
255 5
256 3
257 6
258 2
259 8
260 5
261 5
262 5
263 7
264 4
265 8
266 13
267 14
268 9
269 10
270 9
271 15
272 26
273 21
274 20
275 18
276 27
277 24
278 24
279 28
280 32
281 25
282 34
283 28
284 35
285 51
286 43
287 40
288 42
289 41
290 54
291 63
292 53
293 42
294 69
295 54
296 81
297 70
298 58
299 58
300 84
301 95
302 62
303 70
304 74
305 57
306 70
307 78
308 72
309 83
310 62
311 64
312 74
313 74
314 66
315 67
316 68
317 79
318 66
319 51
320 64
321 47
322 63
323 60
324 61
325 69
326 54
327 30
328 50
329 54
330 44
331 42
332 39
333 50
334 34
335 32
336 36
337 32
338 37
339 27
340 31
341 31
342 27
343 19
344 30
345 21
346 18
347 22
348 22
349 19
350 14
351 12
352 17
353 17
354 11
355 9
356 8
357 5
358 12
359 11
360 2
361 8
362 6
363 4
364 9
365 5
366 3
367 3
368 9
369 4
370 3
371 1
372 1
373 4
374 2
375 2
376 3
377 2
378 3
379 4
380 0
381 0
382 0
383 2
384 2
385 2
386 1
387 0
388 0
389 0
390 0
391 0
392 0
393 2
394 0
395 0
396 1
397 0
398 1
399 1
400 1
401 0
402 0
403 0
404 0
405 0
406 0
407 0
408 0
409 1
410 0
411 0
412 0
413 0
414 0
415 0
416 0
417 0
418 1
419 0
2065 0
2066 1
2067 0
OK
