Histogram of ADC0:
264 0
265 1
266 0
267 0
268 0
269 0
270 0
271 0
272 2
273 0
274 0
275 0
276 0
277 0
278 0
279 1
280 0
281 0
282 0
283 0
284 0
285 0
286 0
287 1
288 0
289 0
290 1
291 0
292 0
293 1
294 0
295 1
296 0
297 0
298 0
299 0
300 0
301 0
302 1
303 0
304 0
305 0
306 0
307 0
308 0
309 0
310 0
311 0
312 0
313 1
314 1
315 0
316 0
317 0
318 0
319 0
320 0
321 0
322 1
323 1
324 0
325 0
326 0
327 0
328 0
329 0
330 2
331 1
332 0
333 1
334 0
335 0
336 0
337 0
338 0
339 0
340 0
341 1
342 0
343 0
344 1
345 0
346 1
347 0
348 0
349 0
350 0
351 0
352 0
353 0
354 1
355 0
2047 0
2048 1
2049 0
4094 0
4095 4099
OK
