Histogram of ADC2:
0 802984
1 2
2 0
79 0
80 1
81 0
1017 0
1018 1
1019 0
1538 0
1539 1
1540 0
1541 0
1542 0
1543 0
1544 0
1545 0
1546 1
1547 0
1636 0
1637 1
1638 0
1639 0
1640 0
1641 0
1642 0
1643 0
1644 0
1645 0
1646 0
1647 1
1648 0
1700 0
1701 1
1702 0
1851 0
1852 1
1853 0
1854 0
1855 0
1856 0
1857 0
1858 0
1859 0
1860 0
1861 0
1862 0
1863 0
1864 0
1865 0
1866 0
1867 0
1868 0
1869 0
1870 0
1871 0
1872 1
1873 0
1934 0
1935 1
1936 0
1983 0
1984 1
1985 0
2011 0
2012 1
2013 0
2066 0
2067 1
2068 0
2069 0
2070 1
2071 0
2072 0
2073 0
2074 0
2075 0
2076 0
2077 0
2078 0
2079 0
2080 0
2081 0
2082 0
2083 0
2084 0
2085 0
2086 1
2087 0
2128 0
2129 1
2130 0
2175 0
2176 1
2177 0
2255 0
2256 1
2257 0
2258 0
2259 0
2260 0
2261 0
2262 0
2263 0
2264 1
2265 0
2303 0
2304 2
2305 0
2306 0
2307 0
2308 1
2309 2
2310 3
2311 2
2312 4
2313 4
2314 3
2315 6
2316 13
2317 11
2318 9
2319 9
2320 12
2321 12
2322 10
2323 10
2324 13
2325 12
2326 12
2327 11
2328 20
2329 22
2330 16
2331 16
2332 18
2333 17
2334 19
2335 12
2336 16
2337 14
2338 15
2339 11
2340 10
2341 6
2342 10
2343 8
2344 7
2345 9
2346 6
2347 2
2348 3
2349 6
2350 2
2351 0
2352 1
2353 0
2354 1
2355 0
3433 0
3434 1
3435 0
OK
