Histogram of ADC12:
0 1
1 0
2 1
3 15
4 467
5 4403
6 21453
7 101130
8 406048
9 238617
10 27521
11 3027
12 302
13 2
14 0
94 0
95 1
96 0
134 0
135 2
136 0
137 0
138 0
139 0
140 0
141 0
142 1
143 1
144 0
145 0
146 0
147 1
148 0
149 0
150 0
151 0
152 0
153 0
154 0
155 0
156 0
157 0
158 0
159 0
160 1
161 1
162 0
163 0
164 0
165 0
166 0
167 1
168 0
169 0
170 0
171 1
172 0
173 0
174 1
175 0
176 0
177 0
178 0
179 1
180 1
181 1
182 0
183 0
184 0
185 0
186 1
187 0
188 0
189 0
190 0
191 1
192 0
193 0
194 0
195 0
196 0
197 0
198 1
199 1
200 0
201 0
202 0
203 11
204 67
205 129
206 137
207 74
208 10
209 0
2034 0
2035 1
2036 0
OK
