Histogram of ADC0:
0 802773
1 5
2 0
3 2
4 14
5 0
6 2
7 1
8 16
9 1
10 1
11 1
12 14
13 3
14 6
15 4
16 0
17 0
18 0
19 0
20 3
21 1
22 1
23 1
24 8
25 0
26 2
27 0
28 9
29 0
30 6
31 5
32 0
33 0
34 1
35 1
36 3
37 1
38 1
39 0
40 6
41 0
42 0
43 0
44 11
45 2
46 1
47 4
48 0
49 0
50 0
51 0
52 4
53 1
54 0
55 0
56 5
57 0
58 0
59 0
60 9
61 0
62 2
63 2
64 0
65 1
66 1
67 0
68 3
69 2
70 0
71 0
72 0
73 0
74 0
75 0
76 4
77 1
78 3
79 1
80 1
81 0
82 0
83 0
84 3
85 0
86 0
87 1
88 3
89 1
90 0
91 1
92 4
93 2
94 4
95 1
96 0
97 0
98 0
99 0
100 1
101 1
102 1
103 0
104 0
105 0
106 0
107 0
108 1
109 0
110 0
111 0
112 0
113 0
114 0
115 0
116 0
117 0
118 0
119 0
120 1
121 0
122 0
123 0
124 1
125 1
126 0
127 0
128 0
129 0
130 0
131 0
132 1
133 0
134 0
135 0
136 1
137 0
138 0
139 0
140 2
141 0
142 1
143 0
144 0
145 0
146 0
147 0
148 0
149 0
150 0
151 1
152 0
153 0
154 0
155 0
156 0
157 0
158 1
159 0
160 0
161 0
162 0
163 0
164 0
165 0
166 0
167 0
168 0
169 0
170 0
171 0
172 1
173 0
174 0
175 0
176 0
177 0
178 0
179 0
180 0
181 0
182 0
183 0
184 0
185 0
186 0
187 0
188 1
189 0
235 0
236 1
237 0
2046 0
2047 1
2048 0
4094 0
4095 446
OK
