Histogram of ADC2:
0 422339
1 3
2 1
3 1
4 1
5 2
6 0
7 1
8 1
9 1
10 0
11 2
12 0
13 0
14 2
15 0
77 0
78 1
79 0
101 0
102 1
103 0
104 0
105 0
106 0
107 0
108 0
109 0
110 0
111 0
112 0
113 0
114 1
115 0
184 0
185 1
186 0
187 0
188 0
189 0
190 0
191 0
192 0
193 0
194 1
195 0
245 0
246 1
247 0
248 1
249 0
250 0
251 1
252 1
253 0
277 0
278 1
279 0
280 0
281 0
282 0
283 0
284 0
285 0
286 0
287 0
288 0
289 0
290 0
291 1
292 0
293 0
294 0
295 0
296 0
297 0
298 0
299 0
300 0
301 0
302 0
303 0
304 0
305 0
306 0
307 0
308 1
309 6
310 14
311 10
312 20
313 17
314 30
315 30
316 38
317 50
318 59
319 66
320 85
321 91
322 91
323 78
324 83
325 100
326 89
327 115
328 96
329 86
330 88
331 102
332 87
333 75
334 87
335 76
336 66
337 62
338 56
339 50
340 38
341 41
342 28
343 13
344 11
345 11
346 4
347 3
348 0
4094 0
4095 1
OK
