Histogram of ADC2:
0 1738
1 2958
2 6160
3 10166
4 16984
5 27183
6 40523
7 50845
8 58901
9 58117
10 57849
11 66571
12 86860
13 93801
14 74836
15 54516
16 39331
17 27699
18 21920
19 17749
20 15677
21 13469
22 10105
23 6522
24 3546
25 1877
26 1078
27 806
28 581
29 421
30 329
31 249
32 229
33 188
34 174
35 155
36 134
37 156
38 133
39 151
40 148
41 177
42 163
43 160
44 158
45 130
46 114
47 96
48 84
49 58
50 60
51 41
52 23
53 5
54 9
55 6
56 5
57 7
58 1
59 2
60 1
61 0
62 1
63 1
64 1
65 0
66 0
67 1
68 0
69 1
70 2
71 0
72 0
73 1
74 0
75 0
76 0
77 0
78 1
79 1
80 0
81 0
82 0
83 2
84 1
85 1
86 0
87 0
88 1
89 0
90 0
91 0
92 0
93 0
94 0
95 1
96 1
97 0
98 1
99 0
100 0
101 0
102 0
103 0
104 0
105 0
106 0
107 0
108 1
109 0
110 0
111 1
112 0
113 0
114 0
115 0
116 0
117 0
118 0
119 0
120 0
121 1
122 0
123 0
124 0
125 0
126 0
127 0
128 0
129 0
130 1
131 0
132 0
133 1
134 1
135 1
136 0
137 0
138 0
139 1
140 0
141 0
142 0
143 0
144 0
145 1
146 1
147 0
148 0
149 0
150 0
151 1
152 0
153 1
154 0
155 0
156 0
157 0
158 0
159 0
160 1
161 0
162 0
163 0
164 0
165 0
166 0
167 0
168 0
169 0
170 0
171 0
172 0
173 0
174 0
175 0
176 0
177 0
178 0
179 0
180 1
181 0
182 0
183 1
184 0
185 0
186 0
187 0
188 0
189 0
190 0
191 0
192 0
193 0
194 0
195 0
196 0
197 0
198 0
199 1
200 0
201 0
202 0
203 0
204 0
205 0
206 1
207 0
208 0
209 0
210 0
211 0
212 1
213 0
214 0
215 0
216 0
217 0
218 0
219 0
220 1
221 0
222 0
223 0
224 0
225 0
226 0
227 0
228 0
229 1
230 0
231 0
232 0
233 0
234 0
235 0
236 1
237 0
238 0
239 0
240 0
241 0
242 0
243 0
244 0
245 0
246 0
247 0
248 1
249 0
250 0
251 0
252 0
253 0
254 0
255 0
256 0
257 0
258 0
259 0
260 0
261 0
262 0
263 0
264 1
265 1
266 0
267 0
268 1
269 0
270 0
271 0
272 0
273 0
274 0
275 0
276 0
277 0
278 0
279 0
280 1
281 0
282 0
283 0
284 0
285 0
286 0
287 0
288 0
289 0
290 0
291 0
292 0
293 0
294 0
295 0
296 0
297 1
298 0
299 0
300 0
301 0
302 0
303 0
304 0
305 0
306 0
307 0
308 0
309 0
310 0
311 0
312 0
313 0
314 1
315 0
316 0
317 0
318 0
319 0
320 0
321 0
322 0
323 0
324 1
325 0
326 0
327 0
328 0
329 0
330 0
331 0
332 0
333 0
334 0
335 0
336 0
337 0
338 0
339 0
340 0
341 1
342 0
343 0
344 0
345 0
346 0
347 0
348 0
349 0
350 0
351 0
352 0
353 0
354 0
355 0
356 0
357 0
358 0
359 0
360 0
361 0
362 1
363 0
394 0
395 1
396 0
397 0
398 0
399 0
400 0
401 1
402 0
403 1
404 0
405 0
406 0
407 0
408 0
409 0
410 0
411 0
412 0
413 0
414 0
415 0
416 0
417 0
418 0
419 0
420 1
421 0
422 0
423 0
424 0
425 1
426 0
427 0
428 0
429 0
430 0
431 0
432 0
433 0
434 0
435 0
436 0
437 0
438 0
439 0
440 0
441 0
442 0
443 1
444 0
445 1
446 1
447 0
470 0
471 1
472 0
473 0
474 0
475 0
476 0
477 1
478 0
479 1
480 1
481 0
482 0
483 0
484 0
485 0
486 0
487 0
488 0
489 0
490 1
491 0
492 0
493 0
494 0
495 0
496 0
497 0
498 0
499 0
500 0
501 1
502 0
503 1
504 0
531 0
532 1
533 0
534 0
535 0
536 0
537 0
538 0
539 0
540 0
541 0
542 1
543 0
544 0
545 0
546 0
547 0
548 0
549 0
550 0
551 0
552 0
553 0
554 1
555 0
556 0
557 0
558 0
559 0
560 1
561 0
562 0
563 0
564 0
565 0
566 0
567 0
568 1
569 0
570 0
571 0
572 0
573 0
574 0
575 0
576 1
577 0
578 0
579 0
580 1
581 1
582 0
583 0
584 1
585 0
586 0
587 0
588 0
589 0
590 0
591 0
592 0
593 1
594 0
595 0
596 0
597 0
598 0
599 0
600 0
601 1
602 0
603 1
604 0
605 0
606 0
607 0
608 0
609 0
610 0
611 0
612 0
613 0
614 0
615 0
616 0
617 0
618 0
619 0
620 0
621 0
622 0
623 0
624 1
625 0
626 0
627 0
628 0
629 0
630 0
631 0
632 0
633 1
634 0
683 0
684 1
685 1
686 0
687 0
688 0
689 0
690 0
691 0
692 0
693 1
694 0
695 0
696 1
697 0
698 0
699 0
700 0
701 0
702 0
703 0
704 0
705 0
706 0
707 2
708 0
709 0
710 0
711 0
712 0
713 1
714 0
715 0
716 0
717 0
718 0
719 0
720 0
721 0
722 0
723 0
724 0
725 1
726 1
727 0
728 0
729 0
730 0
731 0
732 0
733 0
734 0
735 0
736 0
737 0
738 0
739 0
740 0
741 1
742 0
769 0
770 2
771 0
772 0
773 0
774 0
775 0
776 0
777 0
778 0
779 0
780 1
781 0
782 0
783 0
784 0
785 1
786 2
787 0
788 1
789 0
790 0
791 0
792 0
793 0
794 0
795 0
796 0
797 0
798 1
799 0
800 0
801 0
802 0
803 0
804 0
805 0
806 1
807 1
808 1
809 0
832 0
833 1
834 0
835 0
836 0
837 0
838 0
839 0
840 0
841 0
842 1
843 0
886 0
887 1
888 0
889 0
890 0
891 1
892 0
893 0
894 0
895 0
896 0
897 0
898 0
899 0
900 1
901 0
902 1
903 0
904 1
905 0
906 1
907 1
908 0
909 0
910 0
911 0
912 0
913 0
914 0
915 0
916 0
917 1
918 0
941 0
942 1
943 0
1008 0
1009 1
1010 0
1011 0
1012 0
1013 0
1014 0
1015 0
1016 1
1017 0
1018 0
1019 1
1020 0
1021 0
1022 0
1023 0
1024 0
1025 0
1026 0
1027 1
1028 0
1029 0
1030 0
1031 0
1032 1
1033 0
1063 0
1064 1
1065 0
1066 0
1067 0
1068 0
1069 0
1070 0
1071 0
1072 0
1073 0
1074 1
1075 0
1076 0
1077 0
1078 0
1079 0
1080 0
1081 0
1082 0
1083 0
1084 0
1085 0
1086 0
1087 0
1088 0
1089 0
1090 1
1091 1
1092 0
1093 0
1094 0
1095 0
1096 0
1097 0
1098 0
1099 0
1100 0
1101 1
1102 0
1131 0
1132 1
1133 0
1134 0
1135 0
1136 0
1137 0
1138 0
1139 0
1140 0
1141 0
1142 0
1143 0
1144 0
1145 0
1146 0
1147 0
1148 0
1149 0
1150 1
1151 0
1152 0
1153 0
1154 0
1155 0
1156 0
1157 0
1158 0
1159 0
1160 0
1161 0
1162 0
1163 0
1164 0
1165 0
1166 0
1167 1
1168 0
1169 1
1170 0
1171 0
1172 0
1173 0
1174 0
1175 0
1176 1
1177 0
1178 0
1179 0
1180 0
1181 0
1182 1
1183 0
1184 0
1185 1
1186 0
1187 0
1188 1
1189 0
1190 0
1191 0
1192 0
1193 0
1194 0
1195 0
1196 0
1197 0
1198 0
1199 0
1200 0
1201 1
1202 0
1203 0
1204 0
1205 0
1206 0
1207 0
1208 1
1209 2
1210 0
1211 0
1212 0
1213 0
1214 0
1215 0
1216 0
1217 0
1218 0
1219 0
1220 0
1221 0
1222 0
1223 0
1224 0
1225 0
1226 0
1227 0
1228 1
1229 0
1230 0
1231 0
1232 0
1233 0
1234 0
1235 1
1236 2
1237 0
1238 0
1239 0
1240 0
1241 1
1242 0
1243 0
1244 1
1245 1
1246 0
1247 1
1248 0
1249 0
1250 0
1251 2
1252 0
1253 0
1254 0
1255 0
1256 0
1257 1
1258 0
1259 0
1260 0
1261 0
1262 0
1263 0
1264 0
1265 0
1266 0
1267 0
1268 0
1269 0
1270 0
1271 0
1272 0
1273 0
1274 0
1275 1
1276 0
1277 0
1278 0
1279 0
1280 0
1281 1
1282 0
1283 0
1284 0
1285 1
1286 1
1287 1
1288 0
1289 0
1290 0
1291 0
1292 0
1293 0
1294 0
1295 1
1296 2
1297 0
1298 0
1299 0
1300 0
1301 0
1302 0
1303 0
1304 0
1305 0
1306 0
1307 1
1308 0
1309 0
1310 0
1311 0
1312 1
1313 0
1314 0
1315 0
1316 0
1317 0
1318 0
1319 0
1320 0
1321 0
1322 0
1323 0
1324 0
1325 0
1326 0
1327 0
1328 0
1329 0
1330 0
1331 0
1332 0
1333 1
1334 0
1335 0
1336 2
1337 0
1338 0
1339 1
1340 0
1341 0
1342 0
1343 0
1344 0
1345 0
1346 1
1347 0
1348 0
1349 1
1350 0
1351 0
1352 0
1353 1
1354 0
1355 0
1356 0
1357 0
1358 0
1359 0
1360 0
1361 0
1362 0
1363 0
1364 0
1365 0
1366 0
1367 0
1368 0
1369 1
1370 0
1371 1
1372 0
1373 1
1374 0
1375 0
1376 1
1377 0
1378 1
1379 0
1380 0
1381 0
1382 0
1383 0
1384 1
1385 0
1386 0
1387 0
1388 0
1389 0
1390 0
1391 0
1392 0
1393 0
1394 0
1395 0
1396 0
1397 0
1398 0
1399 0
1400 0
1401 0
1402 1
1403 0
1404 0
1405 0
1406 0
1407 0
1408 1
1409 0
1410 0
1411 0
1412 0
1413 0
1414 0
1415 1
1416 0
1617 0
1618 1
1619 0
1652 0
1653 1
1654 0
1759 0
1760 1
1761 0
1762 0
1763 1
1764 0
1841 0
1842 1
1843 0
1902 0
1903 1
1904 0
1905 1
1906 0
1950 0
1951 1
1952 0
1980 0
1981 1
1982 0
1983 0
1984 0
1985 0
1986 0
1987 0
1988 0
1989 0
1990 0
1991 0
1992 1
1993 1
1994 0
1995 0
1996 0
1997 0
1998 0
1999 0
2000 0
2001 0
2002 0
2003 0
2004 0
2005 0
2006 0
2007 2
2008 0
2009 0
2010 0
2011 1
2012 1
2013 0
2014 0
2015 0
2016 1
2017 0
2018 1
2019 0
2039 0
2040 1
2041 0
2042 0
2043 0
2044 0
2045 0
2046 0
2047 0
2048 0
2049 1
2050 0
2097 0
2098 1
2099 0
2100 0
2101 0
2102 0
2103 0
2104 0
2105 0
2106 0
2107 0
2108 0
2109 0
2110 0
2111 0
2112 1
2113 0
2134 0
2135 1
2136 0
2188 0
2189 1
2190 0
2191 0
2192 0
2193 0
2194 1
2195 0
2196 0
2197 0
2198 1
2199 0
2232 0
2233 1
2234 0
2235 0
2236 0
2237 0
2238 0
2239 0
2240 0
2241 0
2242 0
2243 0
2244 0
2245 0
2246 0
2247 0
2248 0
2249 0
2250 1
2251 0
2275 0
2276 1
2277 0
2278 0
2279 0
2280 0
2281 0
2282 0
2283 0
2284 0
2285 0
2286 0
2287 0
2288 1
2289 0
2326 0
2327 1
2328 0
2329 0
2330 0
2331 0
2332 1
2333 1
2334 0
2369 0
2370 1
2371 0
2372 0
2373 0
2374 1
2375 0
2376 0
2377 0
2378 0
2379 0
2380 0
2381 0
2382 0
2383 0
2384 1
2385 0
2386 0
2387 0
2388 0
2389 0
2390 0
2391 0
2392 0
2393 0
2394 1
2395 0
2396 0
2397 0
2398 0
2399 0
2400 0
2401 0
2402 0
2403 0
2404 0
2405 0
2406 0
2407 0
2408 1
2409 0
2410 0
2411 0
2412 0
2413 0
2414 0
2415 0
2416 0
2417 0
2418 1
2419 1
2420 0
2421 0
2422 0
2423 0
2424 1
2425 0
2426 0
2427 0
2428 0
2429 0
2430 0
2431 0
2432 0
2433 0
2434 0
2435 0
2436 0
2437 0
2438 0
2439 0
2440 0
2441 0
2442 0
2443 0
2444 1
2445 0
2446 1
2447 0
2448 0
2449 0
2450 0
2451 0
2452 0
2453 0
2454 0
2455 0
2456 0
2457 0
2458 0
2459 0
2460 0
2461 0
2462 1
2463 0
2464 0
2465 0
2466 0
2467 0
2468 0
2469 0
2470 1
2471 0
2472 0
2473 0
2474 0
2475 0
2476 0
2477 0
2478 1
2479 0
2480 1
2481 0
2482 0
2483 0
2484 0
2485 0
2486 0
2487 0
2488 0
2489 0
2490 0
2491 0
2492 1
2493 0
2494 1
2495 0
2496 2
2497 0
2498 0
2499 0
2500 0
2501 0
2502 0
2503 0
2504 0
2505 0
2506 0
2507 0
2508 0
2509 1
2510 1
2511 0
2512 0
2513 1
2514 0
2515 1
2516 0
2517 0
2518 0
2519 0
2520 0
2521 0
2522 0
2523 0
2524 0
2525 0
2526 0
2527 0
2528 0
2529 0
2530 0
2531 0
2532 0
2533 0
2534 0
2535 1
2536 0
2537 0
2538 0
2539 0
2540 0
2541 0
2542 0
2543 0
2544 0
2545 0
2546 0
2547 0
2548 0
2549 0
2550 1
2551 0
2552 0
2553 0
2554 0
2555 0
2556 0
2557 1
2558 2
2559 0
2560 0
2561 0
2562 0
2563 0
2564 0
2565 0
2566 0
2567 0
2568 0
2569 0
2570 0
2571 0
2572 0
2573 0
2574 0
2575 0
2576 0
2577 1
2578 0
2579 0
2580 0
2581 0
2582 0
2583 0
2584 0
2585 0
2586 1
2587 0
2588 1
2589 0
2590 0
2591 1
2592 0
2593 0
2594 0
2595 0
2596 0
2597 0
2598 0
2599 0
2600 0
2601 0
2602 0
2603 0
2604 1
2605 0
2606 0
2607 0
2608 0
2609 1
2610 1
2611 0
2612 0
2613 0
2614 0
2615 0
2616 0
2617 0
2618 0
2619 0
2620 0
2621 0
2622 0
2623 1
2624 0
2625 0
2626 0
2627 0
2628 1
2629 1
2630 0
2665 0
2666 1
2667 0
2692 0
2693 1
2694 0
2695 0
2696 0
2697 1
2698 0
2699 0
2700 1
2701 0
2702 0
2703 0
2704 0
2705 0
2706 0
2707 0
2708 0
2709 0
2710 0
2711 0
2712 0
2713 0
2714 1
2715 0
2748 0
2749 1
2750 0
2751 0
2752 0
2753 0
2754 0
2755 0
2756 0
2757 1
2758 0
2759 0
2760 0
2761 0
2762 0
2763 0
2764 0
2765 1
2766 0
2767 0
2768 0
2769 0
2770 0
2771 0
2772 0
2773 1
2774 0
2796 0
2797 2
2798 0
2799 0
2800 0
2801 1
2802 0
2803 0
2804 1
2805 0
2867 0
2868 1
2869 0
2870 0
2871 0
2872 0
2873 0
2874 0
2875 0
2876 0
2877 0
2878 0
2879 0
2880 0
2881 0
2882 0
2883 0
2884 0
2885 0
2886 0
2887 1
2888 0
2889 0
2890 0
2891 0
2892 0
2893 0
2894 1
2895 0
2896 0
2897 0
2898 0
2899 0
2900 0
2901 0
2902 0
2903 0
2904 0
2905 0
2906 0
2907 0
2908 1
2909 0
2930 0
2931 1
2932 0
2964 0
2965 1
2966 0
3012 0
3013 1
3014 0
3061 0
3062 1
3063 0
3093 0
3094 1
3095 0
3155 0
3156 1
3157 0
3158 0
3159 0
3160 0
3161 0
3162 0
3163 0
3164 0
3165 0
3166 0
3167 0
3168 0
3169 0
3170 0
3171 0
3172 0
3173 0
3174 0
3175 0
3176 0
3177 1
3178 0
3179 0
3180 0
3181 0
3182 0
3183 0
3184 0
3185 0
3186 0
3187 0
3188 0
3189 0
3190 0
3191 0
3192 0
3193 1
3194 0
3195 0
3196 1
3197 0
3198 0
3199 0
3200 1
3201 0
3202 0
3203 0
3204 0
3205 0
3206 0
3207 0
3208 1
3209 0
3210 0
3211 1
3212 0
3213 0
3214 0
3215 0
3216 0
3217 1
3218 0
3219 1
3220 0
3221 0
3222 1
3223 0
3224 0
3225 1
3226 0
3227 0
3228 0
3229 0
3230 0
3231 0
3232 0
3233 1
3234 0
3235 0
3236 0
3237 0
3238 0
3239 0
3240 0
3241 0
3242 0
3243 1
3244 0
3245 1
3246 0
3247 0
3248 1
3249 1
3250 1
3251 0
3252 0
3253 0
3254 1
3255 0
3256 1
3257 0
3258 1
3259 0
3260 0
3261 2
3262 2
3263 0
3264 3
3265 0
3266 1
3267 3
3268 0
3269 1
3270 0
3271 0
3272 0
3273 0
3274 0
3275 0
3276 5
3277 0
3278 1
3279 0
3280 1
3281 1
3282 2
3283 2
3284 1
3285 0
3286 2
3287 1
3288 3
3289 1
3290 4
3291 2
3292 1
3293 1
3294 0
3295 1
3296 3
3297 2
3298 2
3299 3
3300 2
3301 0
3302 7
3303 3
3304 0
3305 1
3306 1
3307 1
3308 3
3309 1
3310 4
3311 1
3312 5
3313 5
3314 1
3315 0
3316 5
3317 3
3318 2
3319 2
3320 5
3321 2
3322 5
3323 2
3324 5
3325 2
3326 1
3327 2
3328 5
3329 5
3330 5
3331 1
3332 3
3333 4
3334 0
3335 4
3336 2
3337 2
3338 7
3339 1
3340 3
3341 5
3342 6
3343 4
3344 2
3345 3
3346 5
3347 3
3348 4
3349 6
3350 5
3351 4
3352 4
3353 7
3354 6
3355 2
3356 9
3357 4
3358 6
3359 2
3360 3
3361 4
3362 5
3363 7
3364 3
3365 9
3366 3
3367 6
3368 4
3369 4
3370 3
3371 9
3372 4
3373 4
3374 4
3375 4
3376 5
3377 2
3378 6
3379 3
3380 5
3381 5
3382 4
3383 5
3384 7
3385 5
3386 7
3387 3
3388 6
3389 3
3390 2
3391 6
3392 8
3393 5
3394 12
3395 5
3396 6
3397 6
3398 7
3399 3
3400 8
3401 5
3402 7
3403 4
3404 5
3405 9
3406 10
3407 4
3408 7
3409 2
3410 6
3411 1
3412 8
3413 5
3414 8
3415 3
3416 8
3417 10
3418 9
3419 13
3420 11
3421 7
3422 4
3423 4
3424 9
3425 8
3426 7
3427 2
3428 10
3429 6
3430 10
3431 4
3432 5
3433 9
3434 11
3435 8
3436 6
3437 4
3438 8
3439 6
3440 15
3441 8
3442 10
3443 7
3444 4
3445 6
3446 16
3447 8
3448 12
3449 11
3450 7
3451 10
3452 11
3453 4
3454 12
3455 6
3456 11
3457 14
3458 8
3459 12
3460 3
3461 7
3462 8
3463 6
3464 9
3465 6
3466 10
3467 6
3468 11
3469 7
3470 11
3471 7
3472 9
3473 6
3474 8
3475 4
3476 8
3477 5
3478 5
3479 2
3480 8
3481 1
3482 5
3483 3
3484 6
3485 5
3486 6
3487 0
3488 4
3489 2
3490 1
3491 4
3492 5
3493 2
3494 3
3495 1
3496 6
3497 0
3498 2
3499 2
3500 5
3501 0
3502 1
3503 1
3504 0
3505 0
3506 1
3507 0
3508 0
3509 2
3510 0
3511 1
3512 0
3513 2
3514 0
3515 0
3516 0
3517 0
3518 0
3519 0
3520 0
3521 0
3522 0
3523 0
3524 0
3525 0
3526 1
3527 0
OK
