Histogram of ADC12:
7 0
8 34
9 688
10 248406
11 553407
12 66175
13 1185
14 1352
15 885
16 29
17 3
18 1
19 0
20 1
21 0
22 0
23 2
24 0
25 3
26 1
27 2
28 1
29 0
30 3
31 0
32 1
33 1
34 1
35 0
36 1
37 1
38 0
39 1
40 0
41 0
42 3
43 0
44 2
45 0
46 3
47 0
48 2
49 2
50 2
51 1
52 0
53 0
54 2
55 2
56 1
57 2
58 2
59 3
60 0
61 1
62 1
63 0
64 0
65 0
66 2
67 2
68 2
69 2
70 1
71 1
72 0
73 2
74 0
75 5
76 4
77 0
78 0
79 2
80 0
81 0
82 0
83 2
84 1
85 5
86 0
87 0
88 1
89 0
90 0
91 0
92 0
93 0
94 3
95 2
96 0
97 0
98 2
99 0
100 2
101 1
102 0
103 1
104 0
105 1
106 1
107 3
108 2
109 1
110 3
111 1
112 4
113 5
114 1
115 1
116 4
117 3
118 2
119 0
120 3
121 2
122 2
123 2
124 4
125 1
126 1
127 1
128 0
129 0
130 0
131 0
132 0
133 0
134 0
135 0
136 0
137 0
138 0
139 0
140 0
141 0
142 0
143 0
144 1
145 0
146 1
147 0
148 0
149 0
150 0
151 0
152 0
153 0
154 0
155 1
156 1
157 0
158 0
159 0
160 0
161 0
162 1
163 0
164 0
165 0
166 0
167 2
168 0
169 0
170 0
171 0
172 0
173 0
174 2
175 1
176 6
177 0
178 0
179 2
180 0
181 0
182 0
183 1
184 1
185 0
186 1
187 0
188 0
189 0
190 1
191 2
192 0
193 0
194 1
195 1
196 0
197 1
198 1
199 0
200 0
201 3
202 0
203 0
204 1
205 2
206 1
207 1
208 3
209 0
210 2
211 1
212 1
213 2
214 4
215 2
216 2
217 1
218 1
219 3
220 0
221 4
222 2
223 1
224 2
225 1
226 0
227 1
228 0
229 2
230 1
231 1
232 0
233 0
234 2
235 2
236 0
237 0
238 4
239 0
240 0
241 0
242 0
243 1
244 0
245 2
246 1
247 1
248 0
249 0
250 1
251 0
252 0
253 0
254 1
255 0
256 0
257 0
258 1
259 0
260 1
261 0
262 0
263 0
264 0
265 0
266 1
267 1
268 2
269 2
270 4
271 2
272 3
273 6
274 8
275 11
276 13
277 19
278 14
279 25
280 30
281 27
282 30
283 32
284 45
285 31
286 36
287 31
288 33
289 39
290 40
291 39
292 33
293 46
294 42
295 38
296 39
297 41
298 49
299 47
300 50
301 40
302 33
303 37
304 36
305 22
306 17
307 18
308 11
309 13
310 7
311 5
312 2
313 1
314 2
315 0
316 0
317 1
318 0
2075 0
2076 1
2077 0
OK
