Histogram of ADC0:
0 8071
1 207
2 207
3 212
4 223
5 214
6 196
7 219
8 238
9 236
10 260
11 230
12 252
13 255
14 243
15 255
16 263
17 279
18 251
19 277
20 282
21 295
22 269
23 263
24 315
25 292
26 328
27 279
28 325
29 298
30 299
31 292
32 334
33 340
34 341
35 336
36 362
37 350
38 335
39 365
40 343
41 319
42 361
43 351
44 384
45 356
46 326
47 394
48 411
49 388
50 395
51 411
52 416
53 380
54 380
55 434
56 418
57 447
58 404
59 377
60 446
61 402
62 424
63 409
64 448
65 448
66 467
67 439
68 465
69 470
70 464
71 464
72 471
73 468
74 488
75 490
76 488
77 494
78 516
79 486
80 526
81 540
82 503
83 480
84 538
85 527
86 550
87 561
88 561
89 543
90 529
91 530
92 571
93 595
94 577
95 550
96 646
97 619
98 611
99 607
100 632
101 639
102 639
103 622
104 639
105 630
106 591
107 665
108 657
109 691
110 629
111 654
112 649
113 691
114 673
115 735
116 728
117 704
118 767
119 755
120 673
121 733
122 742
123 763
124 748
125 828
126 800
127 779
128 828
129 785
130 878
131 856
132 869
133 834
134 876
135 859
136 929
137 872
138 868
139 928
140 926
141 945
142 899
143 932
144 940
145 1003
146 944
147 976
148 982
149 972
150 1022
151 989
152 1056
153 985
154 983
155 995
156 1052
157 1121
158 1043
159 1000
160 1115
161 1022
162 1091
163 1109
164 1123
165 1111
166 1116
167 1082
168 1177
169 1124
170 1094
171 1105
172 1238
173 1198
174 1202
175 1222
176 1176
177 1220
178 1203
179 1246
180 1286
181 1236
182 1210
183 1284
184 1247
185 1282
186 1249
187 1258
188 1324
189 1242
190 1322
191 1189
192 1337
193 1379
194 1284
195 1286
196 1407
197 1458
198 1343
199 1370
200 1411
201 1383
202 1501
203 1351
204 1475
205 1443
206 1468
207 1477
208 1532
209 1451
210 1515
211 1468
212 1489
213 1520
214 1538
215 1590
216 1550
217 1585
218 1594
219 1557
220 1602
221 1586
222 1664
223 1563
224 1728
225 1643
226 1626
227 1661
228 1734
229 1696
230 1730
231 1737
232 1841
233 1713
234 1810
235 1763
236 1789
237 1823
238 1830
239 1768
240 1884
241 1822
242 1828
243 1817
244 1878
245 1887
246 1930
247 1850
248 1927
249 1930
250 2008
251 1930
252 2042
253 1941
254 1961
255 1942
256 2183
257 2042
258 2014
259 2048
260 1996
261 2101
262 2082
263 2037
264 2108
265 2076
266 2063
267 2064
268 2207
269 2173
270 2226
271 2144
272 2237
273 2184
274 2175
275 2198
276 2231
277 2247
278 2186
279 2158
280 2249
281 2195
282 2194
283 2078
284 2397
285 2243
286 2284
287 1965
288 2406
289 2339
290 2317
291 2274
292 2337
293 2244
294 2375
295 2377
296 2456
297 2247
298 2429
299 2270
300 2414
301 2366
302 2444
303 2389
304 2409
305 2387
306 2474
307 2426
308 2448
309 2391
310 2513
311 2359
312 2445
313 2265
314 2443
315 2389
316 2526
317 2436
318 2480
319 2176
320 2722
321 2489
322 2473
323 2381
324 2497
325 2567
326 2581
327 2490
328 2541
329 2525
330 2528
331 2460
332 2621
333 2673
334 2632
335 2614
336 2616
337 2633
338 2577
339 2639
340 2759
341 2625
342 2589
343 2671
344 2738
345 2699
346 2707
347 2691
348 2791
349 2736
350 2767
351 2459
352 2949
353 2698
354 2930
355 2696
356 2851
357 2870
358 2860
359 2799
360 2965
361 2856
362 2846
363 2743
364 2905
365 2893
366 2943
367 2820
368 3007
369 2940
370 2985
371 2715
372 3074
373 2960
374 2980
375 2804
376 3060
377 2889
378 2925
379 2824
380 2981
381 2830
382 2957
383 2740
384 3059
385 2829
386 2861
387 2701
388 2857
389 2852
390 2849
391 2631
392 2993
393 2710
394 2939
395 2669
396 2695
397 2672
398 2704
399 2602
400 2695
401 2505
402 2630
403 2416
404 2647
405 2449
406 2469
407 2436
408 2428
409 2307
410 2356
411 2246
412 2393
413 2336
414 2224
415 2013
416 2316
417 2139
418 2220
419 2042
420 2046
421 1992
422 2061
423 1946
424 2091
425 1961
426 2041
427 1863
428 1935
429 1922
430 1818
431 1843
432 1963
433 1822
434 1820
435 1658
436 1726
437 1704
438 1773
439 1654
440 1658
441 1543
442 1604
443 1548
444 1540
445 1469
446 1526
447 1312
448 1634
449 1431
450 1486
451 1436
452 1390
453 1413
454 1379
455 1333
456 1386
457 1312
458 1402
459 1215
460 1281
461 1289
462 1284
463 1223
464 1230
465 1232
466 1238
467 1099
468 1210
469 1121
470 1199
471 1119
472 1133
473 1127
474 1120
475 1026
476 1120
477 1011
478 1048
479 914
480 1076
481 1000
482 1031
483 961
484 1023
485 963
486 964
487 940
488 991
489 960
490 921
491 843
492 923
493 932
494 879
495 930
496 969
497 869
498 888
499 829
500 805
501 907
502 823
503 842
504 816
505 766
506 835
507 818
508 833
509 793
510 851
511 603
512 866
513 755
514 839
515 763
516 824
517 786
518 790
519 757
520 778
521 768
522 711
523 692
524 792
525 760
526 729
527 705
528 727
529 689
530 660
531 658
532 727
533 721
534 710
535 690
536 709
537 660
538 687
539 630
540 681
541 643
542 660
543 536
544 696
545 639
546 662
547 551
548 651
549 625
550 644
551 620
552 620
553 652
554 607
555 574
556 615
557 638
558 618
559 577
560 616
561 564
562 613
563 540
564 613
565 587
566 556
567 515
568 577
569 536
570 584
571 504
572 553
573 506
574 552
575 459
576 564
577 531
578 526
579 514
580 550
581 534
582 498
583 525
584 536
585 540
586 508
587 521
588 516
589 503
590 508
591 447
592 510
593 480
594 498
595 485
596 483
597 478
598 489
599 466
600 476
601 456
602 493
603 434
604 467
605 433
606 482
607 370
608 491
609 434
610 477
611 405
612 459
613 406
614 451
615 388
616 452
617 377
618 394
619 392
620 429
621 393
622 381
623 359
624 376
625 389
626 374
627 353
628 394
629 366
630 353
631 358
632 340
633 339
634 357
635 344
636 355
637 321
638 352
639 352
640 395
641 316
642 349
643 350
644 299
645 314
646 325
647 321
648 313
649 299
650 367
651 293
652 303
653 296
654 270
655 291
656 306
657 302
658 305
659 275
660 307
661 322
662 300
663 261
664 285
665 269
666 292
667 232
668 244
669 275
670 283
671 218
672 269
673 258
674 246
675 224
676 251
677 233
678 214
679 221
680 231
681 242
682 241
683 230
684 236
685 235
686 213
687 216
688 233
689 195
690 214
691 194
692 204
693 218
694 218
695 212
696 189
697 166
698 164
699 205
700 177
701 179
702 181
703 159
704 209
705 160
706 199
707 151
708 167
709 153
710 180
711 151
712 145
713 141
714 146
715 147
716 157
717 153
718 146
719 131
720 135
721 157
722 129
723 133
724 132
725 138
726 149
727 125
728 114
729 115
730 122
731 110
732 115
733 128
734 97
735 93
736 114
737 104
738 109
739 92
740 90
741 131
742 97
743 103
744 103
745 102
746 86
747 76
748 78
749 86
750 87
751 90
752 79
753 71
754 60
755 74
756 75
757 84
758 62
759 70
760 70
761 76
762 65
763 65
764 62
765 62
766 60
767 64
768 63
769 64
770 63
771 45
772 57
773 57
774 57
775 46
776 51
777 44
778 56
779 44
780 65
781 41
782 56
783 35
784 46
785 44
786 48
787 39
788 58
789 42
790 36
791 34
792 32
793 28
794 46
795 38
796 32
797 49
798 29
799 29
800 34
801 43
802 34
803 38
804 32
805 37
806 23
807 38
808 39
809 35
810 33
811 26
812 34
813 39
814 35
815 22
816 28
817 25
818 31
819 31
820 27
821 30
822 26
823 26
824 31
825 25
826 30
827 23
828 35
829 30
830 20
831 16
832 33
833 21
834 19
835 26
836 28
837 21
838 30
839 18
840 28
841 28
842 23
843 25
844 28
845 15
846 25
847 19
848 23
849 17
850 25
851 18
852 21
853 15
854 18
855 27
856 24
857 20
858 24
859 19
860 19
861 19
862 14
863 19
864 23
865 24
866 12
867 18
868 25
869 20
870 15
871 14
872 12
873 20
874 13
875 12
876 16
877 14
878 14
879 17
880 20
881 18
882 14
883 16
884 10
885 23
886 16
887 8
888 18
889 16
890 13
891 19
892 18
893 21
894 11
895 13
896 20
897 8
898 15
899 10
900 16
901 13
902 11
903 9
904 13
905 13
906 10
907 7
908 10
909 15
910 6
911 9
912 13
913 17
914 8
915 9
916 11
917 12
918 15
919 12
920 13
921 8
922 8
923 7
924 13
925 8
926 4
927 14
928 9
929 13
930 15
931 16
932 17
933 7
934 9
935 6
936 10
937 9
938 19
939 13
940 13
941 10
942 9
943 10
944 11
945 15
946 12
947 13
948 13
949 6
950 12
951 9
952 11
953 13
954 17
955 11
956 9
957 12
958 6
959 6
960 6
961 4
962 7
963 5
964 9
965 6
966 11
967 10
968 13
969 5
970 6
971 7
972 9
973 11
974 12
975 14
976 9
977 7
978 10
979 3
980 13
981 8
982 6
983 5
984 10
985 7
986 11
987 8
988 8
989 7
990 6
991 8
992 9
993 5
994 11
995 9
996 6
997 4
998 7
999 4
1000 9
1001 5
1002 11
1003 11
1004 5
1005 9
1006 7
1007 4
1008 5
1009 9
1010 7
1011 3
1012 6
1013 7
1014 4
1015 5
1016 9
1017 2
1018 9
1019 7
1020 6
1021 7
1022 5
1023 3
1024 6
1025 6
1026 7
1027 3
1028 14
1029 4
1030 5
1031 4
1032 4
1033 7
1034 6
1035 2
1036 10
1037 6
1038 4
1039 4
1040 8
1041 9
1042 6
1043 5
1044 9
1045 12
1046 11
1047 6
1048 6
1049 5
1050 5
1051 10
1052 7
1053 7
1054 5
1055 4
1056 7
1057 5
1058 4
1059 8
1060 3
1061 5
1062 5
1063 6
1064 4
1065 6
1066 7
1067 4
1068 9
1069 4
1070 8
1071 7
1072 9
1073 11
1074 7
1075 8
1076 6
1077 9
1078 6
1079 6
1080 3
1081 6
1082 5
1083 6
1084 7
1085 7
1086 13
1087 5
1088 3
1089 4
1090 4
1091 6
1092 4
1093 9
1094 7
1095 4
1096 5
1097 2
1098 2
1099 6
1100 8
1101 2
1102 6
1103 6
1104 4
1105 2
1106 7
1107 6
1108 11
1109 9
1110 9
1111 11
1112 14
1113 6
1114 6
1115 3
1116 5
1117 8
1118 5
1119 8
1120 7
1121 7
1122 6
1123 11
1124 7
1125 6
1126 7
1127 7
1128 7
1129 3
1130 10
1131 4
1132 9
1133 9
1134 10
1135 5
1136 6
1137 8
1138 6
1139 4
1140 6
1141 8
1142 5
1143 6
1144 7
1145 3
1146 8
1147 4
1148 10
1149 3
1150 8
1151 6
1152 4
1153 4
1154 2
1155 10
1156 8
1157 7
1158 6
1159 5
1160 6
1161 4
1162 8
1163 4
1164 12
1165 10
1166 4
1167 10
1168 7
1169 8
1170 9
1171 5
1172 8
1173 9
1174 6
1175 7
1176 7
1177 9
1178 8
1179 5
1180 5
1181 8
1182 8
1183 4
1184 8
1185 11
1186 5
1187 3
1188 6
1189 5
1190 6
1191 2
1192 11
1193 2
1194 4
1195 3
1196 7
1197 3
1198 5
1199 3
1200 7
1201 10
1202 3
1203 3
1204 13
1205 10
1206 6
1207 4
1208 0
1209 7
1210 8
1211 5
1212 8
1213 7
1214 4
1215 6
1216 4
1217 7
1218 7
1219 8
1220 5
1221 8
1222 5
1223 2
1224 7
1225 7
1226 8
1227 8
1228 5
1229 8
1230 3
1231 3
1232 9
1233 3
1234 4
1235 7
1236 3
1237 6
1238 4
1239 10
1240 4
1241 8
1242 3
1243 4
1244 7
1245 12
1246 8
1247 5
1248 11
1249 7
1250 8
1251 1
1252 8
1253 6
1254 9
1255 2
1256 11
1257 7
1258 10
1259 3
1260 7
1261 3
1262 5
1263 3
1264 5
1265 5
1266 4
1267 7
1268 6
1269 4
1270 7
1271 6
1272 3
1273 4
1274 6
1275 4
1276 14
1277 3
1278 5
1279 3
1280 9
1281 6
1282 6
1283 4
1284 4
1285 1
1286 5
1287 4
1288 5
1289 2
1290 5
1291 3
1292 3
1293 3
1294 2
1295 6
1296 2
1297 6
1298 5
1299 4
1300 4
1301 4
1302 3
1303 2
1304 6
1305 3
1306 5
1307 0
1308 6
1309 5
1310 4
1311 1
1312 3
1313 1
1314 4
1315 1
1316 4
1317 3
1318 5
1319 6
1320 4
1321 1
1322 0
1323 5
1324 4
1325 3
1326 3
1327 5
1328 6
1329 3
1330 4
1331 4
1332 4
1333 4
1334 4
1335 1
1336 4
1337 5
1338 4
1339 1
1340 1
1341 4
1342 3
1343 7
1344 3
1345 3
1346 4
1347 4
1348 4
1349 7
1350 4
1351 2
1352 5
1353 0
1354 2
1355 2
1356 6
1357 1
1358 2
1359 0
1360 3
1361 4
1362 3
1363 2
1364 1
1365 4
1366 2
1367 3
1368 4
1369 1
1370 0
1371 4
1372 3
1373 4
1374 2
1375 5
1376 3
1377 3
1378 3
1379 4
1380 4
1381 1
1382 5
1383 2
1384 1
1385 3
1386 5
1387 5
1388 1
1389 2
1390 0
1391 2
1392 4
1393 2
1394 0
1395 1
1396 1
1397 1
1398 0
1399 4
1400 2
1401 4
1402 1
1403 2
1404 2
1405 0
1406 1
1407 2
1408 2
1409 1
1410 2
1411 1
1412 0
1413 2
1414 0
1415 1
1416 1
1417 2
1418 2
1419 1
1420 1
1421 3
1422 1
1423 1
1424 1
1425 1
1426 1
1427 1
1428 5
1429 1
1430 0
1431 0
1432 0
1433 2
1434 0
1435 1
1436 1
1437 2
1438 1
1439 0
1440 1
1441 2
1442 1
1443 1
1444 0
1445 0
1446 2
1447 0
1448 3
1449 2
1450 2
1451 1
1452 3
1453 0
1454 0
1455 2
1456 1
1457 1
1458 0
1459 2
1460 1
1461 0
1462 2
1463 1
1464 0
1465 0
1466 1
1467 0
1468 0
1469 2
1470 1
1471 0
1472 1
1473 1
1474 3
1475 1
1476 1
1477 2
1478 0
1479 0
1480 1
1481 1
1482 0
1483 0
1484 1
1485 0
1486 1
1487 0
1488 1
1489 1
1490 1
1491 1
1492 1
1493 0
1494 0
1495 0
1496 0
1497 0
1498 1
1499 1
1500 1
1501 0
1502 0
1503 0
1504 0
1505 1
1506 0
1507 0
1508 1
1509 1
1510 0
1511 1
1512 0
1513 0
1514 0
1515 0
1516 1
1517 0
1518 0
1519 0
1520 1
1521 0
1522 0
1523 1
1524 0
1525 0
1526 0
1527 0
1528 1
1529 1
1530 0
1531 0
1532 1
1533 0
1534 0
1535 1
1536 1
1537 1
1538 1
1539 0
1540 0
1541 0
1542 0
1543 0
1544 0
1545 0
1546 0
1547 1
1548 0
1549 0
1550 0
1551 0
1552 0
1553 0
1554 0
1555 1
1556 0
1557 1
1558 0
1559 0
1560 1
1561 0
1562 0
1563 0
1564 0
1565 0
1566 0
1567 0
1568 0
1569 0
1570 0
1571 0
1572 0
1573 0
1574 0
1575 0
1576 1
1577 0
1578 0
1579 0
1580 0
1581 0
1582 0
1583 0
1584 0
1585 0
1586 1
1587 0
1588 0
1589 0
1590 0
1591 1
1592 0
1593 0
1594 0
1595 0
1596 0
1597 0
1598 1
1599 0
1600 0
1601 0
1602 0
1603 0
1604 2
1605 0
1606 0
1607 0
1608 0
1609 0
1610 1
1611 1
1612 0
1613 0
1614 0
1615 0
1616 0
1617 0
1618 0
1619 0
1620 0
1621 0
1622 0
1623 0
1624 0
1625 0
1626 1
1627 1
1628 0
1664 0
1665 1
1666 0
1695 0
1696 1
1697 0
1698 0
1699 0
1700 0
1701 0
1702 0
1703 0
1704 0
1705 0
1706 0
1707 0
1708 0
1709 0
1710 0
1711 0
1712 0
1713 0
1714 0
1715 0
1716 1
1717 0
1718 0
1719 0
1720 0
1721 0
1722 0
1723 0
1724 0
1725 0
1726 1
1727 0
1747 0
1748 1
1749 0
1798 0
1799 1
1800 0
1801 0
1802 0
1803 0
1804 0
1805 0
1806 0
1807 0
1808 0
1809 0
1810 0
1811 0
1812 0
1813 0
1814 1
1815 0
1869 0
1870 1
1871 0
1872 0
1873 0
1874 0
1875 0
1876 0
1877 0
1878 0
1879 0
1880 0
1881 0
1882 0
1883 0
1884 0
1885 0
1886 0
1887 0
1888 1
1889 0
1890 0
1891 0
1892 0
1893 0
1894 1
1895 0
1961 0
1962 1
1963 0
1964 0
1965 0
1966 0
1967 0
1968 0
1969 0
1970 0
1971 0
1972 0
1973 1
1974 0
2009 0
2010 1
2011 0
2012 0
2013 1
2014 0
2081 0
2082 1
2083 0
2134 0
2135 1
2136 0
2160 0
2161 1
2162 0
2272 0
2273 1
2274 0
2326 0
2327 1
2328 0
2329 0
2330 0
2331 0
2332 0
2333 0
2334 0
2335 0
2336 1
2337 0
2486 0
2487 1
2488 0
2782 0
2783 1
2784 0
3061 0
3062 1
3063 0
4094 0
4095 1392
OK
