Histogram of ADC0:
296 0
297 1
298 0
299 0
300 0
301 0
302 1
303 1
304 4
305 2
306 3
307 0
308 2
309 1
310 0
311 1
312 1
313 0
314 0
315 1
316 0
317 0
318 0
319 0
320 0
321 0
322 0
323 0
324 0
325 1
326 0
327 0
328 0
329 1
330 0
331 0
332 0
333 0
334 0
335 0
336 1
337 0
632 0
633 1
634 0
635 1
636 0
637 0
638 0
639 0
640 0
641 0
642 1
643 0
644 0
645 0
646 0
647 1
648 0
649 1
650 3
651 0
652 2
653 3
654 1
655 1
656 2
657 4
658 2
659 2
660 4
661 5
662 2
663 2
664 5
665 2
666 3
667 4
668 7
669 8
670 6
671 10
672 8
673 5
674 5
675 6
676 8
677 2
678 8
679 11
680 12
681 9
682 7
683 9
684 11
685 19
686 8
687 12
688 9
689 15
690 16
691 13
692 11
693 8
694 13
695 9
696 16
697 14
698 14
699 19
700 17
701 16
702 15
703 14
704 16
705 27
706 16
707 13
708 19
709 8
710 12
711 19
712 14
713 19
714 15
715 9
716 16
717 15
718 20
719 13
720 19
721 11
722 20
723 8
724 16
725 18
726 13
727 8
728 14
729 11
730 18
731 8
732 21
733 21
734 12
735 10
736 6
737 13
738 20
739 26
740 17
741 11
742 16
743 15
744 15
745 11
746 14
747 6
748 11
749 14
750 15
751 6
752 19
753 18
754 20
755 13
756 15
757 25
758 17
759 10
760 15
761 16
762 14
763 12
764 16
765 18
766 13
767 16
768 18
769 14
770 16
771 8
772 17
773 17
774 20
775 13
776 13
777 20
778 20
779 18
780 10
781 12
782 16
783 16
784 12
785 17
786 9
787 15
788 15
789 13
790 17
791 14
792 19
793 12
794 20
795 13
796 11
797 9
798 8
799 10
800 11
801 14
802 15
803 9
804 14
805 6
806 16
807 13
808 19
809 7
810 13
811 8
812 9
813 9
814 14
815 11
816 16
817 14
818 11
819 14
820 12
821 10
822 13
823 9
824 6
825 15
826 9
827 5
828 14
829 12
830 9
831 6
832 10
833 12
834 10
835 9
836 12
837 6
838 8
839 8
840 7
841 10
842 3
843 10
844 15
845 15
846 7
847 14
848 9
849 11
850 6
851 8
852 14
853 13
854 13
855 15
856 6
857 12
858 10
859 12
860 8
861 9
862 7
863 10
864 8
865 6
866 4
867 9
868 10
869 6
870 10
871 9
872 9
873 13
874 11
875 5
876 11
877 4
878 7
879 6
880 6
881 14
882 12
883 10
884 11
885 11
886 8
887 10
888 9
889 8
890 8
891 11
892 14
893 10
894 11
895 8
896 12
897 15
898 9
899 7
900 8
901 7
902 6
903 8
904 6
905 6
906 1
907 12
908 7
909 9
910 3
911 11
912 9
913 11
914 6
915 4
916 10
917 9
918 9
919 7
920 7
921 9
922 9
923 3
924 12
925 10
926 8
927 9
928 11
929 5
930 4
931 7
932 5
933 10
934 10
935 6
936 7
937 6
938 6
939 8
940 4
941 7
942 12
943 5
944 5
945 8
946 8
947 4
948 3
949 6
950 7
951 7
952 7
953 6
954 11
955 4
956 8
957 7
958 6
959 7
960 7
961 6
962 4
963 4
964 6
965 6
966 8
967 5
968 3
969 5
970 6
971 10
972 8
973 4
974 7
975 5
976 5
977 7
978 3
979 6
980 4
981 1
982 5
983 2
984 7
985 2
986 3
987 3
988 5
989 4
990 6
991 4
992 11
993 3
994 5
995 4
996 2
997 4
998 3
999 5
1000 4
1001 6
1002 3
1003 5
1004 2
1005 5
1006 7
1007 3
1008 5
1009 4
1010 7
1011 4
1012 2
1013 2
1014 2
1015 4
1016 1
1017 4
1018 4
1019 4
1020 4
1021 6
1022 4
1023 0
1024 6
1025 3
1026 4
1027 2
1028 9
1029 7
1030 5
1031 4
1032 7
1033 3
1034 4
1035 2
1036 3
1037 4
1038 1
1039 5
1040 2
1041 5
1042 3
1043 2
1044 2
1045 9
1046 5
1047 1
1048 3
1049 3
1050 2
1051 3
1052 4
1053 2
1054 3
1055 2
1056 5
1057 6
1058 1
1059 1
1060 1
1061 2
1062 1
1063 3
1064 5
1065 5
1066 2
1067 2
1068 3
1069 3
1070 2
1071 2
1072 2
1073 1
1074 3
1075 4
1076 4
1077 5
1078 3
1079 1
1080 2
1081 3
1082 3
1083 4
1084 4
1085 3
1086 3
1087 2
1088 4
1089 1
1090 3
1091 5
1092 3
1093 2
1094 3
1095 4
1096 4
1097 9
1098 4
1099 1
1100 7
1101 0
1102 0
1103 6
1104 3
1105 1
1106 1
1107 1
1108 3
1109 2
1110 3
1111 5
1112 2
1113 1
1114 1
1115 4
1116 2
1117 1
1118 1
1119 2
1120 1
1121 1
1122 3
1123 1
1124 1
1125 0
1126 2
1127 0
1128 3
1129 2
1130 1
1131 3
1132 3
1133 2
1134 2
1135 0
1136 1
1137 3
1138 1
1139 1
1140 7
1141 1
1142 4
1143 1
1144 1
1145 3
1146 2
1147 1
1148 3
1149 2
1150 0
1151 2
1152 3
1153 3
1154 0
1155 3
1156 2
1157 2
1158 2
1159 3
1160 7
1161 3
1162 2
1163 3
1164 2
1165 2
1166 2
1167 0
1168 1
1169 4
1170 1
1171 0
1172 0
1173 1
1174 0
1175 1
1176 3
1177 2
1178 0
1179 2
1180 1
1181 1
1182 2
1183 0
1184 2
1185 2
1186 0
1187 1
1188 2
1189 3
1190 1
1191 1
1192 1
1193 3
1194 0
1195 1
1196 2
1197 2
1198 2
1199 2
1200 2
1201 3
1202 1
1203 2
1204 2
1205 3
1206 0
1207 0
1208 2
1209 0
1210 0
1211 3
1212 1
1213 0
1214 3
1215 2
1216 2
1217 1
1218 1
1219 0
1220 3
1221 1
1222 3
1223 2
1224 0
1225 2
1226 2
1227 1
1228 1
1229 1
1230 2
1231 2
1232 0
1233 0
1234 1
1235 0
1236 0
1237 1
1238 2
1239 2
1240 1
1241 2
1242 2
1243 4
1244 2
1245 1
1246 4
1247 0
1248 2
1249 3
1250 0
1251 2
1252 3
1253 3
1254 2
1255 2
1256 2
1257 1
1258 1
1259 2
1260 2
1261 2
1262 1
1263 1
1264 2
1265 1
1266 1
1267 1
1268 3
1269 1
1270 2
1271 3
1272 0
1273 3
1274 3
1275 1
1276 2
1277 3
1278 1
1279 2
1280 3
1281 1
1282 1
1283 2
1284 2
1285 1
1286 0
1287 2
1288 0
1289 0
1290 1
1291 2
1292 1
1293 0
1294 1
1295 2
1296 1
1297 2
1298 7
1299 1
1300 0
1301 3
1302 0
1303 2
1304 1
1305 0
1306 1
1307 1
1308 1
1309 0
1310 2
1311 2
1312 2
1313 0
1314 1
1315 0
1316 0
1317 1
1318 1
1319 2
1320 0
1321 0
1322 1
1323 2
1324 1
1325 1
1326 0
1327 2
1328 3
1329 4
1330 3
1331 2
1332 0
1333 0
1334 2
1335 2
1336 2
1337 2
1338 0
1339 2
1340 0
1341 0
1342 1
1343 1
1344 1
1345 3
1346 0
1347 2
1348 1
1349 0
1350 0
1351 1
1352 1
1353 1
1354 0
1355 1
1356 1
1357 1
1358 2
1359 0
1360 0
1361 2
1362 1
1363 1
1364 1
1365 1
1366 1
1367 2
1368 3
1369 1
1370 0
1371 1
1372 1
1373 1
1374 1
1375 2
1376 0
1377 3
1378 0
1379 1
1380 0
1381 4
1382 1
1383 0
1384 2
1385 2
1386 0
1387 1
1388 0
1389 1
1390 2
1391 1
1392 4
1393 2
1394 3
1395 1
1396 3
1397 2
1398 1
1399 0
1400 1
1401 3
1402 2
1403 0
1404 0
1405 1
1406 0
1407 1
1408 3
1409 0
1410 0
1411 0
1412 3
1413 0
1414 1
1415 0
1416 1
1417 2
1418 1
1419 0
1420 2
1421 0
1422 0
1423 0
1424 0
1425 2
1426 0
1427 1
1428 0
1429 1
1430 1
1431 1
1432 0
1433 0
1434 0
1435 0
1436 2
1437 0
1438 0
1439 1
1440 0
1441 1
1442 0
1443 0
1444 1
1445 1
1446 2
1447 1
1448 2
1449 1
1450 0
1451 0
1452 1
1453 1
1454 0
1455 2
1456 1
1457 1
1458 1
1459 0
1460 2
1461 0
1462 0
1463 2
1464 1
1465 1
1466 0
1467 0
1468 0
1469 0
1470 0
1471 0
1472 0
1473 1
1474 1
1475 1
1476 0
1477 1
1478 0
1479 1
1480 0
1481 0
1482 0
1483 1
1484 1
1485 1
1486 1
1487 0
1488 2
1489 0
1490 0
1491 0
1492 2
1493 0
1494 0
1495 2
1496 0
1497 2
1498 2
1499 0
1500 2
1501 0
1502 0
1503 0
1504 1
1505 3
1506 2
1507 0
1508 2
1509 0
1510 2
1511 0
1512 1
1513 1
1514 0
1515 0
1516 1
1517 0
1518 2
1519 1
1520 1
1521 0
1522 0
1523 0
1524 0
1525 0
1526 1
1527 1
1528 1
1529 1
1530 0
1531 0
1532 0
1533 2
1534 0
1535 0
1536 0
1537 0
1538 0
1539 0
1540 0
1541 0
1542 0
1543 0
1544 1
1545 0
1546 0
1547 1
1548 3
1549 1
1550 0
1551 0
1552 3
1553 0
1554 0
1555 0
1556 0
1557 0
1558 1
1559 0
1560 0
1561 1
1562 0
1563 1
1564 0
1565 1
1566 1
1567 1
1568 1
1569 0
1570 0
1571 1
1572 1
1573 0
1574 2
1575 0
1576 1
1577 0
1578 1
1579 0
1580 0
1581 0
1582 1
1583 0
1584 0
1585 0
1586 2
1587 0
1588 2
1589 0
1590 3
1591 0
1592 0
1593 1
1594 0
1595 1
1596 0
1597 1
1598 0
1599 0
1600 2
1601 0
1602 2
1603 1
1604 1
1605 0
1606 1
1607 1
1608 0
1609 0
1610 0
1611 0
1612 1
1613 0
1614 0
1615 0
1616 0
1617 0
1618 0
1619 0
1620 1
1621 0
1622 0
1623 3
1624 1
1625 0
1626 0
1627 0
1628 0
1629 0
1630 0
1631 0
1632 2
1633 0
1634 1
1635 0
1636 0
1637 0
1638 2
1639 0
1640 0
1641 1
1642 0
1643 0
1644 0
1645 0
1646 0
1647 0
1648 1
1649 0
1650 0
1651 0
1652 0
1653 0
1654 1
1655 2
1656 0
1657 0
1658 0
1659 0
1660 0
1661 0
1662 0
1663 0
1664 0
1665 0
1666 0
1667 0
1668 3
1669 0
1670 0
1671 2
1672 0
1673 2
1674 1
1675 0
1676 0
1677 0
1678 0
1679 0
1680 1
1681 1
1682 0
1683 0
1684 2
1685 0
1686 1
1687 0
1688 0
1689 0
1690 0
1691 0
1692 0
1693 1
1694 0
1695 1
1696 0
1697 0
1698 0
1699 0
1700 0
1701 0
1702 0
1703 0
1704 0
1705 1
1706 0
1707 0
1708 0
1709 0
1710 1
1711 1
1712 0
1713 0
1714 0
1715 0
1716 1
1717 0
1718 0
1719 1
1720 0
1721 0
1722 0
1723 1
1724 0
1725 0
1726 0
1727 0
1728 0
1729 0
1730 0
1731 0
1732 0
1733 0
1734 1
1735 0
1736 1
1737 0
1738 0
1739 0
1740 0
1741 0
1742 0
1743 0
1744 1
1745 2
1746 0
1747 2
1748 0
1749 0
1750 0
1751 0
1752 0
1753 0
1754 1
1755 1
1756 1
1757 0
1758 0
1759 0
1760 0
1761 0
1762 0
1763 0
1764 1
1765 0
1766 1
1767 0
1768 0
1769 0
1770 1
1771 1
1772 0
1773 0
1774 0
1775 0
1776 0
1777 1
1778 0
1779 1
1780 0
1781 1
1782 0
1783 0
1784 1
1785 1
1786 1
1787 0
1788 0
1789 1
1790 0
1791 1
1792 0
1793 0
1794 1
1795 0
1796 0
1797 0
1798 0
1799 1
1800 0
1801 1
1802 0
1803 0
1804 0
1805 0
1806 1
1807 0
1808 1
1809 0
1810 1
1811 0
1812 0
1813 0
1814 0
1815 1
1816 1
1817 0
1818 0
1819 0
1820 0
1821 0
1822 0
1823 0
1824 2
1825 1
1826 0
1827 0
1828 0
1829 0
1830 0
1831 0
1832 0
1833 1
1834 0
1835 0
1836 0
1837 1
1838 0
1839 0
1840 0
1841 1
1842 0
1843 1
1844 0
1845 0
1846 1
1847 0
1848 0
1849 1
1850 0
1851 0
1852 1
1853 1
1854 1
1855 0
1856 2
1857 0
1858 0
1859 0
1860 2
1861 0
1862 0
1863 0
1864 2
1865 0
1866 0
1867 0
1868 0
1869 0
1870 0
1871 1
1872 0
1873 1
1874 0
1875 2
1876 1
1877 0
1878 1
1879 0
1880 0
1881 1
1882 1
1883 0
1884 0
1885 0
1886 1
1887 1
1888 0
1889 1
1890 2
1891 0
1892 0
1893 0
1894 0
1895 1
1896 0
1897 0
1898 0
1899 1
1900 1
1901 0
1902 1
1903 0
1904 1
1905 0
1906 0
1907 0
1908 0
1909 2
1910 0
1911 1
1912 1
1913 0
1914 1
1915 0
1916 2
1917 1
1918 1
1919 0
1920 0
1921 0
1922 1
1923 2
1924 1
1925 2
1926 1
1927 0
1928 1
1929 1
1930 3
1931 1
1932 1
1933 0
1934 1
1935 0
1936 0
1937 0
1938 0
1939 1
1940 2
1941 2
1942 1
1943 0
1944 1
1945 2
1946 4
1947 1
1948 0
1949 3
1950 1
1951 0
1952 0
1953 0
1954 1
1955 0
1956 1
1957 0
1958 3
1959 1
1960 4
1961 0
1962 1
1963 0
1964 1
1965 0
1966 1
1967 0
1968 2
1969 1
1970 1
1971 1
1972 0
1973 0
1974 1
1975 2
1976 2
1977 1
1978 1
1979 1
1980 1
1981 2
1982 1
1983 2
1984 1
1985 2
1986 1
1987 2
1988 2
1989 2
1990 1
1991 2
1992 0
1993 1
1994 0
1995 0
1996 1
1997 2
1998 0
1999 2
2000 1
2001 3
2002 1
2003 1
2004 3
2005 0
2006 4
2007 1
2008 2
2009 0
2010 2
2011 4
2012 0
2013 3
2014 1
2015 3
2016 2
2017 1
2018 4
2019 1
2020 1
2021 1
2022 4
2023 2
2024 3
2025 4
2026 3
2027 1
2028 1
2029 2
2030 2
2031 0
2032 1
2033 4
2034 3
2035 3
2036 2
2037 3
2038 2
2039 2
2040 1
2041 2
2042 2
2043 2
2044 3
2045 1
2046 7
2047 1
2048 7
2049 4
2050 4
2051 2
2052 1
2053 4
2054 5
2055 3
2056 6
2057 1
2058 2
2059 3
2060 6
2061 3
2062 5
2063 3
2064 6
2065 3
2066 5
2067 2
2068 7
2069 2
2070 2
2071 3
2072 7
2073 4
2074 4
2075 3
2076 3
2077 3
2078 9
2079 2
2080 5
2081 5
2082 7
2083 5
2084 5
2085 5
2086 5
2087 3
2088 4
2089 2
2090 8
2091 7
2092 4
2093 4
2094 8
2095 8
2096 6
2097 5
2098 5
2099 11
2100 4
2101 6
2102 7
2103 5
2104 7
2105 5
2106 3
2107 3
2108 2
2109 7
2110 4
2111 8
2112 9
2113 7
2114 7
2115 12
2116 5
2117 8
2118 9
2119 3
2120 6
2121 4
2122 2
2123 3
2124 5
2125 8
2126 7
2127 7
2128 11
2129 8
2130 9
2131 6
2132 4
2133 6
2134 6
2135 4
2136 7
2137 10
2138 14
2139 6
2140 9
2141 10
2142 11
2143 6
2144 12
2145 16
2146 13
2147 9
2148 5
2149 7
2150 11
2151 11
2152 9
2153 11
2154 4
2155 15
2156 18
2157 13
2158 10
2159 10
2160 10
2161 14
2162 19
2163 9
2164 4
2165 12
2166 8
2167 13
2168 10
2169 12
2170 12
2171 10
2172 10
2173 9
2174 17
2175 11
2176 14
2177 11
2178 11
2179 15
2180 10
2181 12
2182 9
2183 6
2184 9
2185 18
2186 12
2187 15
2188 6
2189 6
2190 18
2191 15
2192 10
2193 20
2194 21
2195 8
2196 18
2197 17
2198 22
2199 12
2200 19
2201 10
2202 11
2203 8
2204 12
2205 19
2206 20
2207 4
2208 23
2209 19
2210 21
2211 11
2212 12
2213 18
2214 16
2215 18
2216 14
2217 18
2218 21
2219 22
2220 25
2221 14
2222 19
2223 26
2224 14
2225 20
2226 21
2227 14
2228 17
2229 14
2230 16
2231 5
2232 29
2233 29
2234 14
2235 14
2236 16
2237 19
2238 17
2239 11
2240 27
2241 23
2242 17
2243 16
2244 23
2245 27
2246 16
2247 20
2248 29
2249 20
2250 21
2251 27
2252 19
2253 19
2254 23
2255 18
2256 24
2257 30
2258 17
2259 18
2260 18
2261 31
2262 24
2263 20
2264 29
2265 22
2266 21
2267 14
2268 35
2269 24
2270 28
2271 25
2272 30
2273 19
2274 22
2275 21
2276 32
2277 27
2278 25
2279 25
2280 34
2281 24
2282 27
2283 26
2284 36
2285 31
2286 27
2287 16
2288 31
2289 29
2290 32
2291 26
2292 23
2293 34
2294 31
2295 27
2296 36
2297 26
2298 29
2299 29
2300 32
2301 31
2302 24
2303 27
2304 44
2305 37
2306 28
2307 33
2308 37
2309 42
2310 43
2311 32
2312 45
2313 35
2314 28
2315 29
2316 44
2317 35
2318 31
2319 30
2320 39
2321 35
2322 45
2323 26
2324 41
2325 42
2326 30
2327 34
2328 37
2329 34
2330 56
2331 34
2332 37
2333 44
2334 48
2335 21
2336 41
2337 41
2338 35
2339 30
2340 49
2341 35
2342 42
2343 35
2344 42
2345 34
2346 35
2347 44
2348 34
2349 36
2350 46
2351 51
2352 55
2353 41
2354 42
2355 40
2356 42
2357 45
2358 48
2359 39
2360 46
2361 41
2362 47
2363 45
2364 55
2365 41
2366 36
2367 22
2368 52
2369 50
2370 49
2371 38
2372 58
2373 49
2374 46
2375 33
2376 45
2377 50
2378 32
2379 33
2380 51
2381 44
2382 57
2383 55
2384 45
2385 47
2386 52
2387 35
2388 47
2389 57
2390 50
2391 56
2392 56
2393 49
2394 49
2395 34
2396 64
2397 57
2398 50
2399 46
2400 46
2401 47
2402 52
2403 36
2404 56
2405 53
2406 56
2407 66
2408 55
2409 48
2410 65
2411 59
2412 50
2413 47
2414 56
2415 57
2416 63
2417 54
2418 51
2419 32
2420 67
2421 82
2422 50
2423 57
2424 56
2425 47
2426 60
2427 42
2428 66
2429 63
2430 51
2431 40
2432 65
2433 75
2434 64
2435 43
2436 59
2437 64
2438 47
2439 52
2440 65
2441 61
2442 64
2443 55
2444 60
2445 65
2446 56
2447 62
2448 74
2449 66
2450 46
2451 58
2452 51
2453 72
2454 53
2455 57
2456 62
2457 49
2458 63
2459 62
2460 68
2461 62
2462 71
2463 34
2464 79
2465 61
2466 77
2467 44
2468 76
2469 82
2470 59
2471 47
2472 67
2473 82
2474 62
2475 56
2476 65
2477 51
2478 66
2479 66
2480 77
2481 82
2482 66
2483 60
2484 74
2485 78
2486 76
2487 64
2488 71
2489 78
2490 69
2491 57
2492 65
2493 69
2494 56
2495 35
2496 89
2497 66
2498 72
2499 62
2500 72
2501 83
2502 62
2503 62
2504 79
2505 59
2506 65
2507 52
2508 77
2509 62
2510 46
2511 63
2512 62
2513 60
2514 76
2515 44
2516 72
2517 78
2518 63
2519 72
2520 69
2521 67
2522 73
2523 48
2524 93
2525 73
2526 67
2527 40
2528 76
2529 84
2530 68
2531 55
2532 75
2533 61
2534 67
2535 65
2536 73
2537 73
2538 85
2539 64
2540 91
2541 86
2542 79
2543 53
2544 84
2545 71
2546 81
2547 52
2548 74
2549 70
2550 56
2551 70
2552 86
2553 77
2554 81
2555 80
2556 88
2557 79
2558 73
2559 22
2560 104
2561 83
2562 69
2563 66
2564 93
2565 78
2566 52
2567 63
2568 88
2569 82
2570 64
2571 62
2572 72
2573 80
2574 73
2575 54
2576 72
2577 80
2578 88
2579 58
2580 73
2581 72
2582 77
2583 82
2584 75
2585 86
2586 52
2587 77
2588 76
2589 77
2590 74
2591 47
2592 82
2593 68
2594 79
2595 69
2596 84
2597 95
2598 60
2599 60
2600 71
2601 74
2602 85
2603 85
2604 73
2605 79
2606 66
2607 69
2608 74
2609 78
2610 66
2611 72
2612 70
2613 88
2614 63
2615 74
2616 60
2617 73
2618 69
2619 57
2620 63
2621 70
2622 73
2623 50
2624 77
2625 77
2626 59
2627 68
2628 65
2629 81
2630 59
2631 56
2632 65
2633 76
2634 70
2635 52
2636 83
2637 79
2638 54
2639 58
2640 78
2641 70
2642 71
2643 58
2644 77
2645 79
2646 54
2647 74
2648 78
2649 80
2650 58
2651 74
2652 92
2653 66
2654 64
2655 46
2656 67
2657 79
2658 76
2659 63
2660 76
2661 82
2662 67
2663 57
2664 64
2665 83
2666 71
2667 62
2668 69
2669 82
2670 68
2671 68
2672 69
2673 73
2674 63
2675 54
2676 81
2677 87
2678 61
2679 54
2680 63
2681 61
2682 67
2683 46
2684 70
2685 76
2686 61
2687 58
2688 78
2689 73
2690 69
2691 59
2692 62
2693 79
2694 69
2695 59
2696 54
2697 63
2698 70
2699 61
2700 69
2701 76
2702 67
2703 62
2704 69
2705 52
2706 55
2707 50
2708 74
2709 77
2710 59
2711 59
2712 59
2713 59
2714 79
2715 59
2716 53
2717 69
2718 61
2719 36
2720 82
2721 53
2722 71
2723 49
2724 75
2725 49
2726 69
2727 53
2728 54
2729 60
2730 70
2731 41
2732 74
2733 58
2734 53
2735 71
2736 63
2737 65
2738 54
2739 37
2740 64
2741 73
2742 70
2743 46
2744 53
2745 54
2746 55
2747 55
2748 70
2749 65
2750 52
2751 45
2752 55
2753 42
2754 62
2755 47
2756 58
2757 54
2758 44
2759 55
2760 55
2761 46
2762 62
2763 51
2764 52
2765 50
2766 52
2767 40
2768 50
2769 50
2770 63
2771 44
2772 46
2773 58
2774 56
2775 42
2776 49
2777 44
2778 59
2779 37
2780 47
2781 52
2782 61
2783 28
2784 52
2785 41
2786 48
2787 47
2788 46
2789 43
2790 60
2791 57
2792 41
2793 36
2794 47
2795 41
2796 57
2797 62
2798 47
2799 48
2800 61
2801 41
2802 41
2803 49
2804 35
2805 53
2806 46
2807 72
2808 41
2809 43
2810 40
2811 34
2812 46
2813 35
2814 46
2815 25
2816 53
2817 40
2818 51
2819 42
2820 40
2821 39
2822 49
2823 39
2824 42
2825 39
2826 33
2827 30
2828 52
2829 36
2830 37
2831 43
2832 39
2833 50
2834 43
2835 43
2836 46
2837 43
2838 32
2839 43
2840 42
2841 32
2842 44
2843 41
2844 38
2845 47
2846 30
2847 19
2848 37
2849 44
2850 31
2851 31
2852 42
2853 34
2854 34
2855 24
2856 41
2857 32
2858 34
2859 34
2860 32
2861 43
2862 32
2863 41
2864 32
2865 35
2866 28
2867 25
2868 28
2869 35
2870 32
2871 25
2872 48
2873 28
2874 38
2875 41
2876 36
2877 33
2878 34
2879 16
2880 40
2881 30
2882 38
2883 25
2884 38
2885 36
2886 33
2887 34
2888 48
2889 23
2890 38
2891 33
2892 26
2893 27
2894 27
2895 24
2896 28
2897 36
2898 25
2899 25
2900 29
2901 38
2902 24
2903 22
2904 33
2905 29
2906 26
2907 31
2908 35
2909 30
2910 27
2911 16
2912 45
2913 29
2914 20
2915 21
2916 28
2917 30
2918 23
2919 24
2920 23
2921 21
2922 38
2923 13
2924 25
2925 23
2926 24
2927 22
2928 34
2929 29
2930 27
2931 24
2932 13
2933 37
2934 25
2935 21
2936 27
2937 22
2938 23
2939 24
2940 23
2941 28
2942 22
2943 9
2944 37
2945 26
2946 25
2947 22
2948 15
2949 19
2950 18
2951 13
2952 33
2953 19
2954 23
2955 22
2956 28
2957 20
2958 15
2959 18
2960 12
2961 18
2962 21
2963 11
2964 15
2965 18
2966 16
2967 13
2968 31
2969 21
2970 19
2971 19
2972 19
2973 24
2974 23
2975 9
2976 25
2977 16
2978 14
2979 14
2980 19
2981 16
2982 17
2983 17
2984 13
2985 14
2986 11
2987 13
2988 19
2989 20
2990 13
2991 16
2992 21
2993 23
2994 19
2995 15
2996 17
2997 18
2998 17
2999 11
3000 19
3001 16
3002 12
3003 11
3004 14
3005 17
3006 7
3007 3
3008 27
3009 15
3010 20
3011 17
3012 15
3013 11
3014 13
3015 13
3016 13
3017 18
3018 13
3019 7
3020 9
3021 9
3022 9
3023 13
3024 25
3025 15
3026 8
3027 6
3028 5
3029 19
3030 10
3031 14
3032 12
3033 12
3034 12
3035 7
3036 8
3037 12
3038 7
3039 7
3040 13
3041 10
3042 16
3043 8
3044 15
3045 13
3046 3
3047 9
3048 6
3049 13
3050 6
3051 12
3052 6
3053 17
3054 9
3055 13
3056 13
3057 9
3058 9
3059 12
3060 8
3061 11
3062 8
3063 15
3064 13
3065 15
3066 7
3067 7
3068 7
3069 8
3070 5
3071 1
3072 12
3073 9
3074 4
3075 7
3076 10
3077 8
3078 9
3079 5
3080 9
3081 4
3082 8
3083 7
3084 3
3085 9
3086 8
3087 5
3088 9
3089 7
3090 5
3091 7
3092 5
3093 8
3094 7
3095 7
3096 10
3097 5
3098 5
3099 8
3100 9
3101 16
3102 6
3103 2
3104 10
3105 8
3106 3
3107 5
3108 2
3109 4
3110 7
3111 4
3112 6
3113 8
3114 4
3115 6
3116 11
3117 3
3118 6
3119 2
3120 4
3121 2
3122 6
3123 6
3124 5
3125 7
3126 4
3127 9
3128 6
3129 7
3130 5
3131 0
3132 2
3133 9
3134 4
3135 0
3136 8
3137 1
3138 2
3139 3
3140 7
3141 3
3142 7
3143 2
3144 5
3145 3
3146 5
3147 3
3148 8
3149 2
3150 7
3151 6
3152 4
3153 1
3154 4
3155 2
3156 2
3157 5
3158 3
3159 2
3160 6
3161 5
3162 9
3163 2
3164 4
3165 4
3166 5
3167 6
3168 3
3169 0
3170 3
3171 1
3172 3
3173 7
3174 3
3175 0
3176 7
3177 3
3178 5
3179 3
3180 4
3181 4
3182 6
3183 4
3184 4
3185 3
3186 3
3187 6
3188 4
3189 2
3190 3
3191 3
3192 3
3193 2
3194 3
3195 3
3196 2
3197 1
3198 0
3199 0
3200 2
3201 4
3202 3
3203 1
3204 2
3205 0
3206 0
3207 2
3208 2
3209 2
3210 2
3211 2
3212 2
3213 5
3214 2
3215 1
3216 0
3217 0
3218 3
3219 2
3220 2
3221 2
3222 3
3223 1
3224 2
3225 1
3226 5
3227 0
3228 6
3229 2
3230 2
3231 2
3232 3
3233 0
3234 4
3235 0
3236 0
3237 7
3238 2
3239 2
3240 3
3241 2
3242 0
3243 0
3244 0
3245 2
3246 0
3247 0
3248 2
3249 5
3250 3
3251 0
3252 4
3253 5
3254 2
3255 2
3256 0
3257 1
3258 2
3259 0
3260 0
3261 3
3262 1
3263 1
3264 7
3265 3
3266 0
3267 1
3268 3
3269 1
3270 3
3271 2
3272 2
3273 1
3274 3
3275 2
3276 0
3277 2
3278 0
3279 1
3280 1
3281 2
3282 0
3283 1
3284 0
3285 2
3286 0
3287 0
3288 1
3289 2
3290 0
3291 1
3292 1
3293 0
3294 0
3295 2
3296 1
3297 0
3298 0
3299 1
3300 0
3301 2
3302 1
3303 1
3304 1
3305 2
3306 1
3307 0
3308 1
3309 0
3310 1
3311 1
3312 1
3313 0
3314 1
3315 1
3316 0
3317 2
3318 1
3319 0
3320 1
3321 1
3322 0
3323 1
3324 1
3325 0
3326 0
3327 0
3328 1
3329 1
3330 0
3331 3
3332 0
3333 0
3334 1
3335 0
3336 2
3337 1
3338 0
3339 0
3340 0
3341 0
3342 0
3343 0
3344 1
3345 0
3346 1
3347 0
3348 0
3349 1
3350 2
3351 1
3352 1
3353 1
3354 2
3355 2
3356 2
3357 1
3358 3
3359 1
3360 0
3361 1
3362 1
3363 0
3364 0
3365 0
3366 0
3367 1
3368 1
3369 1
3370 1
3371 0
3372 0
3373 0
3374 0
3375 0
3376 1
3377 0
3378 0
3379 1
3380 1
3381 0
3382 0
3383 0
3384 0
3385 0
3386 0
3387 1
3388 0
3389 0
3390 0
3391 0
3392 1
3393 0
3394 0
3395 0
3396 0
3397 0
3398 0
3399 0
3400 0
3401 0
3402 0
3403 2
3404 0
3405 1
3406 0
3407 1
3408 3
3409 0
3410 0
3411 0
3412 0
3413 0
3414 0
3415 0
3416 1
3417 0
3418 1
3419 0
3420 1
3421 1
3422 0
3423 0
3424 0
3425 0
3426 0
3427 0
3428 0
3429 0
3430 0
3431 0
3432 0
3433 0
3434 0
3435 0
3436 0
3437 0
3438 0
3439 0
3440 1
3441 1
3442 1
3443 1
3444 0
3445 0
3446 0
3447 1
3448 0
3449 0
3450 0
3451 0
3452 1
3453 1
3454 0
3455 0
3456 0
3457 1
3458 0
3459 0
3460 1
3461 1
3462 1
3463 0
3464 0
3465 0
3466 0
3467 0
3468 0
3469 0
3470 0
3471 0
3472 0
3473 0
3474 0
3475 0
3476 0
3477 0
3478 0
3479 0
3480 0
3481 0
3482 0
3483 1
3484 0
3504 0
3505 1
3506 0
3507 0
3508 0
3509 0
3510 0
3511 0
3512 1
3513 0
3514 0
3515 0
3516 0
3517 0
3518 0
3519 0
3520 0
3521 0
3522 0
3523 0
3524 0
3525 1
3526 0
3527 0
3528 0
3529 0
3530 0
3531 0
3532 0
3533 0
3534 1
3535 0
3536 0
3537 0
3538 0
3539 0
3540 0
3541 1
3542 0
3568 0
3569 1
3570 0
3571 0
3572 0
3573 0
3574 0
3575 0
3576 1
3577 0
3578 0
3579 0
3580 1
3581 0
3582 0
3583 0
3584 0
3585 0
3586 0
3587 0
3588 0
3589 0
3590 0
3591 0
3592 0
3593 0
3594 0
3595 0
3596 0
3597 0
3598 0
3599 0
3600 1
3601 0
3656 0
3657 1
3658 0
3695 0
3696 1
3697 0
3845 0
3846 1
3847 0
4009 0
4010 1
4011 0
4094 0
4095 13
OK
