Histogram of ADC2:
8 0
9 3
10 17
11 1
12 0
13 0
14 0
15 0
16 0
17 0
18 0
19 0
20 0
21 0
22 0
23 1
24 33
25 158
26 365
27 364
28 340
29 374
30 316
31 235
32 233
33 226
34 230
35 181
36 170
37 138
38 116
39 99
40 107
41 64
42 73
43 65
44 44
45 52
46 32
47 36
48 38
49 41
50 40
51 35
52 30
53 21
54 32
55 29
56 20
57 14
58 15
59 18
60 17
61 10
62 13
63 15
64 11
65 9
66 8
67 12
68 4
69 6
70 6
71 13
72 6
73 13
74 10
75 18
76 18
77 27
78 32
79 34
80 63
81 74
82 109
83 133
84 183
85 216
86 297
87 326
88 438
89 519
90 627
91 748
92 890
93 1021
94 1135
95 1077
96 1361
97 1466
98 1611
99 1660
100 1754
101 1779
102 1839
103 1842
104 1813
105 1708
106 1717
107 1670
108 1550
109 1441
110 1251
111 1181
112 1111
113 924
114 869
115 757
116 626
117 552
118 458
119 368
120 315
121 243
122 209
123 171
124 127
125 111
126 83
127 53
128 52
129 56
130 36
131 18
132 20
133 12
134 11
135 9
136 7
137 2
138 7
139 0
140 3
141 2
142 1
143 2
144 1
145 0
146 1
147 1
148 0
149 0
150 0
151 1
152 0
153 0
154 0
155 0
156 0
157 1
158 0
159 0
160 0
161 0
162 0
163 0
164 1
165 0
166 0
167 0
168 0
169 0
170 1
171 0
172 0
173 0
174 0
175 0
176 0
177 0
178 0
179 1
180 0
181 0
182 0
183 1
184 0
185 0
186 0
187 0
188 0
189 0
190 1
191 0
192 0
193 0
194 0
195 0
196 0
197 0
198 0
199 1
200 0
230 0
231 1
232 0
233 0
234 0
235 0
236 0
237 0
238 0
239 0
240 0
241 0
242 0
243 0
244 0
245 0
246 0
247 0
248 0
249 0
250 1
251 0
252 0
253 0
254 0
255 0
256 0
257 0
258 0
259 0
260 0
261 0
262 0
263 0
264 1
265 0
266 0
267 1
268 0
302 0
303 1
304 0
333 0
334 1
335 0
336 0
337 0
338 0
339 0
340 0
341 0
342 0
343 0
344 0
345 0
346 0
347 0
348 0
349 1
350 0
395 0
396 1
397 0
2061 0
2062 1
2063 0
OK
