Histogram of ADC2:
9 0
10 1
11 2
12 7
13 6
14 3
15 1
16 0
17 0
18 0
19 0
20 0
21 0
22 0
23 0
24 0
25 0
26 0
27 0
28 1
29 0
30 3
31 4
32 1
33 2
34 0
2063 0
2064 1
2065 0
3719 0
3720 1
3721 0
3722 0
3723 1
3724 2
3725 2
3726 4
3727 3
3728 8
3729 15
3730 18
3731 28
3732 21
3733 37
3734 52
3735 39
3736 85
3737 85
3738 118
3739 115
3740 157
3741 148
3742 234
3743 138
3744 344
3745 256
3746 340
3747 302
3748 367
3749 349
3750 459
3751 346
3752 548
3753 394
3754 617
3755 549
3756 555
3757 520
3758 646
3759 443
3760 713
3761 542
3762 638
3763 527
3764 618
3765 569
3766 691
3767 541
3768 712
3769 489
3770 658
3771 651
3772 612
3773 571
3774 680
3775 354
3776 815
3777 539
3778 628
3779 560
3780 573
3781 554
3782 651
3783 515
3784 696
3785 480
3786 649
3787 566
3788 619
3789 553
3790 729
3791 355
3792 778
3793 539
3794 606
3795 570
3796 609
3797 587
3798 645
3799 499
3800 624
3801 468
3802 601
3803 503
3804 506
3805 492
3806 557
3807 315
3808 580
3809 396
3810 416
3811 337
3812 353
3813 309
3814 388
3815 198
3816 296
3817 184
3818 226
3819 172
3820 121
3821 115
3822 128
3823 71
3824 110
3825 49
3826 65
3827 44
3828 33
3829 26
3830 22
3831 13
3832 16
3833 8
3834 10
3835 7
3836 1
3837 2
3838 4
3839 1
3840 2
3841 0
3842 1
3843 0
3844 0
3845 1
3846 1
3847 0
3848 0
3849 0
3850 0
3851 0
3852 1
3853 0
OK
