Histogram of ADC12:
9 0
10 1
11 19
12 5
13 6
14 0
792 0
793 2
794 3
795 7
796 9
797 16
798 43
799 50
800 99
801 124
802 218
803 280
804 397
805 538
806 659
807 771
808 1027
809 1240
810 1465
811 1617
812 1721
813 1939
814 2034
815 2054
816 2158
817 2194
818 2259
819 2147
820 2052
821 2098
822 1913
823 1698
824 1528
825 1385
826 1195
827 1034
828 791
829 602
830 478
831 355
832 305
833 170
834 128
835 77
836 46
837 33
838 20
839 10
840 4
841 2
842 2
843 1
844 0
845 1
846 1
847 0
2058 0
2059 1
2060 0
OK
