Histogram of ADC0:
330 0
331 1
332 0
333 0
334 0
335 0
336 0
337 0
338 0
339 0
340 0
341 0
342 0
343 0
344 0
345 0
346 0
347 1
348 0
349 0
350 0
351 0
352 0
353 0
354 0
355 0
356 0
357 0
358 0
359 0
360 0
361 0
362 0
363 1
364 0
365 0
366 0
367 0
368 0
369 1
370 1
371 1
372 0
373 0
374 1
375 0
376 2
377 0
378 0
379 0
380 0
381 0
382 0
383 0
384 1
385 1
386 0
387 1
388 0
389 0
390 0
391 1
392 0
393 0
394 1
395 0
396 0
397 0
398 0
399 0
400 0
401 0
402 0
403 0
404 0
405 0
406 0
407 0
408 1
409 0
410 0
411 0
412 0
413 0
414 1
415 0
416 0
417 0
418 1
419 1
420 0
421 0
422 1
423 0
424 0
425 0
426 0
427 0
428 0
429 0
430 0
431 0
432 0
433 0
434 0
435 0
436 1
437 0
760 0
761 1
762 0
790 0
791 1
792 0
793 0
794 0
795 0
796 0
797 0
798 0
799 0
800 0
801 0
802 0
803 1
804 0
805 0
806 0
807 0
808 0
809 0
810 0
811 0
812 0
813 0
814 0
815 0
816 0
817 0
818 1
819 0
820 0
821 0
822 0
823 0
824 0
825 0
826 0
827 0
828 0
829 1
830 1
831 1
832 0
833 0
834 0
835 1
836 0
837 0
838 0
839 0
840 0
841 0
842 0
843 0
844 0
845 0
846 0
847 0
848 0
849 0
850 0
851 0
852 0
853 0
854 1
855 0
875 0
876 1
877 0
878 0
879 0
880 0
881 0
882 0
883 0
884 1
885 0
2063 0
2064 1
2065 0
4094 0
4095 41000
OK
