Histogram of ADC2:
8 0
9 1
10 17
11 3
12 0
13 0
14 0
15 0
16 0
17 0
18 0
19 0
20 0
21 0
22 0
23 0
24 17
25 148
26 298
27 352
28 350
29 332
30 279
31 241
32 229
33 196
34 175
35 133
36 105
37 79
38 101
39 85
40 72
41 74
42 53
43 58
44 36
45 24
46 41
47 33
48 34
49 33
50 26
51 27
52 20
53 20
54 12
55 10
56 10
57 16
58 20
59 12
60 18
61 8
62 13
63 13
64 9
65 10
66 9
67 8
68 8
69 8
70 9
71 11
72 7
73 5
74 7
75 5
76 4
77 4
78 12
79 2
80 1
81 2
82 1
83 3
84 4
85 1
86 2
87 2
88 3
89 3
90 4
91 2
92 0
93 4
94 3
95 1
96 1
97 1
98 1
99 2
100 0
101 0
102 4
103 0
104 2
105 3
106 2
107 0
108 3
109 1
110 0
111 2
112 1
113 0
114 0
115 0
116 0
117 1
118 2
119 0
120 0
121 1
122 0
123 0
124 0
125 0
126 0
127 0
128 0
129 1
130 0
131 0
132 0
133 0
134 0
135 0
136 1
137 0
138 0
139 1
140 0
141 0
142 0
143 0
144 0
145 1
146 0
147 0
148 0
149 0
150 1
151 0
152 0
153 1
154 0
155 1
156 0
157 0
158 1
159 0
160 0
161 0
162 0
163 0
164 0
165 0
166 0
167 0
168 0
169 0
170 1
171 0
237 0
238 1
239 1
240 0
269 0
270 1
271 0
272 0
273 0
274 0
275 0
276 0
277 0
278 0
279 0
280 0
281 0
282 0
283 0
284 0
285 0
286 1
287 0
288 0
289 0
290 0
291 1
292 0
396 0
397 1
398 0
544 0
545 1
546 0
704 0
705 1
706 0
2061 0
2062 1
2063 0
2562 0
2563 1
2564 0
2565 0
2566 0
2567 0
2568 0
2569 0
2570 0
2571 0
2572 0
2573 0
2574 0
2575 0
2576 0
2577 0
2578 1
2579 0
2580 0
2581 0
2582 0
2583 0
2584 0
2585 0
2586 0
2587 0
2588 0
2589 0
2590 0
2591 0
2592 0
2593 1
2594 0
2595 0
2596 0
2597 0
2598 0
2599 0
2600 0
2601 0
2602 0
2603 0
2604 1
2605 0
2606 1
2607 0
2608 0
2609 0
2610 0
2611 0
2612 0
2613 0
2614 0
2615 0
2616 1
2617 0
2618 0
2619 0
2620 1
2621 1
2622 0
2623 1
2624 1
2625 0
2626 2
2627 2
2628 0
2629 0
2630 3
2631 0
2632 3
2633 0
2634 2
2635 1
2636 1
2637 2
2638 0
2639 1
2640 3
2641 2
2642 2
2643 1
2644 3
2645 5
2646 5
2647 3
2648 3
2649 3
2650 4
2651 3
2652 2
2653 4
2654 1
2655 4
2656 2
2657 1
2658 0
2659 2
2660 3
2661 4
2662 7
2663 3
2664 7
2665 5
2666 4
2667 5
2668 8
2669 9
2670 5
2671 6
2672 4
2673 5
2674 9
2675 8
2676 9
2677 7
2678 11
2679 3
2680 8
2681 8
2682 7
2683 12
2684 10
2685 7
2686 10
2687 3
2688 10
2689 21
2690 8
2691 9
2692 13
2693 16
2694 24
2695 10
2696 14
2697 15
2698 13
2699 17
2700 16
2701 13
2702 21
2703 24
2704 21
2705 19
2706 19
2707 8
2708 27
2709 23
2710 21
2711 18
2712 36
2713 15
2714 27
2715 21
2716 26
2717 30
2718 36
2719 22
2720 41
2721 37
2722 37
2723 28
2724 38
2725 30
2726 33
2727 31
2728 56
2729 25
2730 41
2731 37
2732 47
2733 34
2734 41
2735 40
2736 44
2737 34
2738 46
2739 44
2740 46
2741 59
2742 49
2743 49
2744 74
2745 45
2746 62
2747 38
2748 60
2749 47
2750 67
2751 36
2752 86
2753 52
2754 70
2755 61
2756 66
2757 68
2758 60
2759 59
2760 64
2761 55
2762 87
2763 71
2764 100
2765 61
2766 76
2767 48
2768 95
2769 72
2770 92
2771 85
2772 91
2773 77
2774 94
2775 75
2776 101
2777 95
2778 104
2779 82
2780 79
2781 91
2782 117
2783 55
2784 120
2785 96
2786 107
2787 95
2788 102
2789 105
2790 114
2791 99
2792 135
2793 88
2794 133
2795 110
2796 111
2797 113
2798 116
2799 101
2800 161
2801 120
2802 129
2803 114
2804 134
2805 120
2806 124
2807 92
2808 138
2809 117
2810 139
2811 144
2812 133
2813 139
2814 155
2815 50
2816 204
2817 116
2818 133
2819 142
2820 145
2821 138
2822 144
2823 121
2824 170
2825 130
2826 161
2827 144
2828 121
2829 163
2830 177
2831 119
2832 165
2833 164
2834 151
2835 150
2836 159
2837 165
2838 153
2839 129
2840 168
2841 155
2842 187
2843 152
2844 149
2845 130
2846 140
2847 100
2848 201
2849 120
2850 192
2851 151
2852 170
2853 154
2854 163
2855 136
2856 210
2857 129
2858 170
2859 154
2860 162
2861 142
2862 168
2863 122
2864 203
2865 181
2866 185
2867 150
2868 161
2869 176
2870 162
2871 161
2872 175
2873 126
2874 178
2875 157
2876 162
2877 167
2878 156
2879 114
2880 214
2881 164
2882 167
2883 169
2884 184
2885 164
2886 187
2887 146
2888 189
2889 135
2890 175
2891 166
2892 146
2893 179
2894 178
2895 114
2896 230
2897 163
2898 181
2899 158
2900 160
2901 160
2902 179
2903 117
2904 212
2905 139
2906 194
2907 161
2908 162
2909 170
2910 178
2911 103
2912 200
2913 147
2914 176
2915 149
2916 151
2917 150
2918 180
2919 128
2920 196
2921 148
2922 189
2923 160
2924 151
2925 158
2926 169
2927 137
2928 195
2929 150
2930 163
2931 171
2932 155
2933 160
2934 177
2935 143
2936 178
2937 145
2938 166
2939 155
2940 163
2941 133
2942 168
2943 70
2944 272
2945 126
2946 163
2947 155
2948 172
2949 110
2950 179
2951 139
2952 158
2953 136
2954 164
2955 151
2956 160
2957 123
2958 161
2959 108
2960 185
2961 141
2962 133
2963 130
2964 124
2965 138
2966 119
2967 133
2968 130
2969 114
2970 154
2971 139
2972 113
2973 136
2974 134
2975 78
2976 156
2977 106
2978 149
2979 118
2980 121
2981 85
2982 134
2983 101
2984 141
2985 95
2986 121
2987 116
2988 122
2989 115
2990 141
2991 84
2992 127
2993 102
2994 106
2995 87
2996 101
2997 86
2998 114
2999 78
3000 106
3001 88
3002 105
3003 76
3004 99
3005 79
3006 103
3007 45
3008 132
3009 84
3010 95
3011 67
3012 93
3013 67
3014 93
3015 73
3016 73
3017 67
3018 74
3019 69
3020 71
3021 60
3022 81
3023 45
3024 82
3025 62
3026 72
3027 61
3028 63
3029 59
3030 63
3031 50
3032 66
3033 67
3034 69
3035 44
3036 51
3037 47
3038 66
3039 29
3040 69
3041 59
3042 46
3043 53
3044 40
3045 43
3046 45
3047 39
3048 41
3049 46
3050 45
3051 47
3052 31
3053 34
3054 38
3055 24
3056 43
3057 32
3058 33
3059 27
3060 33
3061 28
3062 33
3063 29
3064 26
3065 22
3066 26
3067 27
3068 29
3069 20
3070 37
3071 7
3072 35
3073 16
3074 35
3075 13
3076 19
3077 15
3078 19
3079 14
3080 19
3081 12
3082 21
3083 16
3084 22
3085 9
3086 16
3087 13
3088 15
3089 17
3090 15
3091 8
3092 19
3093 12
3094 13
3095 5
3096 9
3097 9
3098 1
3099 4
3100 8
3101 6
3102 10
3103 4
3104 12
3105 3
3106 9
3107 8
3108 5
3109 5
3110 6
3111 7
3112 3
3113 6
3114 6
3115 7
3116 3
3117 6
3118 5
3119 2
3120 6
3121 2
3122 3
3123 2
3124 3
3125 2
3126 3
3127 0
3128 5
3129 3
3130 3
3131 0
3132 3
3133 1
3134 4
3135 0
3136 5
3137 1
3138 3
3139 2
3140 4
3141 2
3142 1
3143 2
3144 1
3145 1
3146 3
3147 0
3148 4
3149 1
3150 2
3151 0
3152 2
3153 1
3154 0
3155 4
3156 2
3157 3
3158 0
3159 0
3160 0
3161 0
3162 0
3163 1
3164 0
3165 1
3166 0
3167 0
3168 0
3169 1
3170 1
3171 1
3172 0
3173 1
3174 0
3175 0
3176 0
3177 1
3178 0
3179 0
3180 1
3181 0
3182 0
3183 0
3184 1
3185 0
3228 0
3229 1
3230 0
OK
