Histogram of ADC12:
12 0
13 21
14 1450
15 1811
16 408
17 160
18 83
19 35
20 17
21 16
22 4
23 2
24 2
25 4
26 1
27 0
28 0
29 0
30 0
31 1
32 1
33 0
34 1
35 0
36 2
37 0
38 0
39 0
40 0
41 0
42 0
43 0
44 1
45 0
46 0
47 0
48 0
49 0
50 0
51 0
52 0
53 0
54 0
55 0
56 0
57 1
58 0
59 0
60 0
61 0
62 0
63 0
64 0
65 0
66 0
67 0
68 0
69 0
70 1
71 0
224 0
225 1
226 0
227 1
228 2
229 1
230 5
231 15
232 30
233 33
234 67
235 89
236 146
237 200
238 315
239 417
240 545
241 645
242 809
243 963
244 1212
245 1360
246 1480
247 1665
248 1753
249 1803
250 1864
251 1919
252 1920
253 1951
254 1932
255 2069
256 1909
257 1826
258 1808
259 1584
260 1503
261 1360
262 1163
263 1022
264 839
265 690
266 562
267 411
268 310
269 214
270 156
271 84
272 66
273 32
274 24
275 18
276 12
277 6
278 2
279 1
280 0
281 0
282 0
283 1
284 0
2057 0
2058 1
2059 0
OK
