Histogram of ADC0:
299 0
300 2
301 0
302 0
303 1
304 1
305 0
306 2
307 1
308 2
309 0
310 1
311 0
312 1
313 2
314 0
315 1
316 0
317 0
318 0
319 0
320 1
321 1
322 0
323 1
324 0
325 0
326 0
327 1
328 0
329 0
330 0
331 1
332 0
333 1
334 0
335 0
336 0
337 0
338 0
339 0
340 0
341 1
342 0
642 0
643 1
644 0
645 1
646 1
647 1
648 0
649 0
650 1
651 0
652 0
653 0
654 1
655 1
656 2
657 0
658 3
659 3
660 4
661 3
662 2
663 1
664 4
665 1
666 2
667 3
668 5
669 4
670 4
671 8
672 4
673 4
674 7
675 6
676 9
677 5
678 7
679 7
680 6
681 8
682 7
683 8
684 16
685 13
686 12
687 8
688 7
689 10
690 11
691 5
692 13
693 16
694 12
695 14
696 7
697 11
698 11
699 14
700 10
701 13
702 14
703 10
704 14
705 17
706 17
707 7
708 9
709 12
710 17
711 11
712 16
713 24
714 12
715 10
716 12
717 18
718 9
719 12
720 16
721 14
722 9
723 15
724 20
725 22
726 12
727 11
728 15
729 14
730 18
731 14
732 15
733 16
734 17
735 11
736 10
737 14
738 13
739 12
740 19
741 11
742 18
743 17
744 17
745 11
746 14
747 20
748 10
749 17
750 8
751 16
752 18
753 14
754 22
755 10
756 12
757 14
758 17
759 17
760 16
761 20
762 10
763 14
764 17
765 9
766 9
767 13
768 18
769 11
770 13
771 12
772 18
773 13
774 7
775 5
776 17
777 12
778 16
779 13
780 20
781 19
782 18
783 9
784 13
785 15
786 11
787 11
788 11
789 14
790 16
791 17
792 13
793 15
794 14
795 10
796 8
797 16
798 14
799 4
800 9
801 10
802 6
803 9
804 15
805 8
806 6
807 10
808 12
809 17
810 18
811 8
812 12
813 10
814 8
815 13
816 8
817 10
818 22
819 10
820 7
821 10
822 12
823 6
824 15
825 12
826 11
827 8
828 10
829 10
830 16
831 6
832 12
833 9
834 10
835 10
836 12
837 6
838 12
839 5
840 13
841 7
842 9
843 8
844 14
845 10
846 13
847 15
848 9
849 9
850 7
851 7
852 6
853 11
854 12
855 10
856 10
857 6
858 9
859 3
860 8
861 9
862 11
863 8
864 7
865 3
866 6
867 7
868 4
869 11
870 8
871 10
872 9
873 8
874 5
875 8
876 7
877 10
878 6
879 3
880 11
881 7
882 5
883 9
884 5
885 13
886 3
887 17
888 15
889 4
890 10
891 5
892 7
893 9
894 6
895 5
896 7
897 4
898 9
899 7
900 3
901 5
902 10
903 4
904 4
905 7
906 7
907 6
908 3
909 6
910 4
911 6
912 8
913 2
914 6
915 8
916 7
917 1
918 8
919 8
920 4
921 6
922 3
923 6
924 4
925 4
926 4
927 4
928 3
929 7
930 9
931 2
932 6
933 3
934 6
935 5
936 4
937 4
938 4
939 0
940 10
941 2
942 4
943 4
944 9
945 4
946 5
947 3
948 2
949 6
950 3
951 6
952 4
953 1
954 1
955 5
956 4
957 2
958 6
959 3
960 5
961 2
962 5
963 3
964 5
965 3
966 3
967 2
968 1
969 6
970 1
971 4
972 4
973 4
974 3
975 6
976 2
977 9
978 7
979 2
980 9
981 3
982 5
983 4
984 1
985 5
986 5
987 4
988 1
989 4
990 2
991 1
992 6
993 5
994 3
995 3
996 7
997 2
998 3
999 0
1000 3
1001 6
1002 1
1003 1
1004 2
1005 4
1006 1
1007 4
1008 5
1009 3
1010 4
1011 3
1012 1
1013 4
1014 3
1015 7
1016 2
1017 3
1018 3
1019 6
1020 5
1021 1
1022 4
1023 3
1024 5
1025 8
1026 1
1027 4
1028 1
1029 3
1030 4
1031 2
1032 3
1033 6
1034 3
1035 1
1036 2
1037 2
1038 4
1039 1
1040 2
1041 2
1042 5
1043 3
1044 3
1045 5
1046 0
1047 4
1048 3
1049 4
1050 5
1051 3
1052 3
1053 0
1054 2
1055 2
1056 3
1057 3
1058 2
1059 3
1060 2
1061 3
1062 6
1063 3
1064 2
1065 4
1066 2
1067 1
1068 5
1069 1
1070 1
1071 5
1072 5
1073 2
1074 3
1075 1
1076 3
1077 2
1078 2
1079 0
1080 4
1081 4
1082 1
1083 5
1084 2
1085 4
1086 2
1087 1
1088 1
1089 3
1090 2
1091 0
1092 1
1093 2
1094 2
1095 4
1096 6
1097 0
1098 4
1099 2
1100 3
1101 2
1102 1
1103 4
1104 3
1105 2
1106 1
1107 2
1108 2
1109 2
1110 1
1111 2
1112 4
1113 2
1114 1
1115 3
1116 2
1117 4
1118 1
1119 1
1120 2
1121 3
1122 1
1123 1
1124 3
1125 0
1126 2
1127 0
1128 3
1129 1
1130 1
1131 3
1132 1
1133 2
1134 1
1135 3
1136 0
1137 1
1138 3
1139 1
1140 1
1141 1
1142 0
1143 1
1144 1
1145 1
1146 1
1147 0
1148 0
1149 3
1150 1
1151 1
1152 1
1153 0
1154 2
1155 0
1156 2
1157 1
1158 1
1159 0
1160 4
1161 0
1162 2
1163 2
1164 0
1165 3
1166 3
1167 1
1168 3
1169 3
1170 0
1171 2
1172 2
1173 1
1174 1
1175 1
1176 1
1177 0
1178 2
1179 3
1180 3
1181 1
1182 3
1183 0
1184 1
1185 1
1186 1
1187 2
1188 1
1189 1
1190 2
1191 0
1192 2
1193 0
1194 2
1195 2
1196 1
1197 2
1198 2
1199 1
1200 0
1201 1
1202 1
1203 2
1204 2
1205 5
1206 3
1207 1
1208 2
1209 0
1210 0
1211 0
1212 0
1213 1
1214 0
1215 0
1216 2
1217 4
1218 4
1219 0
1220 0
1221 1
1222 1
1223 0
1224 2
1225 2
1226 0
1227 4
1228 2
1229 0
1230 2
1231 0
1232 1
1233 2
1234 2
1235 1
1236 2
1237 1
1238 2
1239 2
1240 1
1241 4
1242 0
1243 0
1244 2
1245 1
1246 2
1247 0
1248 0
1249 4
1250 3
1251 0
1252 1
1253 1
1254 2
1255 2
1256 0
1257 1
1258 2
1259 1
1260 1
1261 6
1262 1
1263 1
1264 1
1265 0
1266 3
1267 0
1268 1
1269 2
1270 1
1271 1
1272 1
1273 0
1274 2
1275 1
1276 2
1277 0
1278 1
1279 0
1280 3
1281 0
1282 2
1283 2
1284 0
1285 2
1286 1
1287 0
1288 2
1289 1
1290 2
1291 0
1292 0
1293 0
1294 1
1295 3
1296 0
1297 4
1298 0
1299 1
1300 0
1301 0
1302 2
1303 0
1304 0
1305 0
1306 1
1307 0
1308 2
1309 2
1310 0
1311 2
1312 2
1313 0
1314 0
1315 0
1316 0
1317 1
1318 1
1319 2
1320 3
1321 2
1322 0
1323 0
1324 1
1325 1
1326 2
1327 0
1328 1
1329 2
1330 0
1331 0
1332 1
1333 1
1334 1
1335 0
1336 1
1337 1
1338 0
1339 1
1340 0
1341 1
1342 0
1343 0
1344 2
1345 1
1346 0
1347 2
1348 1
1349 0
1350 0
1351 1
1352 0
1353 1
1354 1
1355 1
1356 1
1357 1
1358 0
1359 1
1360 1
1361 0
1362 1
1363 1
1364 0
1365 2
1366 0
1367 0
1368 0
1369 0
1370 0
1371 0
1372 0
1373 1
1374 0
1375 1
1376 1
1377 1
1378 0
1379 0
1380 0
1381 1
1382 0
1383 2
1384 0
1385 0
1386 0
1387 2
1388 0
1389 2
1390 1
1391 0
1392 1
1393 1
1394 0
1395 1
1396 0
1397 0
1398 0
1399 1
1400 2
1401 0
1402 2
1403 0
1404 0
1405 0
1406 0
1407 0
1408 0
1409 1
1410 1
1411 0
1412 0
1413 0
1414 0
1415 0
1416 1
1417 1
1418 1
1419 1
1420 0
1421 0
1422 0
1423 1
1424 0
1425 1
1426 0
1427 0
1428 0
1429 0
1430 1
1431 0
1432 0
1433 1
1434 0
1435 0
1436 1
1437 0
1438 0
1439 1
1440 1
1441 1
1442 0
1443 2
1444 3
1445 2
1446 1
1447 0
1448 0
1449 1
1450 0
1451 0
1452 0
1453 1
1454 1
1455 0
1456 1
1457 2
1458 1
1459 0
1460 0
1461 1
1462 0
1463 1
1464 0
1465 1
1466 0
1467 0
1468 2
1469 3
1470 0
1471 2
1472 1
1473 1
1474 1
1475 0
1476 3
1477 0
1478 1
1479 0
1480 0
1481 0
1482 0
1483 0
1484 0
1485 2
1486 1
1487 0
1488 2
1489 0
1490 0
1491 1
1492 0
1493 0
1494 1
1495 0
1496 0
1497 2
1498 1
1499 0
1500 2
1501 0
1502 1
1503 0
1504 3
1505 0
1506 1
1507 0
1508 1
1509 0
1510 1
1511 1
1512 1
1513 0
1514 0
1515 1
1516 0
1517 0
1518 0
1519 2
1520 0
1521 0
1522 0
1523 2
1524 1
1525 2
1526 1
1527 0
1528 1
1529 0
1530 0
1531 1
1532 2
1533 0
1534 0
1535 0
1536 1
1537 0
1538 0
1539 0
1540 0
1541 0
1542 1
1543 0
1544 0
1545 0
1546 0
1547 0
1548 0
1549 0
1550 1
1551 0
1552 1
1553 0
1554 0
1555 0
1556 0
1557 0
1558 0
1559 0
1560 1
1561 1
1562 1
1563 0
1564 0
1565 0
1566 1
1567 1
1568 1
1569 1
1570 0
1571 1
1572 2
1573 1
1574 1
1575 1
1576 0
1577 0
1578 1
1579 0
1580 2
1581 0
1582 0
1583 1
1584 0
1585 1
1586 0
1587 0
1588 0
1589 0
1590 0
1591 3
1592 1
1593 1
1594 1
1595 0
1596 0
1597 0
1598 0
1599 2
1600 0
1601 0
1602 0
1603 0
1604 0
1605 0
1606 0
1607 0
1608 2
1609 0
1610 0
1611 0
1612 0
1613 0
1614 1
1615 0
1616 0
1617 0
1618 0
1619 0
1620 1
1621 1
1622 0
1623 2
1624 0
1625 3
1626 0
1627 0
1628 0
1629 0
1630 1
1631 0
1632 1
1633 0
1634 1
1635 1
1636 0
1637 1
1638 0
1639 1
1640 0
1641 0
1642 1
1643 1
1644 0
1645 0
1646 0
1647 0
1648 1
1649 0
1650 1
1651 0
1652 0
1653 0
1654 2
1655 0
1656 0
1657 0
1658 0
1659 0
1660 0
1661 0
1662 1
1663 1
1664 0
1665 1
1666 0
1667 1
1668 1
1669 0
1670 0
1671 0
1672 0
1673 0
1674 0
1675 1
1676 0
1677 1
1678 0
1679 0
1680 0
1681 0
1682 1
1683 3
1684 1
1685 0
1686 0
1687 0
1688 0
1689 0
1690 0
1691 0
1692 0
1693 0
1694 0
1695 0
1696 0
1697 1
1698 1
1699 0
1700 0
1701 1
1702 0
1703 0
1704 0
1705 2
1706 1
1707 0
1708 0
1709 0
1710 1
1711 1
1712 2
1713 0
1714 1
1715 0
1716 0
1717 0
1718 0
1719 0
1720 0
1721 1
1722 0
1723 0
1724 0
1725 0
1726 0
1727 0
1728 0
1729 0
1730 0
1731 1
1732 0
1733 1
1734 0
1735 0
1736 2
1737 0
1738 0
1739 0
1740 0
1741 0
1742 0
1743 0
1744 1
1745 0
1746 0
1747 0
1748 0
1749 0
1750 0
1751 1
1752 2
1753 1
1754 0
1755 0
1756 0
1757 1
1758 1
1759 0
1760 0
1761 1
1762 2
1763 0
1764 0
1765 0
1766 1
1767 0
1768 2
1769 1
1770 0
1771 0
1772 0
1773 0
1774 1
1775 1
1776 0
1777 0
1778 0
1779 0
1780 1
1781 0
1782 0
1783 1
1784 0
1785 1
1786 0
1787 1
1788 0
1789 0
1790 0
1791 0
1792 2
1793 0
1794 0
1795 1
1796 0
1797 1
1798 0
1799 0
1800 0
1801 0
1802 1
1803 0
1804 0
1805 0
1806 1
1807 1
1808 0
1809 0
1810 0
1811 0
1812 0
1813 1
1814 0
1815 0
1816 0
1817 0
1818 1
1819 0
1820 0
1821 1
1822 1
1823 0
1824 0
1825 0
1826 0
1827 0
1828 0
1829 0
1830 0
1831 1
1832 0
1833 0
1834 0
1835 0
1836 0
1837 0
1838 0
1839 0
1840 0
1841 1
1842 0
1843 0
1844 0
1845 0
1846 0
1847 1
1848 2
1849 1
1850 0
1851 0
1852 0
1853 0
1854 0
1855 0
1856 1
1857 0
1858 0
1859 0
1860 0
1861 0
1862 0
1863 1
1864 1
1865 0
1866 0
1867 0
1868 1
1869 1
1870 0
1871 0
1872 0
1873 0
1874 0
1875 0
1876 1
1877 0
1878 1
1879 0
1880 0
1881 0
1882 1
1883 0
1884 0
1885 0
1886 1
1887 0
1888 0
1889 0
1890 0
1891 0
1892 0
1893 0
1894 1
1895 0
1896 0
1897 0
1898 0
1899 0
1900 0
1901 1
1902 0
1903 0
1904 0
1905 0
1906 0
1907 0
1908 0
1909 0
1910 0
1911 0
1912 1
1913 0
1914 0
1915 0
1916 0
1917 0
1918 0
1919 0
1920 1
1921 0
1922 0
1923 0
1924 0
1925 0
1926 0
1927 0
1928 0
1929 0
1930 1
1931 0
1932 1
1933 0
1934 1
1935 0
1936 0
1937 0
1938 1
1939 0
1940 0
1941 1
1942 1
1943 0
1944 0
1945 0
1946 2
1947 0
1948 0
1949 2
1950 0
1951 0
1952 1
1953 1
1954 1
1955 0
1956 1
1957 0
1958 0
1959 0
1960 0
1961 0
1962 0
1963 0
1964 0
1965 0
1966 0
1967 0
1968 0
1969 0
1970 0
1971 0
1972 1
1973 0
1974 0
1975 1
1976 0
1977 0
1978 0
1979 0
1980 0
1981 0
1982 1
1983 0
2023 0
2024 1
2025 0
2026 0
2027 0
2028 0
2029 0
2030 0
2031 0
2032 0
2033 0
2034 1
2035 1
2036 0
2057 0
2058 1
2059 0
2060 1
2061 0
2062 0
2063 0
2064 0
2065 0
2066 0
2067 0
2068 0
2069 0
2070 0
2071 0
2072 0
2073 0
2074 0
2075 0
2076 0
2077 0
2078 0
2079 1
2080 1
2081 0
2082 0
2083 0
2084 0
2085 0
2086 1
2087 0
2088 2
2089 0
2090 0
2091 0
2092 0
2093 0
2094 0
2095 0
2096 0
2097 0
2098 0
2099 0
2100 0
2101 0
2102 0
2103 0
2104 0
2105 1
2106 0
2107 0
2108 1
2109 0
2135 0
2136 1
2137 0
2138 0
2139 0
2140 0
2141 0
2142 1
2143 0
2144 0
2145 0
2146 0
2147 0
2148 0
2149 0
2150 0
2151 0
2152 0
2153 0
2154 0
2155 1
2156 0
2157 0
2158 0
2159 0
2160 0
2161 0
2162 0
2163 0
2164 0
2165 0
2166 0
2167 0
2168 0
2169 1
2170 0
2171 0
2172 0
2173 0
2174 1
2175 0
2176 0
2177 0
2178 0
2179 0
2180 0
2181 0
2182 0
2183 0
2184 0
2185 0
2186 0
2187 0
2188 0
2189 0
2190 0
2191 0
2192 0
2193 0
2194 0
2195 1
2196 0
2197 0
2198 0
2199 1
2200 0
2201 0
2202 0
2203 0
2204 1
2205 0
2206 0
2207 0
2208 0
2209 0
2210 0
2211 0
2212 1
2213 0
2214 0
2215 0
2216 0
2217 0
2218 0
2219 0
2220 0
2221 0
2222 0
2223 0
2224 1
2225 0
2226 1
2227 0
2228 0
2229 0
2230 0
2231 0
2232 0
2233 0
2234 0
2235 0
2236 0
2237 0
2238 0
2239 0
2240 0
2241 2
2242 0
2243 0
2244 0
2245 0
2246 1
2247 0
2248 0
2249 0
2250 0
2251 0
2252 0
2253 0
2254 0
2255 0
2256 0
2257 0
2258 0
2259 0
2260 0
2261 0
2262 1
2263 1
2264 0
2294 0
2295 1
2296 0
2297 0
2298 1
2299 0
2300 0
2301 0
2302 0
2303 0
2304 0
2305 1
2306 0
2307 0
2308 0
2309 1
2310 0
2311 0
2312 0
2313 0
2314 0
2315 0
2316 0
2317 1
2318 0
2319 0
2320 0
2321 0
2322 0
2323 0
2324 1
2325 0
2326 0
2327 0
2328 0
2329 0
2330 0
2331 0
2332 0
2333 0
2334 1
2335 0
2356 0
2357 1
2358 0
2381 0
2382 1
2383 0
2384 0
2385 0
2386 1
2387 0
2423 0
2424 1
2425 0
2426 0
2427 0
2428 0
2429 0
2430 0
2431 0
2432 0
2433 0
2434 0
2435 0
2436 0
2437 0
2438 0
2439 0
2440 0
2441 0
2442 1
2443 0
2444 0
2445 0
2446 0
2447 0
2448 0
2449 0
2450 0
2451 0
2452 0
2453 0
2454 0
2455 0
2456 0
2457 0
2458 0
2459 1
2460 0
2503 0
2504 1
2505 0
2506 0
2507 0
2508 1
2509 0
2510 0
2511 0
2512 0
2513 1
2514 0
2515 0
2516 0
2517 0
2518 0
2519 0
2520 0
2521 0
2522 0
2523 0
2524 0
2525 0
2526 0
2527 0
2528 0
2529 0
2530 0
2531 0
2532 0
2533 0
2534 1
2535 0
2567 0
2568 1
2569 1
2570 0
2598 0
2599 1
2600 0
2601 0
2602 1
2603 0
2604 0
2605 0
2606 0
2607 0
2608 1
2609 0
2610 1
2611 0
2612 0
2613 0
2614 0
2615 0
2616 0
2617 0
2618 1
2619 0
2660 0
2661 1
2662 0
2663 0
2664 0
2665 0
2666 1
2667 0
2668 0
2669 1
2670 0
2697 0
2698 1
2699 0
2720 0
2721 1
2722 0
2723 0
2724 0
2725 0
2726 0
2727 0
2728 0
2729 0
2730 0
2731 0
2732 0
2733 0
2734 0
2735 0
2736 0
2737 0
2738 0
2739 0
2740 1
2741 0
2742 0
2743 0
2744 0
2745 0
2746 0
2747 0
2748 0
2749 0
2750 0
2751 0
2752 0
2753 0
2754 0
2755 0
2756 0
2757 0
2758 1
2759 0
2873 0
2874 1
2875 0
2904 0
2905 1
2906 0
2907 0
2908 0
2909 0
2910 0
2911 0
2912 0
2913 0
2914 0
2915 0
2916 0
2917 0
2918 0
2919 1
2920 0
2976 0
2977 1
2978 0
3178 0
3179 1
3180 0
3319 0
3320 1
3321 0
3404 0
3405 1
3406 0
3547 0
3548 1
3549 0
3650 0
3651 1
3652 0
3750 0
3751 1
3752 0
3785 0
3786 1
3787 0
3859 0
3860 1
3861 0
4094 0
4095 40824
OK
