Histogram of ADC0:
273 0
274 1
275 1
276 0
277 1
278 0
279 0
280 1
281 0
282 0
283 0
284 1
285 1
286 0
287 0
288 0
289 0
290 0
291 1
292 1
293 0
294 0
295 0
296 1
297 0
298 0
299 0
300 0
301 0
302 1
303 0
304 0
305 0
306 0
307 0
308 1
309 0
310 1
311 1
312 1
313 0
314 0
315 0
316 0
317 1
318 0
319 1
320 1
321 0
322 0
323 0
324 1
325 0
326 0
327 0
328 0
329 1
330 0
331 0
332 0
333 0
334 0
335 0
336 0
337 0
338 0
339 0
340 0
341 0
342 1
343 0
344 0
345 0
346 1
347 0
3966 0
3967 1
3968 0
4094 0
4095 4099
OK
