Histogram of ADC2:
7 0
8 5
9 9
10 6
11 1
12 0
224 0
225 1
226 0
227 0
228 0
229 0
230 1
231 0
232 0
233 0
234 2
235 1
236 0
237 0
238 1
239 0
240 0
241 1
242 2
243 1
244 3
245 2
246 1
247 2
248 1
249 4
250 3
251 2
252 6
253 7
254 4
255 1
256 8
257 4
258 7
259 4
260 3
261 9
262 2
263 11
264 16
265 15
266 12
267 11
268 16
269 16
270 25
271 18
272 17
273 14
274 27
275 30
276 38
277 29
278 28
279 36
280 42
281 42
282 42
283 34
284 37
285 56
286 57
287 37
288 49
289 63
290 67
291 53
292 59
293 46
294 69
295 50
296 66
297 60
298 82
299 53
300 59
301 62
302 52
303 71
304 86
305 65
306 79
307 66
308 58
309 54
310 60
311 76
312 63
313 65
314 71
315 62
316 48
317 74
318 72
319 54
320 62
321 56
322 57
323 49
324 52
325 51
326 60
327 58
328 44
329 39
330 57
331 41
332 37
333 31
334 35
335 25
336 34
337 26
338 25
339 25
340 30
341 26
342 24
343 17
344 27
345 20
346 22
347 19
348 24
349 15
350 16
351 8
352 8
353 21
354 12
355 8
356 9
357 9
358 9
359 10
360 7
361 2
362 5
363 11
364 5
365 7
366 3
367 6
368 7
369 3
370 3
371 4
372 7
373 3
374 3
375 3
376 2
377 2
378 0
379 1
380 1
381 0
382 2
383 0
384 2
385 1
386 1
387 1
388 0
389 0
390 0
391 2
392 0
393 1
394 0
395 0
396 1
397 0
398 0
399 0
400 0
401 0
402 0
403 2
404 0
2030 0
2031 1
2032 0
OK
