Histogram of ADC2:
0 711383
1 0
375 0
376 1
377 0
656 0
657 1
658 0
724 0
725 1
726 0
727 0
728 1
729 0
968 0
969 1
970 0
1115 0
1116 1
1117 0
1414 0
1415 1
1416 0
1417 0
1418 0
1419 0
1420 0
1421 0
1422 0
1423 0
1424 0
1425 0
1426 0
1427 0
1428 1
1429 0
1546 0
1547 1
1548 0
1572 0
1573 1
1574 0
1575 0
1576 0
1577 0
1578 0
1579 0
1580 0
1581 0
1582 0
1583 0
1584 0
1585 0
1586 0
1587 0
1588 0
1589 1
1590 0
1591 0
1592 0
1593 0
1594 0
1595 0
1596 0
1597 0
1598 1
1599 0
1619 0
1620 1
1621 0
1622 0
1623 0
1624 0
1625 0
1626 1
1627 0
1655 0
1656 1
1657 0
1658 0
1659 0
1660 0
1661 0
1662 0
1663 0
1664 0
1665 0
1666 0
1667 0
1668 0
1669 0
1670 0
1671 0
1672 0
1673 1
1674 0
1711 0
1712 1
1713 0
1714 1
1715 0
1716 0
1717 0
1718 0
1719 0
1720 0
1721 0
1722 1
1723 0
1724 0
1725 0
1726 0
1727 0
1728 0
1729 0
1730 0
1731 0
1732 0
1733 0
1734 0
1735 1
1736 0
1737 0
1738 0
1739 0
1740 2
1741 0
1742 4
1743 0
1744 5
1745 5
1746 7
1747 3
1748 10
1749 13
1750 13
1751 19
1752 20
1753 22
1754 19
1755 20
1756 27
1757 25
1758 24
1759 36
1760 33
1761 34
1762 25
1763 29
1764 26
1765 47
1766 35
1767 29
1768 38
1769 28
1770 23
1771 37
1772 18
1773 22
1774 26
1775 24
1776 24
1777 16
1778 11
1779 15
1780 14
1781 8
1782 8
1783 3
1784 3
1785 0
1786 3
1787 4
1788 1
1789 1
1790 0
2081 0
2082 1
2083 0
OK
