Histogram of ADC12:
1 0
2 1
3 85
4 1527
5 7714
6 36676
7 179030
8 390893
9 85867
10 6270
11 2861
12 458
13 1
14 0
45 0
46 1
47 0
48 0
49 0
50 0
51 0
52 0
53 0
54 0
55 0
56 0
57 0
58 0
59 0
60 0
61 0
62 0
63 0
64 1
65 0
66 0
67 0
68 0
69 0
70 2
71 0
72 0
73 0
74 0
75 0
76 0
77 0
78 0
79 0
80 0
81 0
82 0
83 0
84 0
85 0
86 0
87 0
88 1
89 0
90 0
91 0
92 0
93 0
94 0
95 0
96 0
97 0
98 0
99 0
100 1
101 0
123 0
124 1
125 1
126 0
127 0
128 0
129 0
130 0
131 0
132 0
133 0
134 0
135 0
136 1
137 0
138 0
139 1
140 2
141 0
142 0
143 1
144 1
145 0
146 1
147 0
148 1
149 0
150 0
151 2
152 1
153 15
154 107
155 258
156 291
157 167
158 22
159 0
2065 0
2066 1
2067 0
OK
