Histogram of ADC2:
8 0
9 6
10 15
11 0
12 0
13 0
14 0
15 0
16 0
17 0
18 0
19 0
20 0
21 0
22 0
23 1
24 25
25 176
26 328
27 410
28 390
29 320
30 322
31 251
32 254
33 238
34 243
35 230
36 163
37 131
38 121
39 114
40 100
41 94
42 92
43 65
44 50
45 44
46 48
47 54
48 54
49 40
50 45
51 29
52 29
53 24
54 23
55 28
56 19
57 21
58 27
59 20
60 24
61 15
62 17
63 16
64 12
65 10
66 9
67 4
68 10
69 10
70 7
71 6
72 10
73 7
74 4
75 12
76 15
77 12
78 30
79 31
80 47
81 59
82 68
83 104
84 127
85 165
86 216
87 250
88 337
89 399
90 471
91 618
92 710
93 823
94 920
95 878
96 1210
97 1217
98 1408
99 1518
100 1603
101 1653
102 1779
103 1768
104 1734
105 1724
106 1770
107 1602
108 1651
109 1529
110 1496
111 1367
112 1275
113 1160
114 1076
115 919
116 856
117 702
118 627
119 509
120 456
121 392
122 313
123 265
124 224
125 160
126 155
127 84
128 102
129 61
130 56
131 46
132 42
133 29
134 17
135 14
136 11
137 13
138 9
139 4
140 7
141 2
142 3
143 1
144 3
145 1
146 0
147 0
148 2
149 0
150 0
151 1
152 1
153 2
154 0
155 0
156 2
157 0
158 0
159 0
160 1
161 0
162 0
163 0
164 0
165 0
166 0
167 1
168 1
169 0
170 0
171 0
172 1
173 0
174 0
175 0
176 0
177 1
178 0
179 1
180 0
181 0
182 0
183 0
184 0
185 0
186 0
187 0
188 0
189 0
190 0
191 0
192 0
193 0
194 0
195 0
196 0
197 1
198 0
199 0
200 0
201 0
202 0
203 0
204 2
205 0
206 0
207 0
208 0
209 1
210 0
211 0
212 0
213 1
214 0
253 0
254 1
255 0
289 0
290 1
291 0
292 0
293 0
294 0
295 0
296 0
297 1
298 0
374 0
375 1
376 0
413 0
414 1
415 0
545 0
546 1
547 0
2063 0
2064 1
2065 0
OK
