Histogram of ADC0:
296 0
297 3
298 0
299 0
300 0
301 1
302 1
303 3
304 2
305 1
306 1
307 1
308 2
309 1
310 0
311 0
312 0
313 0
314 0
315 1
316 1
317 1
318 0
319 0
320 0
321 1
322 0
323 0
324 0
325 0
326 0
327 0
328 0
329 0
330 0
331 0
332 0
333 0
334 0
335 1
336 0
631 0
632 1
633 0
634 1
635 0
636 0
637 0
638 0
639 0
640 1
641 1
642 2
643 1
644 0
645 0
646 0
647 2
648 0
649 3
650 1
651 0
652 1
653 0
654 3
655 2
656 1
657 3
658 0
659 1
660 1
661 4
662 2
663 3
664 5
665 5
666 4
667 5
668 7
669 4
670 4
671 4
672 5
673 9
674 3
675 7
676 10
677 8
678 10
679 8
680 12
681 14
682 6
683 8
684 13
685 12
686 10
687 10
688 12
689 16
690 10
691 15
692 16
693 10
694 17
695 20
696 13
697 15
698 20
699 9
700 12
701 13
702 18
703 11
704 19
705 12
706 10
707 7
708 10
709 14
710 10
711 13
712 11
713 18
714 17
715 16
716 17
717 17
718 18
719 16
720 21
721 17
722 13
723 18
724 16
725 21
726 17
727 17
728 20
729 11
730 18
731 8
732 21
733 28
734 14
735 15
736 25
737 16
738 14
739 9
740 18
741 15
742 21
743 13
744 15
745 24
746 20
747 15
748 9
749 8
750 20
751 20
752 19
753 12
754 20
755 13
756 4
757 9
758 21
759 12
760 20
761 27
762 22
763 16
764 16
765 11
766 15
767 14
768 10
769 13
770 13
771 15
772 21
773 8
774 15
775 10
776 17
777 11
778 17
779 13
780 15
781 12
782 11
783 14
784 11
785 13
786 15
787 16
788 14
789 17
790 10
791 14
792 11
793 8
794 15
795 10
796 11
797 11
798 10
799 18
800 17
801 15
802 15
803 12
804 16
805 11
806 9
807 16
808 9
809 18
810 17
811 11
812 15
813 7
814 12
815 11
816 10
817 6
818 6
819 16
820 15
821 7
822 17
823 7
824 10
825 13
826 8
827 10
828 14
829 11
830 14
831 5
832 10
833 10
834 10
835 9
836 13
837 17
838 10
839 8
840 8
841 12
842 9
843 8
844 15
845 13
846 12
847 11
848 10
849 14
850 9
851 7
852 13
853 8
854 7
855 13
856 11
857 11
858 13
859 6
860 10
861 12
862 6
863 8
864 5
865 8
866 11
867 9
868 14
869 12
870 7
871 14
872 8
873 5
874 17
875 17
876 11
877 12
878 16
879 9
880 10
881 11
882 11
883 9
884 7
885 12
886 9
887 4
888 10
889 6
890 11
891 13
892 13
893 9
894 14
895 6
896 7
897 12
898 11
899 11
900 8
901 2
902 11
903 6
904 13
905 11
906 11
907 7
908 14
909 7
910 11
911 11
912 10
913 7
914 14
915 5
916 9
917 9
918 8
919 12
920 9
921 11
922 10
923 7
924 12
925 3
926 4
927 7
928 11
929 6
930 6
931 6
932 8
933 7
934 5
935 5
936 9
937 8
938 9
939 7
940 6
941 6
942 10
943 2
944 12
945 4
946 6
947 3
948 7
949 3
950 6
951 6
952 9
953 12
954 4
955 5
956 3
957 8
958 5
959 0
960 8
961 4
962 10
963 7
964 5
965 10
966 2
967 6
968 10
969 6
970 4
971 5
972 4
973 6
974 8
975 5
976 4
977 5
978 8
979 5
980 4
981 2
982 4
983 2
984 6
985 4
986 4
987 2
988 7
989 6
990 2
991 1
992 4
993 5
994 5
995 7
996 4
997 7
998 5
999 4
1000 5
1001 7
1002 2
1003 2
1004 5
1005 9
1006 6
1007 3
1008 8
1009 7
1010 3
1011 4
1012 6
1013 6
1014 5
1015 3
1016 6
1017 6
1018 4
1019 3
1020 4
1021 4
1022 7
1023 0
1024 2
1025 3
1026 5
1027 2
1028 5
1029 6
1030 6
1031 5
1032 5
1033 4
1034 3
1035 3
1036 4
1037 2
1038 1
1039 4
1040 2
1041 3
1042 7
1043 5
1044 3
1045 5
1046 5
1047 7
1048 4
1049 5
1050 1
1051 3
1052 4
1053 3
1054 5
1055 2
1056 1
1057 3
1058 3
1059 5
1060 4
1061 6
1062 4
1063 3
1064 6
1065 3
1066 7
1067 2
1068 0
1069 4
1070 7
1071 6
1072 2
1073 5
1074 1
1075 2
1076 4
1077 2
1078 4
1079 6
1080 5
1081 3
1082 1
1083 3
1084 4
1085 4
1086 5
1087 5
1088 4
1089 2
1090 3
1091 3
1092 6
1093 4
1094 2
1095 3
1096 4
1097 1
1098 3
1099 5
1100 1
1101 2
1102 4
1103 2
1104 4
1105 4
1106 0
1107 2
1108 5
1109 4
1110 6
1111 4
1112 3
1113 4
1114 1
1115 0
1116 2
1117 4
1118 1
1119 0
1120 0
1121 2
1122 0
1123 4
1124 2
1125 2
1126 1
1127 1
1128 4
1129 3
1130 4
1131 3
1132 0
1133 3
1134 4
1135 3
1136 3
1137 1
1138 2
1139 2
1140 2
1141 1
1142 4
1143 4
1144 1
1145 1
1146 4
1147 0
1148 3
1149 0
1150 2
1151 0
1152 1
1153 4
1154 2
1155 0
1156 2
1157 0
1158 1
1159 3
1160 3
1161 1
1162 1
1163 1
1164 5
1165 1
1166 1
1167 2
1168 4
1169 1
1170 2
1171 3
1172 2
1173 0
1174 3
1175 1
1176 1
1177 2
1178 1
1179 3
1180 3
1181 2
1182 5
1183 2
1184 2
1185 3
1186 4
1187 1
1188 2
1189 3
1190 1
1191 0
1192 3
1193 0
1194 3
1195 1
1196 1
1197 2
1198 2
1199 1
1200 3
1201 2
1202 2
1203 1
1204 2
1205 1
1206 2
1207 2
1208 2
1209 5
1210 1
1211 2
1212 5
1213 2
1214 4
1215 2
1216 4
1217 2
1218 2
1219 6
1220 1
1221 1
1222 1
1223 2
1224 0
1225 2
1226 1
1227 2
1228 1
1229 5
1230 1
1231 2
1232 2
1233 3
1234 2
1235 0
1236 0
1237 4
1238 4
1239 2
1240 3
1241 3
1242 0
1243 1
1244 1
1245 3
1246 0
1247 0
1248 3
1249 2
1250 2
1251 0
1252 2
1253 4
1254 1
1255 3
1256 2
1257 1
1258 1
1259 0
1260 4
1261 2
1262 2
1263 0
1264 3
1265 1
1266 3
1267 2
1268 3
1269 4
1270 3
1271 4
1272 1
1273 2
1274 2
1275 1
1276 2
1277 1
1278 1
1279 1
1280 0
1281 2
1282 3
1283 0
1284 3
1285 3
1286 0
1287 0
1288 1
1289 3
1290 2
1291 1
1292 0
1293 0
1294 2
1295 1
1296 2
1297 1
1298 1
1299 2
1300 1
1301 1
1302 0
1303 2
1304 1
1305 2
1306 2
1307 2
1308 0
1309 2
1310 0
1311 0
1312 1
1313 2
1314 2
1315 1
1316 2
1317 0
1318 3
1319 0
1320 0
1321 0
1322 2
1323 2
1324 0
1325 0
1326 3
1327 1
1328 0
1329 1
1330 2
1331 1
1332 1
1333 1
1334 1
1335 2
1336 1
1337 0
1338 4
1339 2
1340 1
1341 2
1342 0
1343 1
1344 3
1345 0
1346 1
1347 1
1348 2
1349 1
1350 0
1351 0
1352 2
1353 1
1354 0
1355 2
1356 1
1357 1
1358 0
1359 0
1360 1
1361 0
1362 0
1363 0
1364 1
1365 2
1366 0
1367 1
1368 1
1369 0
1370 0
1371 1
1372 0
1373 1
1374 2
1375 0
1376 2
1377 2
1378 1
1379 2
1380 3
1381 3
1382 1
1383 0
1384 2
1385 0
1386 3
1387 1
1388 2
1389 1
1390 2
1391 0
1392 0
1393 1
1394 1
1395 1
1396 1
1397 0
1398 3
1399 1
1400 2
1401 0
1402 3
1403 1
1404 1
1405 1
1406 0
1407 1
1408 0
1409 0
1410 0
1411 1
1412 1
1413 2
1414 0
1415 1
1416 0
1417 0
1418 0
1419 2
1420 0
1421 2
1422 3
1423 0
1424 0
1425 1
1426 3
1427 0
1428 2
1429 0
1430 2
1431 1
1432 3
1433 0
1434 1
1435 1
1436 1
1437 0
1438 1
1439 0
1440 1
1441 2
1442 1
1443 0
1444 0
1445 1
1446 0
1447 0
1448 1
1449 2
1450 1
1451 2
1452 0
1453 1
1454 1
1455 0
1456 0
1457 1
1458 3
1459 0
1460 0
1461 0
1462 2
1463 1
1464 2
1465 3
1466 0
1467 2
1468 3
1469 1
1470 1
1471 1
1472 0
1473 0
1474 1
1475 0
1476 0
1477 1
1478 0
1479 1
1480 2
1481 0
1482 1
1483 0
1484 1
1485 1
1486 0
1487 1
1488 0
1489 1
1490 1
1491 2
1492 3
1493 0
1494 1
1495 1
1496 1
1497 0
1498 2
1499 1
1500 1
1501 1
1502 0
1503 0
1504 2
1505 0
1506 0
1507 1
1508 1
1509 1
1510 0
1511 3
1512 0
1513 1
1514 3
1515 0
1516 2
1517 1
1518 1
1519 0
1520 0
1521 3
1522 0
1523 1
1524 1
1525 2
1526 3
1527 0
1528 1
1529 0
1530 0
1531 0
1532 1
1533 0
1534 1
1535 0
1536 1
1537 1
1538 0
1539 0
1540 1
1541 0
1542 0
1543 0
1544 0
1545 1
1546 1
1547 0
1548 1
1549 0
1550 0
1551 2
1552 5
1553 0
1554 0
1555 0
1556 0
1557 1
1558 0
1559 3
1560 0
1561 0
1562 0
1563 1
1564 2
1565 1
1566 2
1567 0
1568 2
1569 0
1570 2
1571 0
1572 0
1573 0
1574 0
1575 0
1576 0
1577 0
1578 0
1579 1
1580 0
1581 0
1582 0
1583 1
1584 2
1585 2
1586 0
1587 2
1588 2
1589 0
1590 1
1591 0
1592 1
1593 1
1594 1
1595 0
1596 0
1597 0
1598 2
1599 0
1600 1
1601 1
1602 1
1603 0
1604 0
1605 0
1606 0
1607 2
1608 1
1609 0
1610 0
1611 0
1612 0
1613 1
1614 0
1615 0
1616 0
1617 0
1618 1
1619 2
1620 1
1621 3
1622 0
1623 0
1624 0
1625 0
1626 1
1627 0
1628 0
1629 0
1630 0
1631 1
1632 1
1633 1
1634 0
1635 1
1636 0
1637 1
1638 0
1639 1
1640 1
1641 1
1642 0
1643 0
1644 1
1645 0
1646 0
1647 0
1648 0
1649 0
1650 0
1651 0
1652 0
1653 0
1654 1
1655 0
1656 0
1657 0
1658 0
1659 1
1660 1
1661 1
1662 1
1663 0
1664 1
1665 1
1666 1
1667 0
1668 0
1669 0
1670 0
1671 0
1672 0
1673 0
1674 1
1675 0
1676 0
1677 0
1678 0
1679 0
1680 0
1681 0
1682 1
1683 0
1684 0
1685 0
1686 1
1687 0
1688 2
1689 0
1690 0
1691 0
1692 0
1693 0
1694 1
1695 0
1696 1
1697 0
1698 0
1699 0
1700 0
1701 1
1702 0
1703 0
1704 0
1705 0
1706 1
1707 0
1708 1
1709 0
1710 0
1711 0
1712 1
1713 0
1714 0
1715 0
1716 0
1717 1
1718 0
1719 1
1720 0
1721 0
1722 2
1723 0
1724 0
1725 1
1726 1
1727 0
1728 0
1729 1
1730 0
1731 0
1732 1
1733 0
1734 2
1735 0
1736 0
1737 0
1738 0
1739 1
1740 0
1741 0
1742 0
1743 0
1744 0
1745 0
1746 0
1747 0
1748 0
1749 0
1750 1
1751 0
1752 0
1753 1
1754 0
1755 1
1756 0
1757 0
1758 0
1759 0
1760 0
1761 2
1762 0
1763 0
1764 1
1765 0
1766 0
1767 0
1768 0
1769 1
1770 0
1771 1
1772 1
1773 0
1774 0
1775 0
1776 0
1777 0
1778 0
1779 0
1780 1
1781 0
1782 0
1783 0
1784 1
1785 0
1786 1
1787 0
1788 0
1789 0
1790 0
1791 1
1792 0
1793 0
1794 1
1795 2
1796 1
1797 0
1798 0
1799 0
1800 0
1801 1
1802 1
1803 0
1804 0
1805 1
1806 0
1807 0
1808 0
1809 0
1810 0
1811 2
1812 0
1813 0
1814 0
1815 1
1816 0
1817 1
1818 1
1819 0
1820 0
1821 0
1822 0
1823 0
1824 0
1825 0
1826 0
1827 0
1828 1
1829 0
1830 1
1831 0
1832 1
1833 1
1834 0
1835 0
1836 0
1837 0
1838 0
1839 1
1840 0
1841 0
1842 0
1843 0
1844 1
1845 0
1846 0
1847 0
1848 1
1849 0
1850 0
1851 0
1852 0
1853 0
1854 0
1855 0
1856 0
1857 1
1858 0
1859 0
1860 0
1861 0
1862 0
1863 0
1864 1
1865 0
1866 1
1867 0
1868 1
1869 0
1870 1
1871 0
1872 0
1873 0
1874 0
1875 0
1876 0
1877 2
1878 0
1879 0
1880 0
1881 0
1882 0
1883 0
1884 0
1885 0
1886 0
1887 1
1888 0
1889 0
1890 0
1891 0
1892 0
1893 2
1894 0
1895 0
1896 1
1897 0
1898 0
1899 0
1900 0
1901 0
1902 0
1903 0
1904 1
1905 0
1906 0
1907 0
1908 0
1909 0
1910 0
1911 1
1912 1
1913 0
1914 1
1915 1
1916 2
1917 0
1918 0
1919 0
1920 0
1921 0
1922 0
1923 1
1924 3
1925 1
1926 0
1927 2
1928 0
1929 1
1930 0
1931 0
1932 0
1933 1
1934 0
1935 0
1936 0
1937 0
1938 1
1939 1
1940 0
1941 1
1942 0
1943 0
1944 0
1945 0
1946 1
1947 0
1948 1
1949 1
1950 0
1951 0
1952 1
1953 2
1954 1
1955 1
1956 0
1957 1
1958 3
1959 1
1960 1
1961 1
1962 1
1963 0
1964 1
1965 0
1966 1
1967 2
1968 0
1969 1
1970 0
1971 0
1972 2
1973 1
1974 1
1975 0
1976 1
1977 0
1978 0
1979 0
1980 2
1981 2
1982 2
1983 1
1984 0
1985 2
1986 2
1987 0
1988 2
1989 0
1990 1
1991 1
1992 0
1993 2
1994 2
1995 1
1996 2
1997 0
1998 1
1999 0
2000 2
2001 0
2002 4
2003 2
2004 1
2005 3
2006 0
2007 1
2008 1
2009 0
2010 4
2011 2
2012 1
2013 2
2014 1
2015 0
2016 3
2017 2
2018 0
2019 0
2020 1
2021 3
2022 2
2023 0
2024 1
2025 5
2026 5
2027 2
2028 0
2029 0
2030 4
2031 2
2032 1
2033 1
2034 1
2035 4
2036 2
2037 2
2038 2
2039 2
2040 1
2041 5
2042 2
2043 3
2044 1
2045 2
2046 1
2047 0
2048 3
2049 2
2050 0
2051 2
2052 1
2053 4
2054 2
2055 2
2056 1
2057 4
2058 4
2059 2
2060 3
2061 3
2062 3
2063 1
2064 3
2065 3
2066 2
2067 3
2068 5
2069 4
2070 3
2071 3
2072 4
2073 2
2074 2
2075 2
2076 5
2077 4
2078 6
2079 4
2080 4
2081 1
2082 3
2083 6
2084 5
2085 2
2086 4
2087 4
2088 1
2089 3
2090 4
2091 5
2092 4
2093 2
2094 5
2095 2
2096 1
2097 2
2098 1
2099 2
2100 5
2101 7
2102 4
2103 4
2104 5
2105 10
2106 3
2107 0
2108 2
2109 2
2110 4
2111 2
2112 6
2113 4
2114 7
2115 2
2116 3
2117 9
2118 7
2119 4
2120 7
2121 2
2122 7
2123 4
2124 10
2125 3
2126 10
2127 6
2128 6
2129 3
2130 5
2131 8
2132 7
2133 7
2134 2
2135 7
2136 7
2137 7
2138 9
2139 2
2140 1
2141 12
2142 9
2143 9
2144 10
2145 4
2146 8
2147 3
2148 7
2149 9
2150 2
2151 4
2152 12
2153 9
2154 9
2155 4
2156 5
2157 5
2158 6
2159 9
2160 7
2161 14
2162 13
2163 5
2164 6
2165 11
2166 11
2167 9
2168 8
2169 8
2170 9
2171 6
2172 12
2173 9
2174 6
2175 8
2176 10
2177 14
2178 8
2179 8
2180 11
2181 8
2182 10
2183 7
2184 11
2185 14
2186 10
2187 8
2188 9
2189 7
2190 9
2191 15
2192 7
2193 10
2194 12
2195 12
2196 13
2197 14
2198 8
2199 11
2200 14
2201 7
2202 6
2203 9
2204 13
2205 10
2206 10
2207 6
2208 9
2209 13
2210 10
2211 3
2212 17
2213 8
2214 13
2215 12
2216 16
2217 13
2218 16
2219 9
2220 11
2221 15
2222 17
2223 18
2224 16
2225 18
2226 13
2227 12
2228 15
2229 18
2230 14
2231 12
2232 14
2233 13
2234 15
2235 17
2236 18
2237 13
2238 11
2239 7
2240 25
2241 15
2242 15
2243 8
2244 18
2245 19
2246 12
2247 14
2248 20
2249 11
2250 15
2251 18
2252 22
2253 26
2254 15
2255 24
2256 14
2257 23
2258 23
2259 14
2260 9
2261 16
2262 16
2263 21
2264 17
2265 15
2266 13
2267 12
2268 18
2269 12
2270 16
2271 22
2272 28
2273 18
2274 16
2275 23
2276 24
2277 26
2278 17
2279 20
2280 35
2281 21
2282 23
2283 18
2284 18
2285 31
2286 21
2287 24
2288 27
2289 19
2290 24
2291 22
2292 35
2293 20
2294 17
2295 22
2296 22
2297 24
2298 32
2299 18
2300 35
2301 27
2302 22
2303 17
2304 34
2305 23
2306 22
2307 18
2308 40
2309 28
2310 23
2311 20
2312 28
2313 26
2314 38
2315 28
2316 29
2317 29
2318 26
2319 27
2320 35
2321 13
2322 29
2323 21
2324 48
2325 24
2326 28
2327 38
2328 32
2329 27
2330 36
2331 24
2332 47
2333 40
2334 36
2335 11
2336 41
2337 24
2338 32
2339 22
2340 34
2341 39
2342 32
2343 31
2344 48
2345 30
2346 53
2347 22
2348 24
2349 29
2350 39
2351 37
2352 20
2353 31
2354 35
2355 30
2356 35
2357 43
2358 40
2359 36
2360 45
2361 37
2362 34
2363 36
2364 32
2365 40
2366 34
2367 20
2368 51
2369 38
2370 30
2371 32
2372 55
2373 33
2374 41
2375 33
2376 49
2377 41
2378 39
2379 28
2380 45
2381 29
2382 36
2383 32
2384 49
2385 52
2386 36
2387 29
2388 51
2389 45
2390 32
2391 32
2392 25
2393 43
2394 45
2395 27
2396 40
2397 56
2398 36
2399 24
2400 59
2401 47
2402 46
2403 37
2404 56
2405 54
2406 41
2407 37
2408 49
2409 58
2410 43
2411 30
2412 61
2413 61
2414 49
2415 42
2416 62
2417 58
2418 45
2419 31
2420 42
2421 57
2422 46
2423 50
2424 46
2425 33
2426 41
2427 38
2428 47
2429 53
2430 46
2431 44
2432 74
2433 53
2434 53
2435 42
2436 60
2437 49
2438 52
2439 37
2440 41
2441 44
2442 47
2443 51
2444 59
2445 49
2446 65
2447 46
2448 59
2449 53
2450 51
2451 41
2452 52
2453 43
2454 50
2455 54
2456 48
2457 57
2458 50
2459 52
2460 76
2461 55
2462 67
2463 28
2464 74
2465 53
2466 60
2467 37
2468 53
2469 58
2470 62
2471 46
2472 61
2473 52
2474 57
2475 53
2476 63
2477 53
2478 56
2479 41
2480 63
2481 47
2482 69
2483 58
2484 58
2485 68
2486 61
2487 53
2488 70
2489 55
2490 76
2491 56
2492 67
2493 63
2494 68
2495 25
2496 82
2497 62
2498 71
2499 34
2500 57
2501 73
2502 62
2503 49
2504 83
2505 54
2506 63
2507 56
2508 73
2509 53
2510 68
2511 53
2512 68
2513 70
2514 61
2515 51
2516 62
2517 64
2518 62
2519 57
2520 72
2521 85
2522 77
2523 45
2524 73
2525 69
2526 61
2527 43
2528 82
2529 63
2530 66
2531 49
2532 74
2533 59
2534 67
2535 47
2536 78
2537 69
2538 79
2539 59
2540 70
2541 70
2542 68
2543 56
2544 74
2545 50
2546 59
2547 50
2548 70
2549 71
2550 43
2551 64
2552 73
2553 60
2554 78
2555 55
2556 89
2557 67
2558 70
2559 9
2560 102
2561 66
2562 70
2563 50
2564 82
2565 71
2566 61
2567 64
2568 85
2569 64
2570 70
2571 85
2572 69
2573 85
2574 72
2575 69
2576 71
2577 59
2578 61
2579 48
2580 70
2581 75
2582 58
2583 54
2584 74
2585 76
2586 76
2587 71
2588 100
2589 89
2590 76
2591 46
2592 102
2593 65
2594 68
2595 70
2596 74
2597 63
2598 65
2599 67
2600 80
2601 78
2602 67
2603 67
2604 75
2605 72
2606 52
2607 57
2608 78
2609 74
2610 62
2611 64
2612 77
2613 71
2614 67
2615 69
2616 80
2617 62
2618 70
2619 78
2620 84
2621 69
2622 65
2623 35
2624 87
2625 74
2626 82
2627 62
2628 71
2629 89
2630 70
2631 68
2632 77
2633 73
2634 64
2635 56
2636 73
2637 88
2638 77
2639 56
2640 77
2641 75
2642 70
2643 50
2644 70
2645 86
2646 55
2647 60
2648 53
2649 73
2650 64
2651 56
2652 71
2653 77
2654 64
2655 37
2656 79
2657 68
2658 68
2659 57
2660 81
2661 67
2662 53
2663 73
2664 76
2665 65
2666 67
2667 71
2668 73
2669 77
2670 80
2671 58
2672 83
2673 60
2674 69
2675 60
2676 78
2677 70
2678 51
2679 66
2680 76
2681 59
2682 58
2683 67
2684 66
2685 63
2686 41
2687 48
2688 99
2689 75
2690 73
2691 40
2692 82
2693 65
2694 66
2695 50
2696 74
2697 76
2698 73
2699 61
2700 83
2701 60
2702 63
2703 50
2704 76
2705 67
2706 70
2707 56
2708 80
2709 79
2710 55
2711 48
2712 78
2713 52
2714 71
2715 41
2716 70
2717 56
2718 69
2719 40
2720 82
2721 51
2722 60
2723 45
2724 70
2725 68
2726 83
2727 61
2728 64
2729 62
2730 74
2731 56
2732 57
2733 56
2734 56
2735 64
2736 72
2737 60
2738 71
2739 58
2740 75
2741 68
2742 60
2743 52
2744 75
2745 61
2746 88
2747 47
2748 50
2749 60
2750 62
2751 29
2752 66
2753 65
2754 65
2755 51
2756 75
2757 56
2758 60
2759 43
2760 81
2761 64
2762 66
2763 42
2764 55
2765 54
2766 69
2767 31
2768 61
2769 57
2770 65
2771 46
2772 61
2773 65
2774 41
2775 55
2776 56
2777 62
2778 69
2779 51
2780 55
2781 78
2782 63
2783 33
2784 75
2785 64
2786 53
2787 57
2788 59
2789 44
2790 59
2791 55
2792 52
2793 57
2794 59
2795 65
2796 65
2797 57
2798 52
2799 40
2800 67
2801 54
2802 57
2803 45
2804 53
2805 49
2806 50
2807 50
2808 48
2809 60
2810 59
2811 49
2812 42
2813 35
2814 54
2815 20
2816 68
2817 48
2818 44
2819 44
2820 63
2821 59
2822 68
2823 34
2824 68
2825 48
2826 44
2827 55
2828 49
2829 43
2830 48
2831 28
2832 62
2833 51
2834 46
2835 41
2836 46
2837 54
2838 60
2839 30
2840 60
2841 41
2842 52
2843 40
2844 52
2845 41
2846 51
2847 19
2848 61
2849 44
2850 43
2851 41
2852 53
2853 41
2854 48
2855 41
2856 59
2857 52
2858 46
2859 51
2860 45
2861 36
2862 38
2863 47
2864 45
2865 49
2866 45
2867 52
2868 57
2869 44
2870 49
2871 32
2872 44
2873 24
2874 42
2875 31
2876 38
2877 32
2878 42
2879 12
2880 64
2881 47
2882 48
2883 40
2884 38
2885 53
2886 53
2887 31
2888 54
2889 47
2890 42
2891 23
2892 34
2893 30
2894 47
2895 26
2896 50
2897 46
2898 35
2899 40
2900 35
2901 45
2902 40
2903 36
2904 39
2905 30
2906 40
2907 28
2908 32
2909 40
2910 21
2911 16
2912 42
2913 24
2914 31
2915 43
2916 37
2917 30
2918 37
2919 24
2920 42
2921 31
2922 24
2923 30
2924 41
2925 30
2926 28
2927 26
2928 37
2929 35
2930 38
2931 27
2932 42
2933 26
2934 26
2935 20
2936 31
2937 25
2938 34
2939 24
2940 31
2941 26
2942 36
2943 15
2944 39
2945 35
2946 29
2947 25
2948 36
2949 26
2950 23
2951 19
2952 31
2953 27
2954 32
2955 29
2956 30
2957 33
2958 27
2959 25
2960 30
2961 34
2962 25
2963 21
2964 24
2965 32
2966 20
2967 23
2968 29
2969 32
2970 35
2971 20
2972 22
2973 31
2974 22
2975 14
2976 27
2977 21
2978 21
2979 23
2980 27
2981 27
2982 21
2983 22
2984 15
2985 23
2986 31
2987 19
2988 15
2989 21
2990 22
2991 19
2992 18
2993 14
2994 32
2995 15
2996 21
2997 22
2998 19
2999 24
3000 25
3001 33
3002 19
3003 22
3004 23
3005 28
3006 24
3007 12
3008 33
3009 25
3010 20
3011 20
3012 18
3013 24
3014 16
3015 16
3016 18
3017 28
3018 22
3019 20
3020 12
3021 14
3022 18
3023 18
3024 15
3025 20
3026 19
3027 13
3028 11
3029 15
3030 11
3031 14
3032 22
3033 22
3034 18
3035 10
3036 19
3037 16
3038 9
3039 11
3040 16
3041 13
3042 17
3043 15
3044 25
3045 16
3046 14
3047 15
3048 20
3049 18
3050 14
3051 16
3052 12
3053 19
3054 13
3055 10
3056 21
3057 11
3058 12
3059 7
3060 20
3061 13
3062 12
3063 8
3064 21
3065 15
3066 17
3067 9
3068 16
3069 10
3070 17
3071 2
3072 21
3073 12
3074 12
3075 6
3076 11
3077 9
3078 10
3079 14
3080 10
3081 13
3082 10
3083 7
3084 18
3085 15
3086 7
3087 7
3088 14
3089 16
3090 12
3091 10
3092 7
3093 11
3094 11
3095 10
3096 14
3097 14
3098 19
3099 13
3100 9
3101 9
3102 8
3103 3
3104 16
3105 14
3106 13
3107 7
3108 14
3109 9
3110 10
3111 6
3112 10
3113 11
3114 8
3115 8
3116 7
3117 8
3118 9
3119 11
3120 12
3121 6
3122 8
3123 6
3124 15
3125 11
3126 11
3127 4
3128 10
3129 6
3130 11
3131 4
3132 4
3133 3
3134 9
3135 6
3136 13
3137 5
3138 13
3139 3
3140 9
3141 9
3142 7
3143 2
3144 11
3145 8
3146 12
3147 3
3148 7
3149 7
3150 9
3151 4
3152 1
3153 8
3154 4
3155 8
3156 4
3157 8
3158 8
3159 4
3160 8
3161 4
3162 9
3163 3
3164 5
3165 8
3166 8
3167 4
3168 8
3169 8
3170 2
3171 1
3172 4
3173 11
3174 4
3175 5
3176 7
3177 5
3178 6
3179 3
3180 11
3181 8
3182 6
3183 5
3184 3
3185 7
3186 6
3187 3
3188 8
3189 7
3190 4
3191 4
3192 5
3193 3
3194 7
3195 3
3196 6
3197 7
3198 3
3199 2
3200 5
3201 4
3202 0
3203 4
3204 2
3205 2
3206 5
3207 4
3208 7
3209 2
3210 5
3211 2
3212 3
3213 5
3214 4
3215 2
3216 2
3217 6
3218 3
3219 1
3220 5
3221 4
3222 7
3223 1
3224 2
3225 2
3226 4
3227 3
3228 6
3229 1
3230 5
3231 3
3232 6
3233 5
3234 7
3235 2
3236 4
3237 6
3238 4
3239 1
3240 3
3241 4
3242 1
3243 1
3244 2
3245 3
3246 1
3247 4
3248 3
3249 2
3250 5
3251 1
3252 7
3253 3
3254 2
3255 1
3256 2
3257 6
3258 1
3259 0
3260 5
3261 1
3262 0
3263 2
3264 5
3265 0
3266 5
3267 1
3268 2
3269 3
3270 2
3271 1
3272 0
3273 2
3274 0
3275 3
3276 4
3277 4
3278 1
3279 4
3280 3
3281 4
3282 1
3283 1
3284 3
3285 0
3286 3
3287 1
3288 1
3289 3
3290 2
3291 3
3292 1
3293 0
3294 0
3295 1
3296 3
3297 0
3298 3
3299 1
3300 1
3301 2
3302 1
3303 2
3304 1
3305 2
3306 2
3307 2
3308 3
3309 3
3310 1
3311 0
3312 2
3313 3
3314 0
3315 1
3316 1
3317 1
3318 3
3319 2
3320 0
3321 3
3322 2
3323 1
3324 4
3325 3
3326 2
3327 1
3328 0
3329 1
3330 1
3331 0
3332 1
3333 1
3334 4
3335 0
3336 2
3337 1
3338 5
3339 1
3340 1
3341 2
3342 3
3343 0
3344 0
3345 0
3346 3
3347 1
3348 1
3349 1
3350 1
3351 2
3352 4
3353 2
3354 0
3355 0
3356 1
3357 0
3358 0
3359 2
3360 3
3361 2
3362 4
3363 0
3364 0
3365 0
3366 2
3367 0
3368 3
3369 1
3370 1
3371 0
3372 2
3373 2
3374 1
3375 0
3376 0
3377 2
3378 0
3379 0
3380 0
3381 0
3382 0
3383 0
3384 0
3385 1
3386 0
3387 0
3388 0
3389 3
3390 0
3391 0
3392 1
3393 1
3394 0
3395 0
3396 0
3397 1
3398 0
3399 0
3400 1
3401 1
3402 2
3403 0
3404 1
3405 0
3406 1
3407 0
3408 1
3409 1
3410 1
3411 0
3412 0
3413 1
3414 0
3415 1
3416 1
3417 0
3418 1
3419 0
3420 2
3421 0
3422 0
3423 0
3424 0
3425 0
3426 0
3427 1
3428 0
3429 0
3430 0
3431 0
3432 1
3433 0
3434 0
3435 0
3436 0
3437 1
3438 0
3439 0
3440 1
3441 0
3442 1
3443 0
3444 0
3445 2
3446 1
3447 0
3448 0
3449 0
3450 0
3451 0
3452 0
3453 1
3454 1
3455 1
3456 0
3457 1
3458 0
3459 0
3460 2
3461 1
3462 0
3463 1
3464 0
3465 1
3466 0
3467 0
3468 0
3469 0
3470 1
3471 1
3472 0
3473 0
3474 0
3475 0
3476 3
3477 0
3478 0
3479 1
3480 0
3481 0
3482 0
3483 1
3484 0
3485 0
3486 0
3487 0
3488 0
3489 0
3490 0
3491 0
3492 1
3493 1
3494 0
3495 0
3496 0
3497 0
3498 1
3499 0
3500 2
3501 0
3502 0
3503 0
3504 0
3505 1
3506 0
3507 0
3508 0
3509 0
3510 0
3511 1
3512 0
3513 0
3514 1
3515 0
3516 1
3517 1
3518 0
3519 0
3520 0
3521 0
3522 0
3523 1
3524 0
3525 0
3526 0
3527 0
3528 0
3529 1
3530 1
3531 0
3532 0
3533 0
3534 0
3535 1
3536 0
3537 0
3538 1
3539 1
3540 0
3541 0
3542 0
3543 0
3544 0
3545 0
3546 1
3547 0
3548 0
3549 0
3550 0
3551 0
3552 0
3553 0
3554 0
3555 0
3556 0
3557 0
3558 0
3559 0
3560 0
3561 0
3562 0
3563 0
3564 1
3565 0
3566 1
3567 0
3596 0
3597 1
3598 0
3599 0
3600 0
3601 0
3602 0
3603 0
3604 0
3605 0
3606 0
3607 0
3608 0
3609 0
3610 0
3611 0
3612 0
3613 0
3614 0
3615 0
3616 0
3617 0
3618 1
3619 0
3620 0
3621 0
3622 0
3623 1
3624 0
3693 0
3694 1
3695 0
3730 0
3731 1
3732 0
3733 0
3734 0
3735 0
3736 0
3737 0
3738 0
3739 0
3740 0
3741 0
3742 0
3743 0
3744 0
3745 0
3746 0
3747 0
3748 0
3749 0
3750 1
3751 0
3809 0
3810 2
3811 0
3812 0
3813 0
3814 0
3815 0
3816 0
3817 0
3818 0
3819 0
3820 0
3821 0
3822 0
3823 0
3824 0
3825 0
3826 0
3827 0
3828 0
3829 0
3830 1
3831 0
3914 0
3915 1
3916 0
4064 0
4065 1
4066 0
4092 0
4093 1
4094 0
4095 14
OK
