Histogram of ADC2:
8 0
9 24
10 75
11 1
12 0
13 0
14 0
15 0
16 1
17 0
18 0
19 0
20 0
21 0
22 0
23 6
24 141
25 885
26 1812
27 1999
28 1884
29 1768
30 1650
31 1313
32 1445
33 1268
34 1229
35 1017
36 896
37 779
38 648
39 628
40 513
41 447
42 384
43 351
44 356
45 309
46 304
47 256
48 205
49 212
50 193
51 188
52 150
53 154
54 149
55 134
56 131
57 115
58 98
59 97
60 98
61 76
62 68
63 50
64 62
65 63
66 59
67 48
68 49
69 39
70 37
71 43
72 44
73 40
74 33
75 33
76 36
77 17
78 40
79 23
80 31
81 21
82 19
83 27
84 13
85 18
86 23
87 17
88 16
89 15
90 20
91 11
92 15
93 13
94 10
95 11
96 6
97 13
98 4
99 8
100 8
101 14
102 6
103 6
104 7
105 7
106 11
107 7
108 5
109 13
110 12
111 8
112 10
113 4
114 4
115 2
116 0
117 3
118 3
119 3
120 4
121 2
122 6
123 2
124 3
125 2
126 2
127 3
128 5
129 2
130 2
131 9
132 2
133 1
134 3
135 3
136 1
137 1
138 2
139 2
140 0
141 4
142 3
143 3
144 1
145 3
146 1
147 0
148 3
149 0
150 2
151 2
152 1
153 2
154 3
155 2
156 0
157 0
158 1
159 2
160 3
161 0
162 1
163 2
164 2
165 0
166 1
167 0
168 1
169 1
170 0
171 1
172 2
173 1
174 1
175 2
176 1
177 0
178 2
179 2
180 2
181 2
182 0
183 1
184 1
185 0
186 2
187 2
188 1
189 1
190 3
191 0
192 2
193 0
194 0
195 0
196 2
197 0
198 1
199 0
200 2
201 0
202 0
203 0
204 1
205 0
206 2
207 0
208 2
209 0
210 1
211 3
212 0
213 0
214 0
215 0
216 2
217 1
218 0
219 1
220 0
221 0
222 0
223 1
224 1
225 1
226 1
227 2
228 1
229 1
230 0
231 0
232 0
233 0
234 0
235 1
236 0
237 0
238 0
239 1
240 1
241 0
242 0
243 1
244 1
245 1
246 0
247 0
248 0
249 0
250 0
251 1
252 0
253 2
254 0
255 0
256 1
257 0
258 0
259 1
260 0
261 0
262 0
263 0
264 1
265 0
289 0
290 1
291 0
292 0
293 1
294 0
295 0
296 0
297 0
298 0
299 0
300 0
301 0
302 0
303 1
304 0
305 0
306 0
307 0
308 0
309 0
310 1
311 1
312 0
342 0
343 1
344 1
345 0
346 0
347 0
348 0
349 0
350 0
351 0
352 0
353 0
354 0
355 0
356 0
357 0
358 0
359 0
360 0
361 1
362 0
363 0
364 0
365 0
366 0
367 0
368 1
369 1
370 0
450 0
451 1
452 0
539 0
540 1
541 0
713 0
714 1
715 0
4094 0
4095 1
OK
