Histogram of ADC0:
290 0
291 1
292 0
293 1
294 2
295 0
296 5
297 1
298 4
299 8
300 9
301 7
302 9
303 7
304 0
305 7
306 6
307 4
308 2
309 4
310 3
311 1
312 1
313 2
314 6
315 3
316 0
317 0
318 1
319 1
320 0
321 1
322 1
323 1
324 0
325 0
326 0
327 0
328 0
329 1
330 1
331 0
455 0
456 1
457 0
627 0
628 1
629 1
630 0
631 0
632 1
633 0
634 0
635 1
636 2
637 0
638 0
639 0
640 0
641 0
642 2
643 2
644 2
645 4
646 1
647 3
648 5
649 4
650 5
651 7
652 9
653 8
654 7
655 9
656 13
657 17
658 6
659 12
660 17
661 17
662 18
663 16
664 19
665 20
666 32
667 32
668 32
669 24
670 26
671 23
672 32
673 28
674 39
675 35
676 42
677 53
678 41
679 44
680 45
681 48
682 54
683 57
684 68
685 65
686 60
687 59
688 62
689 66
690 76
691 61
692 73
693 67
694 73
695 61
696 75
697 83
698 81
699 64
700 69
701 76
702 76
703 62
704 96
705 110
706 73
707 70
708 75
709 96
710 75
711 75
712 97
713 82
714 85
715 90
716 98
717 93
718 77
719 81
720 103
721 85
722 75
723 75
724 77
725 69
726 84
727 86
728 77
729 82
730 95
731 71
732 75
733 81
734 92
735 56
736 86
737 78
738 65
739 91
740 83
741 64
742 93
743 80
744 74
745 77
746 87
747 80
748 95
749 62
750 79
751 72
752 58
753 80
754 75
755 76
756 78
757 72
758 75
759 57
760 75
761 88
762 78
763 63
764 78
765 83
766 84
767 57
768 90
769 80
770 89
771 70
772 76
773 75
774 68
775 68
776 60
777 48
778 99
779 69
780 72
781 75
782 95
783 68
784 76
785 74
786 66
787 64
788 76
789 82
790 61
791 62
792 80
793 69
794 66
795 69
796 69
797 83
798 60
799 45
800 69
801 60
802 78
803 57
804 50
805 63
806 66
807 51
808 72
809 60
810 62
811 61
812 67
813 53
814 59
815 75
816 74
817 71
818 68
819 65
820 62
821 63
822 64
823 59
824 66
825 62
826 73
827 44
828 50
829 63
830 76
831 60
832 59
833 69
834 57
835 58
836 51
837 84
838 59
839 64
840 58
841 66
842 51
843 54
844 57
845 54
846 60
847 56
848 61
849 60
850 58
851 53
852 60
853 61
854 57
855 50
856 70
857 72
858 50
859 37
860 58
861 48
862 61
863 34
864 54
865 48
866 54
867 46
868 49
869 49
870 48
871 51
872 44
873 41
874 60
875 45
876 50
877 58
878 50
879 50
880 57
881 50
882 59
883 53
884 56
885 44
886 58
887 52
888 61
889 46
890 61
891 40
892 52
893 47
894 46
895 42
896 50
897 37
898 56
899 37
900 55
901 52
902 51
903 45
904 53
905 47
906 46
907 45
908 49
909 37
910 42
911 38
912 41
913 49
914 36
915 43
916 43
917 43
918 50
919 38
920 45
921 38
922 39
923 40
924 47
925 39
926 37
927 27
928 43
929 46
930 31
931 33
932 40
933 25
934 47
935 25
936 33
937 29
938 42
939 34
940 41
941 35
942 36
943 44
944 34
945 34
946 41
947 34
948 36
949 28
950 39
951 32
952 36
953 41
954 23
955 47
956 30
957 41
958 36
959 28
960 36
961 36
962 32
963 24
964 30
965 35
966 35
967 32
968 35
969 31
970 36
971 25
972 34
973 39
974 30
975 34
976 34
977 30
978 29
979 31
980 31
981 32
982 25
983 30
984 38
985 22
986 23
987 29
988 23
989 19
990 37
991 25
992 34
993 36
994 21
995 30
996 22
997 32
998 29
999 17
1000 27
1001 23
1002 21
1003 27
1004 25
1005 25
1006 13
1007 25
1008 27
1009 21
1010 19
1011 23
1012 22
1013 18
1014 24
1015 23
1016 21
1017 15
1018 18
1019 35
1020 29
1021 24
1022 21
1023 8
1024 21
1025 26
1026 24
1027 17
1028 18
1029 22
1030 22
1031 15
1032 22
1033 12
1034 23
1035 20
1036 21
1037 14
1038 21
1039 18
1040 25
1041 25
1042 21
1043 10
1044 23
1045 24
1046 13
1047 19
1048 21
1049 17
1050 23
1051 14
1052 12
1053 17
1054 25
1055 15
1056 23
1057 14
1058 16
1059 15
1060 20
1061 24
1062 22
1063 18
1064 21
1065 13
1066 16
1067 18
1068 29
1069 16
1070 14
1071 13
1072 20
1073 20
1074 19
1075 14
1076 20
1077 13
1078 17
1079 16
1080 21
1081 17
1082 13
1083 15
1084 12
1085 14
1086 14
1087 9
1088 17
1089 18
1090 23
1091 14
1092 16
1093 18
1094 8
1095 15
1096 10
1097 18
1098 17
1099 12
1100 16
1101 21
1102 9
1103 6
1104 18
1105 15
1106 15
1107 16
1108 19
1109 13
1110 17
1111 14
1112 8
1113 12
1114 18
1115 20
1116 12
1117 11
1118 11
1119 12
1120 19
1121 14
1122 14
1123 15
1124 15
1125 21
1126 15
1127 10
1128 17
1129 16
1130 23
1131 13
1132 17
1133 15
1134 16
1135 6
1136 14
1137 13
1138 17
1139 12
1140 12
1141 12
1142 15
1143 13
1144 15
1145 13
1146 17
1147 10
1148 15
1149 12
1150 11
1151 8
1152 17
1153 10
1154 19
1155 11
1156 13
1157 9
1158 20
1159 13
1160 12
1161 13
1162 10
1163 15
1164 11
1165 13
1166 11
1167 13
1168 16
1169 16
1170 15
1171 14
1172 16
1173 11
1174 12
1175 17
1176 14
1177 15
1178 15
1179 10
1180 9
1181 11
1182 10
1183 8
1184 7
1185 8
1186 11
1187 11
1188 10
1189 15
1190 19
1191 10
1192 12
1193 12
1194 12
1195 10
1196 9
1197 9
1198 7
1199 6
1200 14
1201 12
1202 6
1203 14
1204 8
1205 12
1206 11
1207 7
1208 8
1209 13
1210 5
1211 8
1212 13
1213 8
1214 10
1215 7
1216 18
1217 9
1218 13
1219 7
1220 10
1221 4
1222 9
1223 13
1224 8
1225 9
1226 7
1227 8
1228 14
1229 10
1230 3
1231 6
1232 14
1233 9
1234 10
1235 4
1236 8
1237 10
1238 9
1239 8
1240 14
1241 10
1242 5
1243 6
1244 6
1245 7
1246 12
1247 7
1248 11
1249 6
1250 8
1251 9
1252 15
1253 9
1254 11
1255 8
1256 8
1257 13
1258 12
1259 5
1260 5
1261 10
1262 4
1263 8
1264 6
1265 4
1266 11
1267 13
1268 9
1269 5
1270 17
1271 6
1272 7
1273 8
1274 7
1275 3
1276 10
1277 7
1278 8
1279 7
1280 12
1281 7
1282 8
1283 6
1284 14
1285 12
1286 7
1287 6
1288 11
1289 6
1290 8
1291 12
1292 8
1293 5
1294 5
1295 5
1296 10
1297 4
1298 10
1299 8
1300 8
1301 7
1302 8
1303 5
1304 7
1305 6
1306 9
1307 10
1308 8
1309 4
1310 7
1311 7
1312 12
1313 4
1314 9
1315 5
1316 12
1317 3
1318 8
1319 1
1320 5
1321 5
1322 4
1323 5
1324 5
1325 5
1326 7
1327 2
1328 4
1329 6
1330 7
1331 6
1332 12
1333 11
1334 5
1335 6
1336 9
1337 8
1338 9
1339 6
1340 7
1341 6
1342 6
1343 4
1344 15
1345 2
1346 5
1347 8
1348 6
1349 3
1350 6
1351 6
1352 6
1353 5
1354 7
1355 5
1356 7
1357 7
1358 7
1359 5
1360 2
1361 11
1362 5
1363 1
1364 5
1365 8
1366 7
1367 5
1368 10
1369 8
1370 4
1371 5
1372 8
1373 9
1374 2
1375 7
1376 6
1377 5
1378 3
1379 10
1380 5
1381 10
1382 3
1383 6
1384 6
1385 5
1386 8
1387 10
1388 3
1389 5
1390 6
1391 8
1392 9
1393 5
1394 8
1395 2
1396 2
1397 3
1398 5
1399 2
1400 3
1401 4
1402 5
1403 6
1404 9
1405 6
1406 6
1407 6
1408 7
1409 1
1410 7
1411 4
1412 7
1413 5
1414 8
1415 5
1416 6
1417 7
1418 5
1419 2
1420 9
1421 9
1422 7
1423 2
1424 3
1425 4
1426 5
1427 3
1428 4
1429 9
1430 8
1431 9
1432 5
1433 5
1434 4
1435 0
1436 7
1437 4
1438 4
1439 3
1440 3
1441 4
1442 6
1443 6
1444 8
1445 3
1446 5
1447 3
1448 3
1449 4
1450 5
1451 5
1452 3
1453 6
1454 4
1455 5
1456 4
1457 6
1458 2
1459 7
1460 6
1461 1
1462 7
1463 5
1464 4
1465 2
1466 3
1467 6
1468 3
1469 3
1470 4
1471 3
1472 6
1473 6
1474 4
1475 4
1476 1
1477 5
1478 4
1479 5
1480 2
1481 7
1482 9
1483 3
1484 6
1485 3
1486 5
1487 2
1488 4
1489 2
1490 4
1491 3
1492 3
1493 5
1494 3
1495 5
1496 2
1497 7
1498 4
1499 3
1500 4
1501 5
1502 3
1503 2
1504 1
1505 4
1506 4
1507 4
1508 3
1509 6
1510 2
1511 1
1512 7
1513 3
1514 3
1515 5
1516 4
1517 2
1518 7
1519 5
1520 11
1521 6
1522 0
1523 1
1524 1
1525 8
1526 2
1527 4
1528 9
1529 0
1530 5
1531 4
1532 6
1533 3
1534 1
1535 2
1536 3
1537 1
1538 4
1539 4
1540 6
1541 6
1542 2
1543 2
1544 3
1545 0
1546 7
1547 0
1548 1
1549 1
1550 2
1551 3
1552 1
1553 3
1554 1
1555 1
1556 6
1557 3
1558 4
1559 4
1560 4
1561 3
1562 1
1563 3
1564 2
1565 3
1566 1
1567 4
1568 2
1569 4
1570 3
1571 3
1572 1
1573 2
1574 2
1575 5
1576 3
1577 1
1578 0
1579 2
1580 5
1581 3
1582 4
1583 2
1584 2
1585 4
1586 3
1587 3
1588 1
1589 3
1590 4
1591 1
1592 2
1593 1
1594 2
1595 3
1596 1
1597 3
1598 3
1599 2
1600 2
1601 1
1602 1
1603 1
1604 1
1605 6
1606 3
1607 1
1608 1
1609 1
1610 5
1611 3
1612 4
1613 3
1614 3
1615 1
1616 2
1617 3
1618 1
1619 3
1620 5
1621 3
1622 2
1623 1
1624 1
1625 2
1626 2
1627 3
1628 1
1629 4
1630 1
1631 1
1632 2
1633 3
1634 5
1635 2
1636 5
1637 3
1638 0
1639 2
1640 0
1641 4
1642 3
1643 3
1644 4
1645 3
1646 2
1647 4
1648 6
1649 4
1650 2
1651 1
1652 2
1653 2
1654 2
1655 2
1656 3
1657 2
1658 1
1659 7
1660 4
1661 0
1662 4
1663 0
1664 5
1665 1
1666 5
1667 1
1668 5
1669 3
1670 2
1671 0
1672 0
1673 1
1674 0
1675 1
1676 1
1677 3
1678 2
1679 4
1680 3
1681 3
1682 1
1683 2
1684 5
1685 3
1686 1
1687 1
1688 0
1689 2
1690 1
1691 1
1692 2
1693 1
1694 3
1695 2
1696 1
1697 3
1698 1
1699 4
1700 0
1701 1
1702 3
1703 4
1704 2
1705 2
1706 1
1707 1
1708 2
1709 1
1710 3
1711 2
1712 3
1713 3
1714 2
1715 2
1716 2
1717 4
1718 1
1719 1
1720 1
1721 4
1722 1
1723 2
1724 1
1725 1
1726 2
1727 2
1728 1
1729 1
1730 2
1731 1
1732 0
1733 1
1734 2
1735 1
1736 1
1737 3
1738 3
1739 1
1740 1
1741 0
1742 2
1743 1
1744 3
1745 1
1746 2
1747 2
1748 1
1749 4
1750 5
1751 1
1752 2
1753 0
1754 3
1755 2
1756 1
1757 1
1758 1
1759 2
1760 1
1761 3
1762 0
1763 4
1764 2
1765 1
1766 0
1767 1
1768 3
1769 2
1770 5
1771 1
1772 5
1773 2
1774 2
1775 0
1776 1
1777 3
1778 2
1779 1
1780 0
1781 1
1782 2
1783 0
1784 1
1785 2
1786 3
1787 1
1788 3
1789 2
1790 1
1791 1
1792 3
1793 2
1794 1
1795 1
1796 0
1797 1
1798 2
1799 2
1800 2
1801 3
1802 2
1803 0
1804 3
1805 3
1806 1
1807 3
1808 0
1809 2
1810 4
1811 1
1812 4
1813 4
1814 2
1815 0
1816 3
1817 1
1818 1
1819 1
1820 3
1821 0
1822 2
1823 0
1824 1
1825 3
1826 0
1827 4
1828 2
1829 1
1830 1
1831 1
1832 1
1833 0
1834 2
1835 2
1836 2
1837 3
1838 3
1839 1
1840 2
1841 0
1842 1
1843 2
1844 0
1845 0
1846 2
1847 3
1848 0
1849 4
1850 3
1851 1
1852 3
1853 3
1854 2
1855 1
1856 2
1857 0
1858 0
1859 0
1860 3
1861 1
1862 0
1863 1
1864 3
1865 0
1866 2
1867 0
1868 2
1869 0
1870 2
1871 1
1872 1
1873 1
1874 1
1875 4
1876 1
1877 0
1878 1
1879 0
1880 2
1881 3
1882 3
1883 1
1884 1
1885 0
1886 0
1887 2
1888 3
1889 1
1890 2
1891 1
1892 1
1893 3
1894 2
1895 4
1896 0
1897 1
1898 2
1899 1
1900 3
1901 0
1902 1
1903 1
1904 2
1905 1
1906 1
1907 0
1908 0
1909 0
1910 1
1911 0
1912 1
1913 2
1914 0
1915 0
1916 1
1917 1
1918 2
1919 0
1920 0
1921 0
1922 0
1923 2
1924 0
1925 2
1926 2
1927 1
1928 5
1929 0
1930 1
1931 1
1932 0
1933 1
1934 2
1935 2
1936 3
1937 3
1938 1
1939 1
1940 3
1941 1
1942 3
1943 4
1944 1
1945 1
1946 2
1947 0
1948 2
1949 0
1950 1
1951 2
1952 2
1953 1
1954 1
1955 1
1956 0
1957 1
1958 0
1959 2
1960 1
1961 0
1962 0
1963 0
1964 1
1965 2
1966 1
1967 2
1968 1
1969 0
1970 0
1971 2
1972 1
1973 0
1974 2
1975 1
1976 1
1977 0
1978 2
1979 2
1980 1
1981 1
1982 0
1983 0
1984 2
1985 2
1986 1
1987 0
1988 2
1989 1
1990 0
1991 3
1992 2
1993 1
1994 1
1995 3
1996 1
1997 0
1998 2
1999 2
2000 1
2001 0
2002 0
2003 1
2004 1
2005 2
2006 4
2007 3
2008 1
2009 1
2010 1
2011 0
2012 1
2013 1
2014 0
2015 0
2016 2
2017 1
2018 1
2019 1
2020 0
2021 0
2022 1
2023 0
2024 1
2025 1
2026 0
2027 1
2028 1
2029 0
2030 0
2031 2
2032 2
2033 2
2034 0
2035 1
2036 1
2037 1
2038 0
2039 3
2040 3
2041 2
2042 0
2043 0
2044 0
2045 2
2046 2
2047 0
2048 1
2049 0
2050 1
2051 0
2052 0
2053 0
2054 0
2055 0
2056 0
2057 2
2058 0
2059 2
2060 3
2061 0
2062 0
2063 0
2064 0
2065 1
2066 4
2067 0
2068 1
2069 0
2070 2
2071 1
2072 1
2073 0
2074 0
2075 0
2076 0
2077 1
2078 2
2079 0
2080 2
2081 1
2082 1
2083 0
2084 0
2085 1
2086 0
2087 0
2088 1
2089 1
2090 0
2091 0
2092 2
2093 0
2094 0
2095 2
2096 1
2097 2
2098 1
2099 3
2100 0
2101 0
2102 0
2103 2
2104 1
2105 1
2106 1
2107 1
2108 2
2109 0
2110 0
2111 0
2112 0
2113 1
2114 0
2115 1
2116 0
2117 0
2118 3
2119 0
2120 1
2121 2
2122 1
2123 0
2124 0
2125 0
2126 0
2127 1
2128 0
2129 2
2130 2
2131 1
2132 0
2133 2
2134 2
2135 1
2136 0
2137 0
2138 0
2139 0
2140 1
2141 2
2142 3
2143 1
2144 0
2145 0
2146 0
2147 2
2148 1
2149 0
2150 0
2151 0
2152 0
2153 2
2154 0
2155 1
2156 1
2157 3
2158 0
2159 2
2160 0
2161 0
2162 1
2163 0
2164 0
2165 0
2166 0
2167 0
2168 0
2169 0
2170 4
2171 1
2172 2
2173 0
2174 1
2175 0
2176 0
2177 1
2178 0
2179 1
2180 0
2181 1
2182 1
2183 0
2184 0
2185 4
2186 0
2187 1
2188 1
2189 1
2190 0
2191 1
2192 2
2193 0
2194 0
2195 2
2196 0
2197 0
2198 1
2199 0
2200 1
2201 0
2202 2
2203 1
2204 0
2205 1
2206 2
2207 0
2208 1
2209 1
2210 0
2211 2
2212 1
2213 1
2214 0
2215 0
2216 0
2217 0
2218 0
2219 1
2220 0
2221 0
2222 0
2223 1
2224 2
2225 1
2226 0
2227 1
2228 2
2229 3
2230 0
2231 1
2232 2
2233 0
2234 3
2235 0
2236 1
2237 0
2238 0
2239 0
2240 0
2241 1
2242 1
2243 0
2244 0
2245 1
2246 0
2247 0
2248 0
2249 0
2250 1
2251 1
2252 1
2253 1
2254 0
2255 0
2256 1
2257 0
2258 0
2259 1
2260 0
2261 2
2262 0
2263 1
2264 1
2265 1
2266 2
2267 0
2268 1
2269 1
2270 0
2271 0
2272 2
2273 0
2274 0
2275 0
2276 0
2277 1
2278 0
2279 1
2280 1
2281 1
2282 0
2283 0
2284 0
2285 2
2286 1
2287 2
2288 1
2289 0
2290 1
2291 0
2292 0
2293 0
2294 0
2295 1
2296 1
2297 2
2298 0
2299 0
2300 1
2301 1
2302 0
2303 0
2304 0
2305 1
2306 0
2307 0
2308 2
2309 1
2310 1
2311 0
2312 0
2313 0
2314 1
2315 0
2316 0
2317 1
2318 0
2319 0
2320 0
2321 0
2322 2
2323 0
2324 1
2325 1
2326 0
2327 0
2328 1
2329 0
2330 0
2331 0
2332 0
2333 0
2334 1
2335 1
2336 1
2337 1
2338 1
2339 0
2340 0
2341 0
2342 0
2343 0
2344 0
2345 1
2346 1
2347 1
2348 0
2349 0
2350 1
2351 0
2352 2
2353 2
2354 1
2355 1
2356 0
2357 0
2358 0
2359 0
2360 0
2361 1
2362 0
2363 0
2364 0
2365 0
2366 1
2367 0
2368 0
2369 0
2370 0
2371 0
2372 1
2373 0
2374 0
2375 0
2376 0
2377 0
2378 1
2379 0
2380 0
2381 0
2382 0
2383 1
2384 1
2385 1
2386 0
2387 0
2388 0
2389 0
2390 0
2391 0
2392 1
2393 0
2394 1
2395 0
2396 0
2397 1
2398 0
2399 1
2400 0
2401 0
2402 1
2403 2
2404 1
2405 1
2406 0
2407 0
2408 1
2409 1
2410 1
2411 0
2412 0
2413 0
2414 1
2415 1
2416 2
2417 0
2418 0
2419 0
2420 0
2421 0
2422 0
2423 0
2424 0
2425 0
2426 1
2427 0
2428 0
2429 0
2430 0
2431 0
2432 0
2433 0
2434 0
2435 0
2436 0
2437 1
2438 0
2439 1
2440 0
2441 0
2442 0
2443 0
2444 0
2445 1
2446 0
2447 0
2448 0
2449 0
2450 0
2451 0
2452 1
2453 0
2454 2
2455 0
2456 0
2457 0
2458 1
2459 1
2460 0
2461 0
2462 0
2463 0
2464 0
2465 0
2466 1
2467 0
2468 1
2469 0
2470 0
2471 0
2472 0
2473 2
2474 0
2475 1
2476 1
2477 0
2478 0
2479 0
2480 1
2481 1
2482 0
2483 0
2484 0
2485 0
2486 0
2487 1
2488 1
2489 1
2490 0
2491 2
2492 2
2493 0
2494 0
2495 1
2496 0
2497 1
2498 1
2499 1
2500 0
2501 0
2502 0
2503 1
2504 0
2505 0
2506 1
2507 0
2508 1
2509 1
2510 0
2511 0
2512 2
2513 0
2514 0
2515 0
2516 0
2517 0
2518 1
2519 0
2520 1
2521 0
2522 0
2523 0
2524 0
2525 0
2526 0
2527 0
2528 0
2529 0
2530 1
2531 0
2532 0
2533 0
2534 0
2535 0
2536 0
2537 0
2538 1
2539 0
2540 0
2541 0
2542 0
2543 1
2544 0
2545 1
2546 0
2547 1
2548 0
2549 0
2550 0
2551 1
2552 0
2553 1
2554 0
2555 1
2556 0
2557 1
2558 1
2559 0
2560 0
2561 0
2562 0
2563 0
2564 0
2565 1
2566 1
2567 1
2568 0
2569 0
2570 0
2571 0
2572 0
2573 0
2574 0
2575 0
2576 1
2577 0
2578 0
2579 1
2580 0
2581 0
2582 0
2583 0
2584 1
2585 1
2586 1
2587 1
2588 0
2589 0
2590 0
2591 0
2592 0
2593 0
2594 0
2595 0
2596 0
2597 0
2598 0
2599 0
2600 0
2601 1
2602 0
2603 3
2604 0
2605 0
2606 0
2607 1
2608 1
2609 0
2610 0
2611 0
2612 1
2613 0
2614 0
2615 0
2616 0
2617 0
2618 0
2619 0
2620 0
2621 0
2622 3
2623 0
2624 0
2625 0
2626 0
2627 0
2628 1
2629 0
2630 0
2631 1
2632 0
2633 1
2634 0
2635 0
2636 1
2637 1
2638 0
2639 1
2640 2
2641 0
2642 0
2643 0
2644 0
2645 1
2646 0
2647 0
2648 0
2649 0
2650 1
2651 1
2652 0
2653 0
2654 1
2655 0
2656 0
2657 0
2658 0
2659 0
2660 1
2661 0
2662 0
2663 0
2664 0
2665 1
2666 0
2667 1
2668 0
2669 0
2670 0
2671 0
2672 0
2673 0
2674 0
2675 0
2676 0
2677 0
2678 0
2679 1
2680 1
2681 0
2682 0
2683 1
2684 1
2685 1
2686 1
2687 0
2688 0
2689 1
2690 1
2691 0
2692 1
2693 2
2694 0
2695 0
2696 0
2697 1
2698 0
2699 1
2700 1
2701 0
2702 0
2703 2
2704 0
2705 0
2706 0
2707 2
2708 0
2709 0
2710 2
2711 1
2712 1
2713 0
2714 1
2715 0
2716 0
2717 0
2718 0
2719 0
2720 0
2721 0
2722 0
2723 0
2724 1
2725 0
2726 1
2727 1
2728 0
2729 1
2730 0
2731 0
2732 0
2733 0
2734 0
2735 0
2736 1
2737 0
2738 0
2739 0
2740 1
2741 1
2742 1
2743 1
2744 1
2745 0
2746 0
2747 0
2748 0
2749 0
2750 2
2751 0
2752 1
2753 1
2754 1
2755 0
2756 0
2757 1
2758 0
2759 1
2760 0
2761 0
2762 1
2763 0
2764 0
2765 1
2766 0
2767 0
2768 0
2769 0
2770 1
2771 1
2772 0
2773 1
2774 0
2775 1
2776 0
2777 0
2778 0
2779 0
2780 0
2781 1
2782 0
2802 0
2803 1
2804 0
2805 0
2806 0
2807 0
2808 0
2809 0
2810 2
2811 0
2812 0
2813 0
2814 0
2815 0
2816 1
2817 0
2818 0
2819 0
2820 0
2821 0
2822 0
2823 0
2824 0
2825 0
2826 0
2827 0
2828 1
2829 0
2830 1
2831 0
2865 0
2866 1
2867 0
2868 0
2869 0
2870 0
2871 0
2872 0
2873 0
2874 0
2875 0
2876 0
2877 0
2878 0
2879 0
2880 0
2881 0
2882 0
2883 0
2884 0
2885 2
2886 0
2887 0
2888 0
2889 0
2890 0
2891 0
2892 0
2893 0
2894 0
2895 1
2896 0
2897 0
2898 0
2899 1
2900 0
2901 0
2902 0
2903 0
2904 0
2905 0
2906 0
2907 0
2908 0
2909 0
2910 0
2911 0
2912 1
2913 0
2914 0
2915 0
2916 0
2917 1
2918 0
2919 0
2920 0
2921 0
2922 0
2923 0
2924 0
2925 0
2926 1
2927 0
2928 0
2929 0
2930 0
2931 0
2932 0
2933 0
2934 0
2935 0
2936 0
2937 0
2938 0
2939 0
2940 0
2941 0
2942 1
2943 0
2944 0
2945 0
2946 0
2947 0
2948 0
2949 0
2950 0
2951 0
2952 1
2953 1
2954 0
2955 0
2956 1
2957 0
2958 1
2959 0
2980 0
2981 1
2982 0
2983 0
2984 0
2985 0
2986 0
2987 0
2988 0
2989 0
2990 2
2991 0
2992 0
2993 1
2994 0
2995 1
2996 0
2997 0
2998 1
2999 0
3000 1
3001 0
3002 0
3003 0
3004 0
3005 0
3006 0
3007 0
3008 1
3009 0
3010 0
3011 0
3012 0
3013 0
3014 1
3015 0
3016 0
3017 0
3018 0
3019 0
3020 0
3021 0
3022 0
3023 0
3024 0
3025 0
3026 1
3027 0
3028 0
3029 0
3030 0
3031 0
3032 0
3033 0
3034 0
3035 0
3036 0
3037 0
3038 0
3039 0
3040 0
3041 0
3042 0
3043 1
3044 0
3045 0
3046 0
3047 0
3048 0
3049 0
3050 0
3051 0
3052 0
3053 0
3054 0
3055 0
3056 1
3057 1
3058 0
3059 0
3060 0
3061 0
3062 0
3063 0
3064 0
3065 0
3066 0
3067 0
3068 0
3069 0
3070 0
3071 0
3072 1
3073 0
3074 0
3075 0
3076 0
3077 0
3078 0
3079 0
3080 1
3081 0
3082 0
3083 0
3084 0
3085 0
3086 0
3087 0
3088 0
3089 0
3090 0
3091 1
3092 0
3093 0
3094 0
3095 0
3096 0
3097 0
3098 0
3099 0
3100 0
3101 0
3102 0
3103 0
3104 1
3105 0
3106 1
3107 1
3108 0
3109 0
3110 0
3111 0
3112 0
3113 0
3114 0
3115 0
3116 0
3117 0
3118 0
3119 0
3120 0
3121 0
3122 0
3123 0
3124 1
3125 0
3126 1
3127 0
3128 0
3129 0
3130 0
3131 1
3132 0
3133 0
3134 0
3135 0
3136 0
3137 0
3138 0
3139 0
3140 0
3141 0
3142 0
3143 1
3144 1
3145 0
3146 1
3147 0
3148 0
3149 0
3150 0
3151 0
3152 0
3153 0
3154 0
3155 0
3156 0
3157 1
3158 0
3159 0
3160 0
3161 0
3162 1
3163 0
3184 0
3185 1
3186 0
3187 0
3188 0
3189 0
3190 0
3191 0
3192 0
3193 0
3194 0
3195 0
3196 0
3197 0
3198 0
3199 0
3200 0
3201 0
3202 2
3203 0
3204 0
3205 1
3206 0
3207 0
3208 1
3209 0
3210 1
3211 0
3212 0
3213 0
3214 0
3215 0
3216 0
3217 0
3218 0
3219 1
3220 0
3221 0
3222 1
3223 0
3224 1
3225 2
3226 0
3227 1
3228 0
3229 1
3230 0
3264 0
3265 1
3266 0
3267 0
3268 0
3269 0
3270 0
3271 0
3272 0
3273 1
3274 0
3275 0
3276 0
3277 0
3278 0
3279 0
3280 0
3281 0
3282 0
3283 0
3284 0
3285 0
3286 0
3287 0
3288 0
3289 1
3290 1
3291 0
3292 0
3293 0
3294 0
3295 1
3296 0
3297 0
3298 0
3299 0
3300 0
3301 0
3302 0
3303 0
3304 0
3305 0
3306 1
3307 0
3308 0
3309 0
3310 1
3311 0
3336 0
3337 1
3338 0
3339 0
3340 0
3341 0
3342 0
3343 0
3344 0
3345 0
3346 0
3347 0
3348 0
3349 0
3350 0
3351 0
3352 0
3353 0
3354 0
3355 0
3356 1
3357 0
3358 0
3359 0
3360 0
3361 0
3362 0
3363 0
3364 0
3365 0
3366 0
3367 0
3368 0
3369 1
3370 0
3371 0
3372 0
3373 0
3374 0
3375 0
3376 0
3377 0
3378 0
3379 0
3380 0
3381 0
3382 0
3383 0
3384 0
3385 1
3386 0
3387 0
3388 0
3389 0
3390 0
3391 0
3392 0
3393 0
3394 0
3395 1
3396 0
3397 0
3398 0
3399 0
3400 0
3401 1
3402 0
3436 0
3437 1
3438 0
3439 0
3440 0
3441 0
3442 0
3443 0
3444 0
3445 1
3446 0
3447 0
3448 0
3449 0
3450 0
3451 0
3452 0
3453 0
3454 0
3455 0
3456 1
3457 0
3458 0
3459 0
3460 0
3461 1
3462 0
3463 0
3464 0
3465 0
3466 0
3467 0
3468 0
3469 0
3470 0
3471 0
3472 0
3473 0
3474 1
3475 0
3476 0
3477 2
3478 0
3479 0
3480 0
3481 0
3482 0
3483 0
3484 0
3485 0
3486 0
3487 0
3488 0
3489 0
3490 1
3491 0
3492 0
3493 0
3494 0
3495 0
3496 0
3497 1
3498 0
3499 0
3500 0
3501 0
3502 0
3503 0
3504 0
3505 0
3506 0
3507 0
3508 0
3509 0
3510 0
3511 0
3512 1
3513 0
3539 0
3540 1
3541 0
3542 0
3543 0
3544 1
3545 0
3546 0
3547 0
3548 0
3549 0
3550 0
3551 0
3552 0
3553 0
3554 0
3555 0
3556 1
3557 0
3558 0
3559 0
3560 0
3561 0
3562 0
3563 1
3564 0
3565 0
3566 0
3567 1
3568 0
3606 0
3607 1
3608 0
3609 0
3610 0
3611 0
3612 0
3613 0
3614 1
3615 0
3616 0
3617 1
3618 0
3663 0
3664 2
3665 0
3700 0
3701 1
3702 0
3703 0
3704 0
3705 1
3706 0
3707 0
3708 0
3709 0
3710 0
3711 0
3712 0
3713 0
3714 0
3715 0
3716 0
3717 0
3718 0
3719 0
3720 0
3721 0
3722 0
3723 0
3724 0
3725 0
3726 1
3727 0
3728 0
3729 0
3730 0
3731 0
3732 0
3733 0
3734 0
3735 0
3736 0
3737 0
3738 0
3739 0
3740 0
3741 1
3742 0
3743 0
3744 0
3745 0
3746 0
3747 0
3748 0
3749 0
3750 0
3751 0
3752 2
3753 0
3754 0
3755 0
3756 0
3757 0
3758 0
3759 0
3760 0
3761 0
3762 1
3763 0
3764 0
3765 0
3766 0
3767 0
3768 0
3769 0
3770 0
3771 0
3772 0
3773 0
3774 0
3775 1
3776 1
3777 0
3778 0
3779 0
3780 0
3781 0
3782 0
3783 0
3784 0
3785 0
3786 0
3787 0
3788 0
3789 0
3790 0
3791 0
3792 0
3793 0
3794 0
3795 1
3796 0
3866 0
3867 1
3868 0
3869 0
3870 0
3871 0
3872 0
3873 0
3874 0
3875 1
3876 0
3877 0
3878 0
3879 0
3880 0
3881 0
3882 0
3883 0
3884 0
3885 0
3886 0
3887 0
3888 0
3889 0
3890 0
3891 0
3892 0
3893 0
3894 0
3895 0
3896 1
3897 0
3898 0
3899 0
3900 0
3901 0
3902 0
3903 0
3904 0
3905 0
3906 1
3907 0
3908 0
3909 0
3910 0
3911 0
3912 0
3913 0
3914 0
3915 0
3916 0
3917 0
3918 1
3919 0
3920 0
3921 0
3922 0
3923 0
3924 1
3925 0
3926 0
3927 0
3928 0
3929 0
3930 0
3931 0
3932 0
3933 0
3934 0
3935 0
3936 0
3937 0
3938 0
3939 0
3940 0
3941 0
3942 0
3943 0
3944 1
3945 0
3969 0
3970 1
3971 0
3972 0
3973 0
3974 0
3975 0
3976 0
3977 0
3978 0
3979 0
3980 0
3981 0
3982 0
3983 1
3984 0
3985 0
3986 0
3987 1
3988 0
4011 0
4012 1
4013 0
4050 0
4051 1
4052 0
4094 0
4095 82
OK
