Histogram of ADC2:
8 0
9 9
10 51
11 27
12 8
13 5
14 0
15 0
16 0
17 0
18 0
19 0
20 0
21 0
22 2
23 107
24 866
25 2370
26 3832
27 4054
28 4194
29 3924
30 3680
31 2953
32 3350
33 3084
34 3012
35 2887
36 2613
37 2515
38 2294
39 2325
40 2197
41 2063
42 2011
43 1901
44 1802
45 1654
46 1547
47 1616
48 1465
49 1352
50 1275
51 1148
52 1062
53 1031
54 991
55 980
56 902
57 832
58 800
59 812
60 762
61 727
62 707
63 628
64 654
65 607
66 676
67 641
68 626
69 618
70 611
71 527
72 535
73 493
74 497
75 423
76 492
77 423
78 465
79 405
80 429
81 416
82 356
83 364
84 349
85 328
86 290
87 308
88 309
89 292
90 251
91 267
92 256
93 253
94 233
95 181
96 194
97 191
98 205
99 180
100 161
101 161
102 159
103 142
104 137
105 151
106 135
107 131
108 137
109 148
110 95
111 122
112 100
113 97
114 109
115 107
116 107
117 89
118 87
119 95
120 81
121 76
122 79
123 78
124 68
125 64
126 80
127 65
128 77
129 58
130 73
131 60
132 64
133 63
134 42
135 53
136 44
137 51
138 52
139 43
140 45
141 58
142 57
143 38
144 55
145 49
146 49
147 48
148 34
149 30
150 43
151 41
152 30
153 40
154 39
155 22
156 25
157 41
158 27
159 29
160 29
161 25
162 30
163 28
164 30
165 28
166 28
167 17
168 22
169 19
170 21
171 21
172 19
173 20
174 24
175 21
176 18
177 21
178 25
179 20
180 16
181 13
182 18
183 8
184 25
185 12
186 14
187 14
188 14
189 17
190 16
191 14
192 10
193 11
194 22
195 15
196 6
197 16
198 16
199 9
200 19
201 12
202 17
203 9
204 9
205 8
206 11
207 9
208 17
209 8
210 11
211 9
212 6
213 11
214 4
215 10
216 13
217 8
218 5
219 9
220 12
221 8
222 9
223 5
224 7
225 5
226 7
227 6
228 6
229 6
230 7
231 3
232 9
233 2
234 11
235 5
236 6
237 3
238 5
239 3
240 9
241 4
242 4
243 5
244 3
245 5
246 5
247 4
248 4
249 4
250 6
251 6
252 3
253 5
254 5
255 5
256 5
257 5
258 3
259 8
260 3
261 1
262 5
263 2
264 2
265 4
266 3
267 4
268 6
269 3
270 4
271 1
272 3
273 1
274 2
275 11
276 3
277 3
278 6
279 5
280 1
281 2
282 2
283 3
284 3
285 2
286 1
287 0
288 6
289 3
290 2
291 2
292 3
293 5
294 1
295 2
296 5
297 1
298 3
299 1
300 2
301 4
302 0
303 3
304 7
305 0
306 2
307 3
308 4
309 1
310 3
311 1
312 2
313 3
314 2
315 1
316 3
317 3
318 1
319 1
320 1
321 1
322 3
323 1
324 2
325 2
326 2
327 2
328 0
329 2
330 2
331 0
332 0
333 2
334 2
335 4
336 3
337 3
338 1
339 2
340 1
341 2
342 1
343 0
344 0
345 2
346 1
347 2
348 2
349 0
350 1
351 0
352 1
353 1
354 1
355 1
356 2
357 0
358 0
359 0
360 0
361 4
362 2
363 3
364 1
365 1
366 0
367 1
368 1
369 0
370 2
371 0
372 1
373 2
374 1
375 0
376 1
377 0
378 1
379 0
380 1
381 2
382 0
383 2
384 0
385 1
386 0
387 0
388 1
389 0
390 1
391 2
392 0
393 0
394 0
395 1
396 0
397 1
398 1
399 0
400 0
401 1
402 1
403 0
404 2
405 1
406 0
407 0
408 0
409 1
410 1
411 1
412 1
413 0
414 2
415 1
416 0
417 1
418 0
419 2
420 2
421 1
422 1
423 0
424 1
425 0
426 2
427 0
428 1
429 0
430 1
431 0
432 0
433 0
434 0
435 0
436 1
437 0
438 0
439 4
440 1
441 1
442 1
443 0
444 0
445 1
446 0
447 0
448 0
449 0
450 0
451 3
452 2
453 1
454 1
455 1
456 0
457 1
458 0
459 0
460 2
461 0
462 0
463 0
464 0
465 0
466 0
467 0
468 0
469 1
470 0
471 0
472 0
473 0
474 0
475 1
476 0
477 1
478 1
479 3
480 0
481 1
482 1
483 1
484 1
485 0
486 0
487 0
488 1
489 2
490 0
491 0
492 1
493 0
494 0
495 0
496 0
497 0
498 0
499 2
500 0
501 0
502 0
503 0
504 0
505 1
506 1
507 0
508 1
509 0
510 0
511 1
512 0
513 1
514 0
515 1
516 0
517 0
518 0
519 1
520 0
521 0
522 0
523 1
524 0
525 0
526 1
527 0
528 1
529 1
530 0
531 0
532 0
533 0
534 0
535 0
536 0
537 0
538 1
539 0
540 0
541 0
542 0
543 0
544 1
545 0
546 1
547 0
548 0
549 0
550 1
551 0
552 0
553 3
554 1
555 1
556 0
557 0
558 0
559 0
560 0
561 0
562 0
563 0
564 1
565 0
566 0
567 0
568 0
569 0
570 0
571 0
572 0
573 0
574 0
575 1
576 1
577 0
578 0
579 1
580 0
581 0
582 0
583 1
584 0
585 1
586 0
587 0
588 1
589 0
590 0
591 0
592 0
593 1
594 0
595 0
596 0
597 0
598 0
599 0
600 0
601 0
602 0
603 0
604 0
605 0
606 0
607 0
608 0
609 0
610 0
611 0
612 1
613 0
614 0
615 0
616 0
617 0
618 0
619 0
620 0
621 0
622 0
623 0
624 0
625 0
626 0
627 0
628 1
629 0
630 0
631 0
632 0
633 0
634 0
635 0
636 0
637 0
638 0
639 0
640 1
641 0
642 0
643 0
644 0
645 0
646 0
647 0
648 1
649 0
650 0
651 0
652 0
653 0
654 1
655 0
676 0
677 1
678 0
679 0
680 0
681 0
682 0
683 0
684 0
685 0
686 0
687 1
688 0
689 0
690 0
691 1
692 0
693 0
694 0
695 0
696 0
697 0
698 0
699 1
700 0
701 0
702 0
703 0
704 0
705 0
706 0
707 0
708 0
709 0
710 0
711 0
712 1
713 0
714 0
715 0
716 0
717 0
718 0
719 0
720 0
721 0
722 1
723 0
724 1
725 0
726 0
727 1
728 0
729 1
730 0
754 0
755 1
756 0
757 0
758 0
759 1
760 0
761 0
762 0
763 0
764 0
765 0
766 0
767 0
768 0
769 1
770 0
771 0
772 0
773 0
774 0
775 0
776 0
777 0
778 0
779 0
780 0
781 0
782 0
783 0
784 0
785 0
786 0
787 1
788 0
789 0
790 0
791 1
792 0
818 0
819 1
820 0
821 0
822 0
823 0
824 0
825 0
826 1
827 0
828 0
829 0
830 0
831 2
832 0
901 0
902 1
903 0
904 0
905 0
906 0
907 0
908 0
909 0
910 0
911 0
912 0
913 0
914 0
915 0
916 0
917 0
918 0
919 0
920 1
921 0
922 0
923 0
924 0
925 0
926 0
927 0
928 0
929 0
930 0
931 0
932 0
933 0
934 0
935 0
936 0
937 0
938 0
939 0
940 1
941 0
1020 0
1021 1
1022 0
1088 0
1089 1
1090 0
1091 0
1092 0
1093 0
1094 0
1095 0
1096 0
1097 0
1098 0
1099 0
1100 0
1101 0
1102 0
1103 0
1104 0
1105 0
1106 0
1107 0
1108 0
1109 1
1110 0
1225 0
1226 1
1227 0
1228 0
1229 0
1230 0
1231 0
1232 0
1233 0
1234 0
1235 0
1236 0
1237 1
1238 0
1503 0
1504 1
1505 0
1535 0
1536 2
1537 0
1647 0
1648 1
1649 0
1730 0
1731 1
1732 0
1781 0
1782 1
1783 0
1842 0
1843 1
1844 0
1889 0
1890 1
1891 0
2051 0
2052 1
2053 0
OK
