Histogram of ADC0:
297 0
298 1
299 1
300 5
301 2
302 1
303 2
304 1
305 3
306 4
307 4
308 2
309 6
310 3
311 2
312 0
313 1
314 1
315 2
316 3
317 2
318 0
319 3
320 0
321 1
322 3
323 2
324 1
325 4
326 0
327 0
328 2
329 1
330 0
331 2
332 2
333 2
334 3
335 1
336 0
337 3
338 0
339 3
340 0
341 2
342 1
343 0
344 0
345 1
346 2
347 0
348 1
349 0
350 0
351 1
352 0
353 0
354 0
355 0
356 1
357 1
358 0
359 1
360 0
361 0
362 0
363 0
364 0
365 2
366 0
367 0
368 0
369 1
370 1
371 0
372 0
373 1
374 0
375 0
376 0
377 0
378 0
379 0
380 1
381 0
382 3
383 0
384 0
385 0
386 0
387 0
388 0
389 0
390 0
391 0
392 1
393 0
609 0
610 1
611 1
612 1
613 0
614 0
615 0
616 0
617 0
618 2
619 3
620 0
621 6
622 2
623 2
624 0
625 2
626 2
627 5
628 4
629 5
630 2
631 8
632 4
633 7
634 6
635 6
636 9
637 7
638 15
639 10
640 16
641 22
642 10
643 18
644 25
645 21
646 21
647 24
648 27
649 24
650 41
651 37
652 33
653 33
654 34
655 40
656 39
657 50
658 40
659 54
660 55
661 54
662 61
663 59
664 65
665 51
666 75
667 75
668 87
669 92
670 84
671 74
672 114
673 93
674 119
675 88
676 99
677 111
678 102
679 97
680 103
681 125
682 108
683 120
684 119
685 116
686 130
687 121
688 108
689 135
690 145
691 116
692 120
693 142
694 135
695 147
696 148
697 169
698 172
699 164
700 186
701 192
702 187
703 150
704 191
705 172
706 143
707 116
708 156
709 178
710 194
711 122
712 153
713 148
714 139
715 148
716 172
717 165
718 157
719 143
720 166
721 179
722 168
723 155
724 178
725 186
726 161
727 194
728 188
729 183
730 202
731 156
732 179
733 199
734 194
735 146
736 194
737 166
738 151
739 149
740 177
741 165
742 163
743 159
744 140
745 148
746 178
747 149
748 165
749 163
750 176
751 180
752 197
753 178
754 163
755 155
756 201
757 191
758 207
759 185
760 178
761 174
762 162
763 140
764 186
765 161
766 138
767 155
768 174
769 153
770 156
771 137
772 170
773 181
774 154
775 144
776 166
777 153
778 165
779 143
780 184
781 197
782 192
783 177
784 181
785 168
786 156
787 176
788 159
789 148
790 142
791 142
792 180
793 164
794 143
795 146
796 125
797 163
798 115
799 106
800 155
801 140
802 161
803 136
804 154
805 151
806 156
807 136
808 177
809 137
810 199
811 136
812 165
813 175
814 151
815 171
816 149
817 126
818 151
819 131
820 128
821 149
822 131
823 116
824 116
825 135
826 125
827 130
828 147
829 130
830 145
831 109
832 168
833 144
834 147
835 125
836 175
837 148
838 149
839 136
840 162
841 143
842 161
843 120
844 156
845 135
846 127
847 121
848 146
849 123
850 120
851 127
852 143
853 137
854 141
855 128
856 134
857 116
858 136
859 112
860 147
861 159
862 150
863 113
864 146
865 160
866 136
867 112
868 129
869 135
870 100
871 123
872 133
873 129
874 128
875 113
876 118
877 132
878 115
879 118
880 113
881 105
882 137
883 108
884 124
885 130
886 131
887 125
888 107
889 138
890 134
891 116
892 128
893 128
894 123
895 111
896 132
897 103
898 149
899 100
900 127
901 123
902 129
903 112
904 120
905 105
906 141
907 113
908 147
909 123
910 140
911 101
912 123
913 138
914 114
915 125
916 118
917 125
918 121
919 111
920 120
921 118
922 107
923 111
924 122
925 113
926 96
927 91
928 123
929 120
930 116
931 104
932 115
933 109
934 105
935 100
936 105
937 113
938 116
939 116
940 137
941 113
942 114
943 105
944 102
945 112
946 127
947 117
948 118
949 112
950 119
951 111
952 113
953 112
954 118
955 81
956 108
957 112
958 107
959 100
960 119
961 103
962 111
963 100
964 107
965 112
966 105
967 105
968 122
969 123
970 93
971 97
972 109
973 92
974 114
975 86
976 105
977 123
978 105
979 93
980 104
981 89
982 87
983 86
984 101
985 107
986 94
987 96
988 89
989 88
990 110
991 94
992 101
993 103
994 92
995 97
996 106
997 107
998 90
999 106
1000 93
1001 95
1002 96
1003 71
1004 79
1005 101
1006 79
1007 91
1008 89
1009 80
1010 92
1011 102
1012 99
1013 104
1014 87
1015 85
1016 83
1017 103
1018 95
1019 87
1020 86
1021 101
1022 87
1023 36
1024 112
1025 84
1026 82
1027 101
1028 91
1029 96
1030 84
1031 82
1032 97
1033 91
1034 91
1035 70
1036 105
1037 102
1038 88
1039 89
1040 105
1041 92
1042 97
1043 86
1044 87
1045 86
1046 84
1047 74
1048 102
1049 83
1050 92
1051 73
1052 81
1053 83
1054 84
1055 66
1056 93
1057 89
1058 92
1059 81
1060 100
1061 90
1062 96
1063 89
1064 99
1065 78
1066 83
1067 79
1068 97
1069 87
1070 92
1071 91
1072 78
1073 92
1074 75
1075 71
1076 78
1077 87
1078 78
1079 67
1080 95
1081 101
1082 104
1083 81
1084 82
1085 85
1086 74
1087 49
1088 108
1089 83
1090 78
1091 90
1092 73
1093 84
1094 79
1095 94
1096 79
1097 81
1098 77
1099 89
1100 69
1101 62
1102 75
1103 78
1104 76
1105 82
1106 80
1107 71
1108 74
1109 103
1110 83
1111 87
1112 79
1113 83
1114 73
1115 75
1116 94
1117 70
1118 68
1119 55
1120 97
1121 74
1122 63
1123 64
1124 78
1125 67
1126 90
1127 72
1128 68
1129 76
1130 88
1131 80
1132 71
1133 94
1134 79
1135 65
1136 73
1137 81
1138 76
1139 67
1140 85
1141 65
1142 78
1143 64
1144 84
1145 62
1146 67
1147 70
1148 79
1149 65
1150 78
1151 49
1152 83
1153 61
1154 76
1155 73
1156 76
1157 61
1158 60
1159 70
1160 73
1161 63
1162 65
1163 61
1164 52
1165 58
1166 62
1167 62
1168 69
1169 75
1170 70
1171 51
1172 78
1173 66
1174 60
1175 65
1176 67
1177 73
1178 60
1179 64
1180 77
1181 62
1182 69
1183 39
1184 74
1185 60
1186 66
1187 60
1188 65
1189 65
1190 74
1191 66
1192 56
1193 73
1194 70
1195 48
1196 79
1197 71
1198 71
1199 57
1200 58
1201 63
1202 68
1203 62
1204 77
1205 69
1206 71
1207 50
1208 75
1209 60
1210 70
1211 74
1212 63
1213 59
1214 49
1215 32
1216 83
1217 72
1218 65
1219 56
1220 63
1221 65
1222 69
1223 51
1224 74
1225 64
1226 56
1227 55
1228 62
1229 73
1230 57
1231 58
1232 73
1233 56
1234 54
1235 43
1236 56
1237 55
1238 63
1239 50
1240 61
1241 59
1242 72
1243 61
1244 66
1245 54
1246 47
1247 42
1248 65
1249 53
1250 68
1251 45
1252 49
1253 60
1254 54
1255 42
1256 61
1257 57
1258 65
1259 50
1260 66
1261 52
1262 55
1263 65
1264 38
1265 69
1266 49
1267 64
1268 53
1269 69
1270 48
1271 55
1272 62
1273 49
1274 54
1275 44
1276 52
1277 59
1278 59
1279 38
1280 66
1281 46
1282 52
1283 49
1284 52
1285 58
1286 51
1287 34
1288 50
1289 45
1290 54
1291 57
1292 49
1293 40
1294 55
1295 40
1296 51
1297 40
1298 53
1299 45
1300 54
1301 55
1302 46
1303 50
1304 49
1305 42
1306 54
1307 34
1308 56
1309 45
1310 46
1311 48
1312 46
1313 59
1314 45
1315 40
1316 32
1317 54
1318 41
1319 37
1320 54
1321 52
1322 53
1323 52
1324 38
1325 47
1326 44
1327 30
1328 43
1329 40
1330 38
1331 40
1332 43
1333 45
1334 40
1335 37
1336 32
1337 45
1338 51
1339 33
1340 57
1341 46
1342 50
1343 28
1344 46
1345 51
1346 47
1347 35
1348 40
1349 49
1350 47
1351 36
1352 46
1353 47
1354 45
1355 36
1356 36
1357 36
1358 56
1359 37
1360 42
1361 58
1362 42
1363 49
1364 35
1365 47
1366 44
1367 44
1368 48
1369 39
1370 43
1371 38
1372 45
1373 31
1374 37
1375 38
1376 49
1377 30
1378 45
1379 38
1380 41
1381 41
1382 38
1383 49
1384 40
1385 45
1386 42
1387 34
1388 45
1389 42
1390 35
1391 43
1392 39
1393 42
1394 41
1395 36
1396 48
1397 37
1398 27
1399 38
1400 40
1401 40
1402 45
1403 50
1404 48
1405 40
1406 34
1407 35
1408 49
1409 46
1410 30
1411 32
1412 43
1413 36
1414 38
1415 27
1416 44
1417 35
1418 46
1419 25
1420 42
1421 36
1422 37
1423 35
1424 34
1425 44
1426 31
1427 29
1428 64
1429 32
1430 43
1431 31
1432 34
1433 36
1434 37
1435 22
1436 44
1437 41
1438 29
1439 26
1440 37
1441 35
1442 37
1443 47
1444 39
1445 34
1446 40
1447 33
1448 29
1449 39
1450 35
1451 28
1452 29
1453 39
1454 40
1455 21
1456 50
1457 39
1458 33
1459 25
1460 40
1461 32
1462 35
1463 30
1464 42
1465 24
1466 41
1467 25
1468 29
1469 40
1470 33
1471 22
1472 43
1473 30
1474 26
1475 16
1476 28
1477 36
1478 33
1479 27
1480 62
1481 34
1482 26
1483 33
1484 42
1485 32
1486 32
1487 29
1488 35
1489 30
1490 31
1491 28
1492 34
1493 38
1494 41
1495 34
1496 41
1497 30
1498 20
1499 31
1500 41
1501 33
1502 32
1503 23
1504 34
1505 20
1506 43
1507 22
1508 29
1509 37
1510 44
1511 30
1512 32
1513 28
1514 36
1515 31
1516 29
1517 37
1518 42
1519 27
1520 27
1521 33
1522 33
1523 20
1524 39
1525 30
1526 28
1527 30
1528 32
1529 23
1530 34
1531 29
1532 33
1533 31
1534 30
1535 14
1536 55
1537 28
1538 34
1539 23
1540 33
1541 26
1542 32
1543 27
1544 41
1545 34
1546 26
1547 34
1548 40
1549 28
1550 36
1551 26
1552 39
1553 30
1554 29
1555 16
1556 29
1557 30
1558 29
1559 21
1560 36
1561 31
1562 18
1563 32
1564 35
1565 34
1566 27
1567 24
1568 35
1569 30
1570 25
1571 25
1572 26
1573 29
1574 38
1575 26
1576 38
1577 20
1578 30
1579 25
1580 31
1581 36
1582 29
1583 18
1584 36
1585 31
1586 35
1587 17
1588 28
1589 34
1590 26
1591 27
1592 23
1593 26
1594 27
1595 18
1596 42
1597 29
1598 26
1599 17
1600 41
1601 35
1602 25
1603 21
1604 42
1605 19
1606 19
1607 16
1608 32
1609 34
1610 24
1611 21
1612 30
1613 27
1614 27
1615 22
1616 34
1617 31
1618 24
1619 22
1620 24
1621 27
1622 25
1623 23
1624 27
1625 19
1626 26
1627 32
1628 27
1629 25
1630 17
1631 19
1632 23
1633 31
1634 35
1635 16
1636 32
1637 30
1638 26
1639 26
1640 23
1641 23
1642 30
1643 29
1644 29
1645 23
1646 22
1647 27
1648 32
1649 31
1650 31
1651 19
1652 26
1653 23
1654 35
1655 22
1656 30
1657 26
1658 32
1659 19
1660 30
1661 23
1662 33
1663 24
1664 42
1665 32
1666 17
1667 25
1668 32
1669 27
1670 22
1671 32
1672 25
1673 23
1674 28
1675 30
1676 25
1677 31
1678 27
1679 25
1680 30
1681 23
1682 29
1683 30
1684 28
1685 33
1686 26
1687 22
1688 25
1689 22
1690 30
1691 24
1692 33
1693 29
1694 25
1695 17
1696 33
1697 25
1698 30
1699 19
1700 30
1701 34
1702 28
1703 19
1704 25
1705 19
1706 28
1707 29
1708 29
1709 23
1710 21
1711 16
1712 34
1713 20
1714 26
1715 23
1716 39
1717 24
1718 27
1719 19
1720 30
1721 33
1722 25
1723 35
1724 30
1725 32
1726 33
1727 10
1728 20
1729 26
1730 27
1731 25
1732 38
1733 25
1734 29
1735 19
1736 27
1737 28
1738 28
1739 21
1740 27
1741 24
1742 28
1743 16
1744 29
1745 35
1746 40
1747 12
1748 21
1749 24
1750 18
1751 28
1752 33
1753 32
1754 19
1755 25
1756 25
1757 24
1758 28
1759 10
1760 24
1761 26
1762 30
1763 12
1764 24
1765 26
1766 24
1767 18
1768 22
1769 27
1770 35
1771 14
1772 22
1773 24
1774 22
1775 31
1776 24
1777 20
1778 20
1779 21
1780 17
1781 21
1782 19
1783 20
1784 30
1785 20
1786 19
1787 24
1788 24
1789 22
1790 14
1791 18
1792 38
1793 20
1794 23
1795 16
1796 20
1797 19
1798 8
1799 19
1800 20
1801 39
1802 32
1803 22
1804 16
1805 18
1806 27
1807 16
1808 21
1809 17
1810 16
1811 26
1812 15
1813 32
1814 26
1815 23
1816 18
1817 19
1818 15
1819 24
1820 40
1821 17
1822 15
1823 13
1824 25
1825 17
1826 17
1827 20
1828 20
1829 26
1830 21
1831 17
1832 32
1833 26
1834 20
1835 17
1836 17
1837 18
1838 17
1839 22
1840 24
1841 28
1842 20
1843 17
1844 28
1845 18
1846 14
1847 12
1848 18
1849 16
1850 22
1851 23
1852 27
1853 20
1854 20
1855 12
1856 27
1857 24
1858 24
1859 19
1860 24
1861 26
1862 13
1863 15
1864 21
1865 22
1866 20
1867 13
1868 17
1869 21
1870 30
1871 11
1872 18
1873 20
1874 10
1875 13
1876 21
1877 18
1878 21
1879 15
1880 24
1881 13
1882 20
1883 22
1884 17
1885 26
1886 12
1887 13
1888 15
1889 25
1890 16
1891 18
1892 17
1893 28
1894 21
1895 18
1896 19
1897 21
1898 17
1899 21
1900 16
1901 27
1902 24
1903 13
1904 20
1905 18
1906 20
1907 19
1908 21
1909 32
1910 20
1911 20
1912 17
1913 22
1914 13
1915 11
1916 17
1917 19
1918 21
1919 12
1920 31
1921 16
1922 19
1923 13
1924 20
1925 20
1926 23
1927 16
1928 28
1929 14
1930 20
1931 22
1932 17
1933 18
1934 20
1935 20
1936 16
1937 14
1938 20
1939 16
1940 13
1941 18
1942 14
1943 13
1944 21
1945 16
1946 19
1947 26
1948 22
1949 22
1950 21
1951 12
1952 25
1953 15
1954 23
1955 16
1956 18
1957 14
1958 18
1959 17
1960 22
1961 15
1962 15
1963 16
1964 14
1965 16
1966 15
1967 24
1968 15
1969 20
1970 18
1971 24
1972 23
1973 16
1974 12
1975 20
1976 10
1977 20
1978 16
1979 12
1980 15
1981 15
1982 24
1983 18
1984 19
1985 17
1986 15
1987 14
1988 21
1989 18
1990 15
1991 12
1992 17
1993 17
1994 11
1995 21
1996 20
1997 18
1998 15
1999 15
2000 22
2001 23
2002 20
2003 18
2004 24
2005 21
2006 14
2007 13
2008 25
2009 20
2010 16
2011 21
2012 18
2013 23
2014 15
2015 7
2016 16
2017 20
2018 21
2019 12
2020 11
2021 15
2022 16
2023 19
2024 14
2025 16
2026 18
2027 19
2028 13
2029 20
2030 20
2031 20
2032 16
2033 14
2034 17
2035 19
2036 17
2037 18
2038 16
2039 11
2040 10
2041 16
2042 18
2043 11
2044 13
2045 18
2046 15
2047 2
2048 15
2049 12
2050 21
2051 10
2052 19
2053 17
2054 12
2055 9
2056 17
2057 17
2058 19
2059 10
2060 17
2061 20
2062 12
2063 11
2064 18
2065 11
2066 16
2067 17
2068 14
2069 20
2070 16
2071 12
2072 16
2073 12
2074 12
2075 15
2076 15
2077 21
2078 10
2079 12
2080 21
2081 18
2082 19
2083 16
2084 21
2085 17
2086 20
2087 15
2088 18
2089 14
2090 14
2091 10
2092 17
2093 13
2094 11
2095 15
2096 12
2097 8
2098 16
2099 13
2100 13
2101 16
2102 16
2103 12
2104 15
2105 13
2106 16
2107 16
2108 12
2109 17
2110 15
2111 13
2112 19
2113 9
2114 21
2115 10
2116 12
2117 9
2118 15
2119 9
2120 19
2121 16
2122 19
2123 16
2124 16
2125 11
2126 6
2127 8
2128 15
2129 12
2130 18
2131 12
2132 14
2133 11
2134 17
2135 16
2136 13
2137 8
2138 12
2139 10
2140 9
2141 13
2142 9
2143 6
2144 11
2145 16
2146 14
2147 13
2148 12
2149 9
2150 8
2151 12
2152 9
2153 15
2154 11
2155 11
2156 7
2157 14
2158 17
2159 14
2160 10
2161 17
2162 9
2163 13
2164 11
2165 14
2166 11
2167 16
2168 7
2169 17
2170 13
2171 19
2172 11
2173 11
2174 14
2175 9
2176 19
2177 17
2178 8
2179 7
2180 14
2181 20
2182 17
2183 9
2184 23
2185 6
2186 5
2187 9
2188 12
2189 16
2190 12
2191 8
2192 18
2193 15
2194 10
2195 19
2196 11
2197 15
2198 12
2199 11
2200 10
2201 17
2202 14
2203 11
2204 14
2205 13
2206 15
2207 9
2208 18
2209 17
2210 10
2211 6
2212 23
2213 7
2214 9
2215 8
2216 12
2217 9
2218 10
2219 7
2220 14
2221 18
2222 12
2223 14
2224 7
2225 15
2226 10
2227 8
2228 14
2229 9
2230 6
2231 7
2232 6
2233 6
2234 6
2235 13
2236 10
2237 14
2238 4
2239 10
2240 19
2241 15
2242 12
2243 10
2244 14
2245 9
2246 10
2247 11
2248 10
2249 12
2250 5
2251 15
2252 16
2253 13
2254 10
2255 18
2256 15
2257 9
2258 8
2259 6
2260 13
2261 10
2262 16
2263 5
2264 19
2265 8
2266 6
2267 11
2268 14
2269 12
2270 15
2271 6
2272 17
2273 7
2274 8
2275 13
2276 11
2277 10
2278 11
2279 9
2280 13
2281 11
2282 9
2283 8
2284 13
2285 9
2286 10
2287 12
2288 13
2289 7
2290 16
2291 10
2292 9
2293 14
2294 8
2295 7
2296 11
2297 8
2298 9
2299 6
2300 17
2301 5
2302 11
2303 6
2304 15
2305 9
2306 16
2307 5
2308 15
2309 12
2310 8
2311 7
2312 21
2313 6
2314 15
2315 7
2316 9
2317 6
2318 10
2319 10
2320 13
2321 13
2322 8
2323 8
2324 10
2325 11
2326 6
2327 11
2328 7
2329 10
2330 13
2331 11
2332 7
2333 11
2334 11
2335 7
2336 10
2337 7
2338 18
2339 11
2340 12
2341 7
2342 11
2343 14
2344 13
2345 8
2346 11
2347 6
2348 6
2349 13
2350 10
2351 4
2352 9
2353 9
2354 13
2355 5
2356 10
2357 9
2358 10
2359 3
2360 8
2361 9
2362 10
2363 8
2364 9
2365 12
2366 7
2367 7
2368 7
2369 8
2370 10
2371 7
2372 5
2373 6
2374 9
2375 2
2376 6
2377 7
2378 6
2379 10
2380 7
2381 8
2382 10
2383 7
2384 9
2385 6
2386 12
2387 4
2388 10
2389 10
2390 4
2391 5
2392 8
2393 9
2394 10
2395 4
2396 10
2397 9
2398 12
2399 9
2400 10
2401 7
2402 6
2403 7
2404 7
2405 11
2406 6
2407 6
2408 6
2409 7
2410 16
2411 8
2412 14
2413 7
2414 7
2415 7
2416 12
2417 6
2418 6
2419 7
2420 8
2421 10
2422 8
2423 7
2424 10
2425 10
2426 6
2427 10
2428 5
2429 5
2430 9
2431 7
2432 15
2433 8
2434 11
2435 4
2436 10
2437 8
2438 5
2439 4
2440 8
2441 7
2442 4
2443 6
2444 13
2445 10
2446 9
2447 7
2448 8
2449 13
2450 5
2451 9
2452 9
2453 12
2454 6
2455 4
2456 15
2457 8
2458 4
2459 6
2460 9
2461 5
2462 12
2463 7
2464 9
2465 10
2466 9
2467 3
2468 8
2469 5
2470 8
2471 5
2472 5
2473 7
2474 5
2475 9
2476 3
2477 4
2478 7
2479 5
2480 4
2481 8
2482 4
2483 4
2484 6
2485 7
2486 8
2487 8
2488 7
2489 10
2490 12
2491 3
2492 5
2493 6
2494 11
2495 7
2496 6
2497 8
2498 8
2499 3
2500 9
2501 4
2502 10
2503 4
2504 11
2505 6
2506 10
2507 6
2508 8
2509 7
2510 6
2511 5
2512 12
2513 5
2514 3
2515 4
2516 7
2517 3
2518 2
2519 4
2520 7
2521 5
2522 10
2523 9
2524 5
2525 6
2526 6
2527 8
2528 9
2529 4
2530 7
2531 7
2532 7
2533 4
2534 7
2535 5
2536 5
2537 6
2538 7
2539 4
2540 5
2541 7
2542 10
2543 6
2544 7
2545 6
2546 3
2547 6
2548 6
2549 6
2550 6
2551 4
2552 8
2553 8
2554 6
2555 6
2556 9
2557 8
2558 6
2559 1
2560 6
2561 7
2562 9
2563 3
2564 10
2565 12
2566 2
2567 6
2568 4
2569 5
2570 5
2571 7
2572 8
2573 3
2574 8
2575 5
2576 10
2577 3
2578 5
2579 6
2580 8
2581 5
2582 4
2583 3
2584 5
2585 8
2586 3
2587 2
2588 3
2589 5
2590 6
2591 2
2592 8
2593 8
2594 7
2595 4
2596 6
2597 12
2598 14
2599 7
2600 6
2601 10
2602 2
2603 8
2604 7
2605 8
2606 3
2607 8
2608 6
2609 9
2610 4
2611 4
2612 8
2613 4
2614 6
2615 4
2616 7
2617 6
2618 5
2619 4
2620 5
2621 5
2622 5
2623 2
2624 5
2625 10
2626 3
2627 6
2628 5
2629 6
2630 5
2631 6
2632 2
2633 2
2634 5
2635 7
2636 4
2637 7
2638 3
2639 7
2640 10
2641 4
2642 6
2643 2
2644 8
2645 6
2646 9
2647 7
2648 5
2649 5
2650 4
2651 6
2652 7
2653 5
2654 8
2655 4
2656 4
2657 4
2658 6
2659 3
2660 5
2661 7
2662 4
2663 10
2664 6
2665 3
2666 7
2667 7
2668 1
2669 7
2670 7
2671 7
2672 10
2673 5
2674 12
2675 8
2676 9
2677 7
2678 6
2679 4
2680 4
2681 7
2682 6
2683 2
2684 5
2685 7
2686 10
2687 7
2688 7
2689 2
2690 7
2691 4
2692 7
2693 4
2694 3
2695 2
2696 10
2697 6
2698 5
2699 5
2700 7
2701 7
2702 2
2703 2
2704 8
2705 6
2706 2
2707 4
2708 6
2709 2
2710 0
2711 2
2712 3
2713 6
2714 5
2715 6
2716 4
2717 2
2718 4
2719 5
2720 8
2721 2
2722 5
2723 3
2724 5
2725 5
2726 4
2727 4
2728 1
2729 11
2730 3
2731 3
2732 3
2733 5
2734 6
2735 1
2736 3
2737 4
2738 8
2739 10
2740 7
2741 6
2742 3
2743 4
2744 4
2745 3
2746 6
2747 0
2748 9
2749 7
2750 6
2751 1
2752 4
2753 4
2754 3
2755 6
2756 7
2757 5
2758 5
2759 2
2760 4
2761 4
2762 7
2763 3
2764 9
2765 6
2766 5
2767 2
2768 7
2769 4
2770 2
2771 3
2772 2
2773 3
2774 7
2775 0
2776 8
2777 4
2778 0
2779 6
2780 7
2781 2
2782 5
2783 2
2784 8
2785 4
2786 7
2787 4
2788 2
2789 1
2790 1
2791 2
2792 9
2793 3
2794 8
2795 6
2796 2
2797 4
2798 3
2799 6
2800 4
2801 2
2802 3
2803 6
2804 5
2805 8
2806 4
2807 4
2808 4
2809 2
2810 0
2811 5
2812 7
2813 4
2814 3
2815 2
2816 8
2817 5
2818 3
2819 2
2820 3
2821 7
2822 5
2823 1
2824 9
2825 6
2826 7
2827 3
2828 3
2829 5
2830 4
2831 4
2832 8
2833 6
2834 4
2835 3
2836 6
2837 2
2838 7
2839 3
2840 4
2841 4
2842 4
2843 7
2844 7
2845 4
2846 10
2847 0
2848 8
2849 3
2850 9
2851 3
2852 7
2853 1
2854 0
2855 4
2856 4
2857 3
2858 5
2859 6
2860 3
2861 5
2862 2
2863 5
2864 1
2865 5
2866 3
2867 6
2868 5
2869 2
2870 3
2871 1
2872 7
2873 4
2874 2
2875 5
2876 5
2877 5
2878 5
2879 3
2880 5
2881 4
2882 4
2883 4
2884 2
2885 3
2886 7
2887 1
2888 3
2889 2
2890 6
2891 8
2892 3
2893 3
2894 3
2895 1
2896 3
2897 3
2898 1
2899 2
2900 7
2901 7
2902 5
2903 8
2904 3
2905 2
2906 4
2907 1
2908 2
2909 4
2910 5
2911 3
2912 5
2913 7
2914 3
2915 0
2916 4
2917 6
2918 4
2919 3
2920 4
2921 2
2922 6
2923 3
2924 5
2925 4
2926 5
2927 2
2928 3
2929 2
2930 3
2931 5
2932 3
2933 4
2934 1
2935 4
2936 5
2937 4
2938 7
2939 2
2940 1
2941 9
2942 2
2943 1
2944 11
2945 9
2946 1
2947 2
2948 6
2949 5
2950 3
2951 2
2952 6
2953 2
2954 1
2955 1
2956 4
2957 6
2958 0
2959 5
2960 6
2961 5
2962 0
2963 1
2964 4
2965 3
2966 5
2967 1
2968 5
2969 6
2970 1
2971 0
2972 4
2973 5
2974 2
2975 0
2976 2
2977 1
2978 1
2979 3
2980 5
2981 4
2982 2
2983 6
2984 6
2985 5
2986 5
2987 2
2988 2
2989 4
2990 1
2991 2
2992 6
2993 0
2994 1
2995 1
2996 2
2997 10
2998 2
2999 1
3000 1
3001 4
3002 1
3003 5
3004 6
3005 6
3006 2
3007 3
3008 5
3009 7
3010 4
3011 1
3012 3
3013 8
3014 3
3015 1
3016 3
3017 0
3018 2
3019 1
3020 4
3021 4
3022 0
3023 2
3024 8
3025 5
3026 2
3027 1
3028 3
3029 5
3030 0
3031 3
3032 7
3033 2
3034 2
3035 0
3036 4
3037 6
3038 3
3039 1
3040 5
3041 1
3042 4
3043 2
3044 5
3045 6
3046 2
3047 1
3048 3
3049 3
3050 6
3051 4
3052 5
3053 1
3054 5
3055 3
3056 4
3057 6
3058 1
3059 4
3060 3
3061 2
3062 0
3063 3
3064 4
3065 3
3066 4
3067 2
3068 1
3069 2
3070 4
3071 0
3072 5
3073 1
3074 4
3075 3
3076 2
3077 2
3078 1
3079 3
3080 1
3081 3
3082 5
3083 2
3084 3
3085 2
3086 5
3087 2
3088 1
3089 2
3090 2
3091 2
3092 6
3093 3
3094 2
3095 2
3096 2
3097 4
3098 2
3099 2
3100 5
3101 3
3102 3
3103 4
3104 3
3105 0
3106 3
3107 2
3108 3
3109 1
3110 9
3111 1
3112 5
3113 2
3114 3
3115 2
3116 3
3117 1
3118 5
3119 4
3120 3
3121 0
3122 4
3123 3
3124 3
3125 4
3126 2
3127 5
3128 4
3129 4
3130 5
3131 3
3132 4
3133 4
3134 7
3135 0
3136 5
3137 1
3138 2
3139 4
3140 6
3141 2
3142 6
3143 5
3144 2
3145 2
3146 3
3147 2
3148 3
3149 1
3150 6
3151 0
3152 1
3153 2
3154 2
3155 5
3156 6
3157 3
3158 2
3159 3
3160 1
3161 1
3162 2
3163 2
3164 4
3165 2
3166 1
3167 0
3168 3
3169 3
3170 0
3171 2
3172 3
3173 2
3174 4
3175 2
3176 3
3177 4
3178 3
3179 2
3180 0
3181 3
3182 1
3183 5
3184 2
3185 2
3186 4
3187 2
3188 4
3189 1
3190 6
3191 4
3192 5
3193 2
3194 5
3195 2
3196 1
3197 2
3198 2
3199 1
3200 3
3201 3
3202 2
3203 4
3204 3
3205 4
3206 3
3207 6
3208 2
3209 5
3210 1
3211 1
3212 6
3213 2
3214 3
3215 2
3216 4
3217 3
3218 3
3219 2
3220 1
3221 2
3222 0
3223 4
3224 4
3225 2
3226 3
3227 3
3228 0
3229 3
3230 1
3231 1
3232 0
3233 0
3234 0
3235 2
3236 4
3237 6
3238 5
3239 4
3240 4
3241 3
3242 4
3243 0
3244 5
3245 6
3246 2
3247 5
3248 3
3249 5
3250 3
3251 3
3252 2
3253 1
3254 4
3255 1
3256 4
3257 2
3258 3
3259 1
3260 2
3261 3
3262 4
3263 2
3264 3
3265 2
3266 0
3267 2
3268 4
3269 2
3270 4
3271 1
3272 2
3273 2
3274 5
3275 2
3276 2
3277 3
3278 2
3279 0
3280 1
3281 1
3282 5
3283 2
3284 1
3285 0
3286 2
3287 2
3288 2
3289 3
3290 0
3291 3
3292 2
3293 2
3294 0
3295 1
3296 0
3297 1
3298 1
3299 0
3300 3
3301 2
3302 2
3303 0
3304 3
3305 3
3306 3
3307 1
3308 6
3309 4
3310 1
3311 1
3312 4
3313 2
3314 3
3315 5
3316 2
3317 5
3318 0
3319 2
3320 2
3321 3
3322 0
3323 2
3324 3
3325 3
3326 1
3327 1
3328 4
3329 0
3330 2
3331 2
3332 4
3333 2
3334 2
3335 1
3336 2
3337 0
3338 3
3339 2
3340 1
3341 0
3342 1
3343 1
3344 2
3345 3
3346 3
3347 3
3348 1
3349 5
3350 2
3351 2
3352 3
3353 0
3354 3
3355 3
3356 5
3357 2
3358 4
3359 1
3360 0
3361 3
3362 2
3363 1
3364 1
3365 2
3366 3
3367 2
3368 0
3369 4
3370 1
3371 3
3372 4
3373 4
3374 3
3375 1
3376 2
3377 4
3378 6
3379 0
3380 0
3381 1
3382 1
3383 1
3384 4
3385 1
3386 1
3387 0
3388 1
3389 4
3390 0
3391 3
3392 0
3393 0
3394 1
3395 0
3396 0
3397 2
3398 1
3399 2
3400 0
3401 2
3402 2
3403 2
3404 3
3405 7
3406 3
3407 4
3408 2
3409 1
3410 3
3411 1
3412 4
3413 2
3414 0
3415 2
3416 2
3417 1
3418 0
3419 0
3420 4
3421 0
3422 2
3423 0
3424 3
3425 2
3426 2
3427 0
3428 3
3429 2
3430 2
3431 1
3432 4
3433 0
3434 4
3435 1
3436 2
3437 4
3438 5
3439 1
3440 2
3441 3
3442 1
3443 1
3444 3
3445 4
3446 4
3447 0
3448 2
3449 0
3450 1
3451 2
3452 3
3453 3
3454 2
3455 0
3456 3
3457 3
3458 3
3459 4
3460 2
3461 0
3462 7
3463 1
3464 2
3465 3
3466 4
3467 2
3468 4
3469 1
3470 3
3471 1
3472 4
3473 1
3474 1
3475 2
3476 3
3477 0
3478 2
3479 2
3480 3
3481 6
3482 1
3483 1
3484 3
3485 1
3486 0
3487 0
3488 4
3489 3
3490 2
3491 1
3492 2
3493 2
3494 5
3495 2
3496 0
3497 0
3498 1
3499 0
3500 2
3501 3
3502 4
3503 3
3504 2
3505 3
3506 1
3507 0
3508 1
3509 3
3510 1
3511 3
3512 3
3513 1
3514 1
3515 4
3516 1
3517 1
3518 2
3519 2
3520 6
3521 5
3522 1
3523 2
3524 1
3525 5
3526 1
3527 0
3528 3
3529 1
3530 4
3531 4
3532 2
3533 1
3534 0
3535 1
3536 3
3537 3
3538 2
3539 1
3540 4
3541 2
3542 2
3543 0
3544 0
3545 0
3546 3
3547 3
3548 3
3549 1
3550 3
3551 2
3552 5
3553 5
3554 1
3555 3
3556 3
3557 2
3558 3
3559 1
3560 1
3561 1
3562 3
3563 2
3564 0
3565 1
3566 2
3567 1
3568 3
3569 5
3570 3
3571 5
3572 0
3573 0
3574 3
3575 0
3576 2
3577 0
3578 2
3579 3
3580 2
3581 3
3582 0
3583 0
3584 3
3585 3
3586 6
3587 1
3588 1
3589 4
3590 2
3591 0
3592 3
3593 2
3594 1
3595 4
3596 1
3597 2
3598 2
3599 2
3600 5
3601 4
3602 1
3603 2
3604 2
3605 0
3606 0
3607 4
3608 3
3609 1
3610 0
3611 2
3612 1
3613 1
3614 0
3615 1
3616 1
3617 1
3618 2
3619 2
3620 3
3621 3
3622 1
3623 0
3624 2
3625 3
3626 1
3627 1
3628 0
3629 3
3630 1
3631 1
3632 1
3633 2
3634 1
3635 1
3636 1
3637 2
3638 2
3639 1
3640 1
3641 0
3642 2
3643 1
3644 2
3645 0
3646 0
3647 1
3648 3
3649 2
3650 2
3651 0
3652 1
3653 3
3654 1
3655 1
3656 0
3657 1
3658 1
3659 1
3660 2
3661 4
3662 2
3663 1
3664 3
3665 1
3666 1
3667 2
3668 0
3669 1
3670 3
3671 1
3672 5
3673 1
3674 4
3675 0
3676 1
3677 2
3678 0
3679 2
3680 0
3681 1
3682 1
3683 1
3684 2
3685 2
3686 2
3687 1
3688 2
3689 2
3690 1
3691 3
3692 3
3693 2
3694 1
3695 2
3696 4
3697 2
3698 2
3699 2
3700 1
3701 3
3702 1
3703 2
3704 3
3705 0
3706 2
3707 2
3708 1
3709 0
3710 2
3711 0
3712 1
3713 1
3714 0
3715 0
3716 0
3717 3
3718 2
3719 4
3720 1
3721 4
3722 2
3723 2
3724 2
3725 1
3726 2
3727 1
3728 1
3729 4
3730 1
3731 1
3732 2
3733 1
3734 3
3735 0
3736 2
3737 1
3738 2
3739 0
3740 1
3741 1
3742 0
3743 2
3744 1
3745 3
3746 2
3747 2
3748 1
3749 1
3750 2
3751 1
3752 2
3753 1
3754 1
3755 1
3756 3
3757 3
3758 2
3759 2
3760 1
3761 3
3762 3
3763 2
3764 1
3765 2
3766 2
3767 1
3768 1
3769 1
3770 1
3771 1
3772 2
3773 0
3774 0
3775 1
3776 2
3777 1
3778 3
3779 0
3780 0
3781 4
3782 0
3783 0
3784 2
3785 4
3786 1
3787 0
3788 2
3789 1
3790 0
3791 0
3792 0
3793 1
3794 1
3795 0
3796 0
3797 1
3798 1
3799 2
3800 2
3801 2
3802 2
3803 2
3804 1
3805 1
3806 0
3807 0
3808 2
3809 0
3810 0
3811 1
3812 1
3813 0
3814 2
3815 1
3816 0
3817 0
3818 2
3819 2
3820 0
3821 1
3822 2
3823 1
3824 1
3825 3
3826 0
3827 0
3828 2
3829 1
3830 2
3831 1
3832 0
3833 1
3834 2
3835 0
3836 4
3837 1
3838 2
3839 0
3840 5
3841 1
3842 1
3843 0
3844 4
3845 1
3846 0
3847 3
3848 2
3849 1
3850 3
3851 0
3852 3
3853 2
3854 1
3855 2
3856 2
3857 1
3858 1
3859 2
3860 4
3861 2
3862 0
3863 0
3864 3
3865 1
3866 0
3867 0
3868 0
3869 0
3870 0
3871 0
3872 0
3873 1
3874 5
3875 2
3876 1
3877 1
3878 2
3879 0
3880 2
3881 2
3882 1
3883 1
3884 0
3885 2
3886 0
3887 1
3888 0
3889 1
3890 3
3891 2
3892 2
3893 1
3894 0
3895 1
3896 3
3897 1
3898 2
3899 1
3900 0
3901 2
3902 2
3903 0
3904 1
3905 1
3906 1
3907 0
3908 0
3909 1
3910 0
3911 2
3912 3
3913 3
3914 1
3915 4
3916 1
3917 1
3918 1
3919 1
3920 0
3921 2
3922 2
3923 2
3924 1
3925 2
3926 1
3927 0
3928 3
3929 0
3930 1
3931 0
3932 2
3933 0
3934 1
3935 0
3936 1
3937 1
3938 1
3939 0
3940 2
3941 3
3942 1
3943 0
3944 0
3945 0
3946 4
3947 2
3948 0
3949 3
3950 1
3951 1
3952 0
3953 2
3954 2
3955 1
3956 1
3957 1
3958 0
3959 0
3960 3
3961 3
3962 0
3963 0
3964 1
3965 0
3966 0
3967 1
3968 3
3969 3
3970 1
3971 0
3972 3
3973 1
3974 2
3975 0
3976 3
3977 0
3978 2
3979 1
3980 1
3981 0
3982 1
3983 0
3984 2
3985 1
3986 0
3987 3
3988 2
3989 2
3990 0
3991 1
3992 4
3993 2
3994 0
3995 0
3996 1
3997 1
3998 1
3999 0
4000 0
4001 1
4002 2
4003 2
4004 1
4005 2
4006 0
4007 1
4008 3
4009 1
4010 2
4011 0
4012 0
4013 1
4014 0
4015 2
4016 1
4017 4
4018 1
4019 3
4020 0
4021 3
4022 0
4023 1
4024 2
4025 0
4026 2
4027 0
4028 2
4029 1
4030 1
4031 2
4032 3
4033 0
4034 0
4035 0
4036 1
4037 0
4038 1
4039 0
4040 1
4041 3
4042 2
4043 0
4044 2
4045 0
4046 0
4047 2
4048 1
4049 1
4050 2
4051 1
4052 0
4053 0
4054 1
4055 1
4056 2
4057 1
4058 1
4059 1
4060 1
4061 2
4062 2
4063 0
4064 0
4065 0
4066 1
4067 1
4068 1
4069 3
4070 1
4071 0
4072 0
4073 0
4074 0
4075 2
4076 3
4077 0
4078 2
4079 2
4080 2
4081 0
4082 0
4083 0
4084 0
4085 0
4086 3
4087 0
4088 0
4089 1
4090 0
4091 0
4092 1
4093 2
4094 1
4095 1339
OK
