Histogram of ADC12:
12 0
13 100
14 18997
15 33040
16 18479
17 9553
18 6515
19 4144
20 2449
21 1506
22 1018
23 692
24 557
25 377
26 275
27 221
28 220
29 114
30 99
31 64
32 61
33 44
34 45
35 31
36 30
37 28
38 19
39 19
40 14
41 16
42 7
43 11
44 3
45 13
46 8
47 10
48 5
49 6
50 5
51 9
52 4
53 5
54 2
55 3
56 4
57 6
58 2
59 4
60 1
61 1
62 0
63 1
64 2
65 1
66 0
67 1
68 2
69 1
70 2
71 2
72 1
73 0
74 2
75 1
76 1
77 1
78 0
79 3
80 1
81 0
82 0
83 0
84 0
85 1
86 0
87 1
88 1
89 0
90 0
91 0
92 0
93 0
94 0
95 1
96 0
97 0
98 0
99 0
100 0
101 1
102 1
103 0
104 0
105 0
106 0
107 0
108 0
109 0
110 0
111 0
112 1
113 1
114 0
134 0
135 1
136 0
137 0
138 2
139 0
140 0
141 0
142 0
143 0
144 0
145 0
146 0
147 0
148 1
149 0
150 0
151 0
152 0
153 0
154 0
155 1
156 0
157 0
158 0
159 1
160 0
161 0
162 0
163 0
164 0
165 1
166 0
167 0
168 0
169 1
170 0
2049 0
2050 1
2051 0
OK
