Histogram of ADC2:
8 0
9 2
10 14
11 5
12 0
13 0
14 0
15 0
16 0
17 0
18 0
19 0
20 0
21 0
22 0
23 1
24 14
25 131
26 271
27 354
28 330
29 325
30 273
31 194
32 216
33 190
34 156
35 135
36 112
37 126
38 95
39 89
40 63
41 60
42 54
43 48
44 47
45 46
46 46
47 37
48 29
49 27
50 25
51 19
52 20
53 24
54 13
55 10
56 13
57 16
58 11
59 14
60 9
61 10
62 14
63 4
64 7
65 11
66 7
67 6
68 9
69 2
70 7
71 3
72 2
73 4
74 3
75 4
76 3
77 5
78 4
79 1
80 2
81 4
82 5
83 0
84 2
85 1
86 3
87 3
88 2
89 2
90 3
91 0
92 4
93 1
94 2
95 1
96 1
97 4
98 1
99 2
100 1
101 0
102 0
103 1
104 1
105 2
106 1
107 1
108 0
109 1
110 0
111 1
112 2
113 1
114 0
115 1
116 0
117 1
118 1
119 0
120 0
121 1
122 1
123 0
124 0
125 2
126 1
127 1
128 1
129 1
130 1
131 1
132 0
133 1
134 0
135 1
136 0
137 0
138 0
139 0
140 0
141 0
142 0
143 2
144 0
145 0
146 1
147 0
148 0
149 0
150 0
151 0
152 0
153 0
154 0
155 0
156 0
157 1
158 1
159 0
160 0
161 0
162 0
163 0
164 0
165 0
166 0
167 0
168 0
169 0
170 0
171 1
172 0
173 0
174 0
175 0
176 0
177 0
178 0
179 0
180 1
181 1
182 0
183 0
184 0
185 0
186 0
187 0
188 0
189 0
190 0
191 0
192 0
193 0
194 0
195 0
196 0
197 0
198 0
199 0
200 0
201 2
202 1
203 0
224 0
225 1
226 0
227 0
228 0
229 0
230 0
231 0
232 0
233 0
234 0
235 0
236 0
237 0
238 1
239 0
269 0
270 1
271 0
320 0
321 1
322 0
608 0
609 1
610 0
2061 0
2062 1
2063 0
2581 0
2582 1
2583 0
2584 0
2585 0
2586 0
2587 0
2588 0
2589 0
2590 1
2591 1
2592 0
2593 0
2594 0
2595 0
2596 0
2597 0
2598 1
2599 1
2600 1
2601 0
2602 0
2603 0
2604 1
2605 0
2606 0
2607 0
2608 3
2609 1
2610 3
2611 1
2612 1
2613 2
2614 1
2615 0
2616 1
2617 1
2618 2
2619 1
2620 0
2621 1
2622 2
2623 1
2624 2
2625 0
2626 4
2627 3
2628 1
2629 3
2630 2
2631 2
2632 0
2633 1
2634 1
2635 4
2636 4
2637 3
2638 2
2639 0
2640 4
2641 1
2642 4
2643 2
2644 5
2645 5
2646 6
2647 2
2648 1
2649 3
2650 8
2651 4
2652 3
2653 2
2654 6
2655 3
2656 6
2657 5
2658 12
2659 4
2660 3
2661 8
2662 9
2663 6
2664 6
2665 8
2666 17
2667 8
2668 3
2669 7
2670 13
2671 3
2672 19
2673 10
2674 13
2675 10
2676 14
2677 12
2678 15
2679 9
2680 15
2681 10
2682 11
2683 14
2684 21
2685 19
2686 16
2687 5
2688 30
2689 20
2690 30
2691 24
2692 16
2693 17
2694 18
2695 19
2696 20
2697 18
2698 19
2699 23
2700 23
2701 21
2702 27
2703 18
2704 36
2705 25
2706 37
2707 41
2708 34
2709 22
2710 33
2711 20
2712 38
2713 31
2714 50
2715 33
2716 42
2717 41
2718 44
2719 19
2720 55
2721 47
2722 51
2723 48
2724 53
2725 35
2726 54
2727 38
2728 78
2729 49
2730 55
2731 47
2732 49
2733 45
2734 51
2735 54
2736 73
2737 54
2738 63
2739 52
2740 48
2741 67
2742 63
2743 78
2744 78
2745 63
2746 62
2747 71
2748 75
2749 68
2750 71
2751 62
2752 95
2753 71
2754 68
2755 74
2756 86
2757 80
2758 96
2759 97
2760 97
2761 54
2762 130
2763 92
2764 88
2765 87
2766 102
2767 83
2768 108
2769 107
2770 111
2771 109
2772 110
2773 107
2774 113
2775 98
2776 102
2777 110
2778 118
2779 97
2780 106
2781 110
2782 114
2783 88
2784 165
2785 110
2786 148
2787 114
2788 128
2789 125
2790 143
2791 104
2792 142
2793 116
2794 155
2795 117
2796 136
2797 111
2798 126
2799 104
2800 164
2801 111
2802 141
2803 121
2804 138
2805 138
2806 186
2807 124
2808 142
2809 125
2810 154
2811 148
2812 158
2813 149
2814 159
2815 44
2816 242
2817 155
2818 171
2819 160
2820 157
2821 147
2822 166
2823 112
2824 150
2825 146
2826 165
2827 157
2828 173
2829 162
2830 163
2831 124
2832 211
2833 144
2834 186
2835 157
2836 155
2837 136
2838 180
2839 145
2840 191
2841 152
2842 195
2843 165
2844 164
2845 161
2846 171
2847 113
2848 222
2849 142
2850 175
2851 165
2852 190
2853 174
2854 174
2855 140
2856 196
2857 149
2858 186
2859 143
2860 175
2861 175
2862 199
2863 125
2864 203
2865 148
2866 206
2867 150
2868 162
2869 173
2870 175
2871 152
2872 229
2873 170
2874 179
2875 156
2876 175
2877 139
2878 216
2879 74
2880 253
2881 130
2882 161
2883 128
2884 191
2885 142
2886 175
2887 131
2888 173
2889 131
2890 197
2891 162
2892 198
2893 154
2894 188
2895 118
2896 196
2897 193
2898 168
2899 167
2900 186
2901 159
2902 177
2903 132
2904 179
2905 149
2906 186
2907 155
2908 167
2909 162
2910 172
2911 101
2912 200
2913 137
2914 173
2915 154
2916 156
2917 151
2918 159
2919 136
2920 169
2921 143
2922 170
2923 159
2924 166
2925 169
2926 165
2927 119
2928 212
2929 145
2930 145
2931 141
2932 145
2933 155
2934 158
2935 174
2936 142
2937 130
2938 178
2939 150
2940 139
2941 133
2942 145
2943 60
2944 212
2945 129
2946 156
2947 122
2948 126
2949 123
2950 156
2951 110
2952 141
2953 99
2954 132
2955 139
2956 143
2957 115
2958 146
2959 84
2960 167
2961 109
2962 124
2963 123
2964 121
2965 121
2966 121
2967 99
2968 141
2969 94
2970 115
2971 110
2972 112
2973 109
2974 102
2975 65
2976 125
2977 99
2978 115
2979 84
2980 107
2981 121
2982 105
2983 86
2984 126
2985 76
2986 95
2987 80
2988 89
2989 82
2990 103
2991 67
2992 107
2993 87
2994 82
2995 79
2996 93
2997 73
2998 89
2999 67
3000 86
3001 65
3002 92
3003 79
3004 62
3005 67
3006 68
3007 35
3008 83
3009 68
3010 69
3011 52
3012 57
3013 68
3014 73
3015 56
3016 68
3017 45
3018 60
3019 57
3020 54
3021 56
3022 49
3023 39
3024 54
3025 44
3026 46
3027 53
3028 43
3029 57
3030 54
3031 33
3032 45
3033 46
3034 45
3035 41
3036 42
3037 26
3038 42
3039 21
3040 46
3041 29
3042 34
3043 36
3044 27
3045 28
3046 25
3047 24
3048 37
3049 18
3050 27
3051 14
3052 25
3053 21
3054 25
3055 15
3056 27
3057 15
3058 19
3059 28
3060 18
3061 13
3062 21
3063 16
3064 20
3065 16
3066 15
3067 24
3068 16
3069 12
3070 17
3071 7
3072 30
3073 12
3074 16
3075 15
3076 11
3077 11
3078 4
3079 14
3080 12
3081 6
3082 8
3083 10
3084 14
3085 11
3086 10
3087 9
3088 4
3089 8
3090 5
3091 10
3092 8
3093 10
3094 10
3095 5
3096 7
3097 7
3098 4
3099 4
3100 4
3101 3
3102 5
3103 3
3104 7
3105 1
3106 4
3107 4
3108 5
3109 3
3110 6
3111 1
3112 6
3113 6
3114 3
3115 1
3116 3
3117 3
3118 4
3119 1
3120 2
3121 0
3122 3
3123 0
3124 2
3125 1
3126 0
3127 1
3128 2
3129 1
3130 1
3131 1
3132 4
3133 1
3134 3
3135 1
3136 2
3137 0
3138 3
3139 2
3140 1
3141 0
3142 2
3143 1
3144 2
3145 0
3146 0
3147 0
3148 1
3149 1
3150 0
3151 1
3152 2
3153 0
3154 0
3155 0
3156 1
3157 0
3158 0
3159 0
3160 1
3161 0
3162 0
3163 0
3164 0
3165 0
3166 1
3167 0
3202 0
3203 1
3204 0
OK
