Histogram of ADC12:
12 0
13 21
14 1403
15 1703
16 451
17 136
18 54
19 26
20 21
21 10
22 8
23 7
24 3
25 1
26 2
27 2
28 1
29 2
30 1
31 1
32 0
33 0
34 1
35 0
36 0
37 0
38 1
39 0
61 0
62 1
63 0
226 0
227 2
228 4
229 13
230 12
231 30
232 38
233 57
234 107
235 168
236 215
237 309
238 445
239 590
240 677
241 864
242 1061
243 1267
244 1407
245 1493
246 1706
247 1832
248 1859
249 1961
250 2012
251 2016
252 1900
253 1968
254 1923
255 1987
256 1875
257 1691
258 1565
259 1409
260 1239
261 1128
262 958
263 752
264 609
265 522
266 358
267 242
268 200
269 130
270 88
271 56
272 40
273 19
274 16
275 7
276 4
277 1
278 0
279 0
280 1
281 0
2057 0
2058 1
2059 0
OK
