Histogram of ADC0:
299 0
300 1
301 0
302 1
303 0
304 0
305 1
306 1
307 2
308 0
309 0
310 0
311 0
312 1
313 4
314 1
315 0
316 2
317 0
318 0
319 1
320 0
321 0
322 0
323 0
324 0
325 1
326 0
327 0
328 0
329 0
330 0
331 0
332 1
333 0
334 1
335 1
336 0
337 1
338 1
339 0
636 0
637 1
638 0
639 0
640 0
641 0
642 0
643 1
644 1
645 0
646 0
647 1
648 0
649 2
650 1
651 0
652 0
653 0
654 1
655 3
656 1
657 2
658 2
659 1
660 0
661 1
662 0
663 2
664 2
665 3
666 5
667 3
668 7
669 3
670 3
671 2
672 6
673 5
674 3
675 6
676 8
677 7
678 8
679 3
680 6
681 9
682 8
683 4
684 6
685 13
686 9
687 7
688 9
689 12
690 9
691 10
692 8
693 10
694 10
695 9
696 13
697 12
698 14
699 16
700 12
701 16
702 14
703 9
704 17
705 9
706 12
707 7
708 7
709 11
710 13
711 17
712 15
713 13
714 15
715 16
716 17
717 16
718 12
719 9
720 16
721 13
722 12
723 15
724 14
725 14
726 10
727 19
728 16
729 18
730 14
731 17
732 13
733 16
734 14
735 13
736 11
737 14
738 16
739 8
740 21
741 18
742 16
743 9
744 21
745 13
746 11
747 16
748 14
749 8
750 11
751 17
752 12
753 8
754 13
755 12
756 7
757 13
758 20
759 12
760 18
761 9
762 10
763 9
764 12
765 9
766 22
767 9
768 17
769 20
770 17
771 10
772 15
773 21
774 10
775 11
776 17
777 10
778 12
779 13
780 21
781 13
782 10
783 11
784 10
785 12
786 19
787 4
788 11
789 12
790 16
791 11
792 9
793 18
794 11
795 14
796 15
797 10
798 12
799 8
800 12
801 12
802 3
803 5
804 11
805 8
806 11
807 12
808 7
809 9
810 11
811 10
812 13
813 8
814 7
815 13
816 11
817 11
818 10
819 12
820 5
821 6
822 8
823 12
824 9
825 13
826 10
827 12
828 11
829 11
830 9
831 7
832 14
833 5
834 11
835 14
836 11
837 9
838 7
839 11
840 7
841 8
842 11
843 5
844 10
845 9
846 15
847 7
848 9
849 5
850 4
851 7
852 6
853 7
854 10
855 4
856 8
857 6
858 7
859 5
860 8
861 9
862 12
863 8
864 8
865 8
866 18
867 6
868 6
869 10
870 4
871 5
872 4
873 5
874 6
875 4
876 8
877 9
878 7
879 10
880 4
881 8
882 7
883 7
884 11
885 8
886 7
887 6
888 6
889 4
890 7
891 6
892 7
893 4
894 2
895 6
896 9
897 6
898 14
899 9
900 10
901 5
902 6
903 7
904 3
905 3
906 8
907 5
908 4
909 5
910 5
911 5
912 8
913 9
914 10
915 5
916 4
917 5
918 3
919 3
920 4
921 4
922 6
923 6
924 3
925 4
926 7
927 6
928 5
929 6
930 9
931 6
932 5
933 2
934 10
935 2
936 1
937 3
938 1
939 2
940 9
941 7
942 6
943 6
944 6
945 5
946 2
947 3
948 5
949 3
950 9
951 2
952 7
953 6
954 4
955 5
956 6
957 6
958 6
959 6
960 5
961 6
962 4
963 4
964 8
965 5
966 4
967 2
968 11
969 6
970 5
971 7
972 3
973 4
974 4
975 2
976 3
977 6
978 3
979 4
980 5
981 7
982 3
983 4
984 4
985 6
986 8
987 2
988 3
989 6
990 4
991 2
992 3
993 2
994 0
995 1
996 2
997 6
998 3
999 4
1000 2
1001 4
1002 1
1003 7
1004 5
1005 2
1006 4
1007 5
1008 4
1009 7
1010 1
1011 2
1012 4
1013 2
1014 2
1015 4
1016 3
1017 4
1018 4
1019 3
1020 5
1021 3
1022 2
1023 2
1024 6
1025 4
1026 4
1027 1
1028 1
1029 3
1030 1
1031 3
1032 3
1033 0
1034 4
1035 3
1036 5
1037 3
1038 5
1039 1
1040 3
1041 1
1042 1
1043 2
1044 4
1045 0
1046 3
1047 8
1048 0
1049 4
1050 1
1051 6
1052 3
1053 3
1054 2
1055 2
1056 2
1057 1
1058 1
1059 1
1060 3
1061 3
1062 0
1063 2
1064 3
1065 0
1066 1
1067 3
1068 0
1069 2
1070 4
1071 2
1072 3
1073 2
1074 1
1075 4
1076 2
1077 2
1078 3
1079 3
1080 1
1081 4
1082 4
1083 4
1084 1
1085 2
1086 3
1087 0
1088 2
1089 2
1090 0
1091 5
1092 1
1093 1
1094 4
1095 1
1096 2
1097 0
1098 2
1099 1
1100 5
1101 1
1102 3
1103 2
1104 2
1105 1
1106 3
1107 3
1108 2
1109 2
1110 2
1111 1
1112 3
1113 4
1114 5
1115 0
1116 2
1117 2
1118 0
1119 2
1120 3
1121 1
1122 1
1123 2
1124 1
1125 1
1126 1
1127 1
1128 1
1129 3
1130 6
1131 0
1132 3
1133 2
1134 3
1135 1
1136 2
1137 2
1138 0
1139 2
1140 3
1141 3
1142 3
1143 2
1144 3
1145 4
1146 3
1147 2
1148 2
1149 4
1150 0
1151 5
1152 2
1153 0
1154 0
1155 1
1156 1
1157 2
1158 2
1159 1
1160 2
1161 2
1162 1
1163 0
1164 2
1165 2
1166 1
1167 1
1168 2
1169 1
1170 1
1171 3
1172 1
1173 1
1174 2
1175 1
1176 2
1177 3
1178 3
1179 3
1180 2
1181 2
1182 3
1183 3
1184 2
1185 4
1186 0
1187 1
1188 2
1189 2
1190 2
1191 1
1192 1
1193 0
1194 2
1195 0
1196 6
1197 1
1198 2
1199 0
1200 2
1201 2
1202 0
1203 1
1204 0
1205 2
1206 1
1207 2
1208 1
1209 1
1210 2
1211 1
1212 3
1213 2
1214 2
1215 1
1216 0
1217 1
1218 0
1219 1
1220 2
1221 3
1222 1
1223 0
1224 2
1225 0
1226 0
1227 2
1228 2
1229 0
1230 0
1231 3
1232 2
1233 0
1234 3
1235 4
1236 0
1237 1
1238 1
1239 2
1240 2
1241 0
1242 1
1243 2
1244 0
1245 3
1246 2
1247 1
1248 0
1249 0
1250 0
1251 0
1252 2
1253 0
1254 1
1255 1
1256 2
1257 2
1258 1
1259 2
1260 0
1261 2
1262 1
1263 0
1264 0
1265 2
1266 3
1267 0
1268 1
1269 1
1270 0
1271 1
1272 1
1273 1
1274 2
1275 2
1276 0
1277 2
1278 0
1279 1
1280 3
1281 3
1282 0
1283 1
1284 1
1285 0
1286 0
1287 0
1288 0
1289 0
1290 0
1291 1
1292 1
1293 0
1294 1
1295 1
1296 1
1297 1
1298 0
1299 2
1300 2
1301 3
1302 1
1303 0
1304 0
1305 2
1306 1
1307 0
1308 0
1309 1
1310 1
1311 1
1312 1
1313 0
1314 0
1315 2
1316 0
1317 2
1318 0
1319 1
1320 2
1321 1
1322 2
1323 0
1324 0
1325 0
1326 0
1327 0
1328 1
1329 0
1330 0
1331 2
1332 3
1333 0
1334 2
1335 1
1336 0
1337 2
1338 0
1339 3
1340 2
1341 1
1342 1
1343 0
1344 2
1345 3
1346 1
1347 0
1348 0
1349 1
1350 2
1351 0
1352 4
1353 0
1354 0
1355 1
1356 1
1357 0
1358 2
1359 0
1360 0
1361 1
1362 0
1363 0
1364 2
1365 1
1366 0
1367 1
1368 0
1369 0
1370 0
1371 0
1372 0
1373 1
1374 0
1375 1
1376 0
1377 1
1378 0
1379 1
1380 0
1381 0
1382 1
1383 0
1384 0
1385 0
1386 0
1387 0
1388 0
1389 0
1390 0
1391 0
1392 3
1393 2
1394 0
1395 1
1396 0
1397 0
1398 1
1399 0
1400 0
1401 0
1402 2
1403 0
1404 2
1405 0
1406 0
1407 0
1408 1
1409 2
1410 0
1411 0
1412 0
1413 0
1414 0
1415 0
1416 1
1417 1
1418 1
1419 0
1420 0
1421 0
1422 1
1423 0
1424 1
1425 0
1426 1
1427 0
1428 0
1429 1
1430 3
1431 0
1432 1
1433 1
1434 0
1435 1
1436 0
1437 0
1438 1
1439 0
1440 0
1441 1
1442 3
1443 0
1444 0
1445 1
1446 0
1447 0
1448 4
1449 1
1450 0
1451 1
1452 0
1453 0
1454 0
1455 1
1456 1
1457 0
1458 0
1459 0
1460 3
1461 1
1462 0
1463 1
1464 0
1465 0
1466 1
1467 0
1468 2
1469 0
1470 0
1471 0
1472 1
1473 0
1474 0
1475 0
1476 2
1477 0
1478 0
1479 0
1480 0
1481 0
1482 0
1483 0
1484 0
1485 0
1486 1
1487 1
1488 0
1489 2
1490 1
1491 0
1492 1
1493 2
1494 0
1495 0
1496 2
1497 0
1498 0
1499 0
1500 0
1501 1
1502 2
1503 0
1504 0
1505 1
1506 0
1507 0
1508 1
1509 0
1510 1
1511 0
1512 1
1513 0
1514 1
1515 0
1516 0
1517 0
1518 1
1519 0
1520 0
1521 1
1522 0
1523 0
1524 0
1525 0
1526 1
1527 0
1528 0
1529 0
1530 0
1531 0
1532 1
1533 0
1534 2
1535 0
1536 1
1537 0
1538 0
1539 1
1540 1
1541 2
1542 0
1543 0
1544 0
1545 1
1546 0
1547 0
1548 1
1549 2
1550 0
1551 0
1552 0
1553 0
1554 0
1555 0
1556 0
1557 0
1558 0
1559 1
1560 0
1561 2
1562 2
1563 0
1564 3
1565 0
1566 0
1567 1
1568 0
1569 0
1570 1
1571 0
1572 1
1573 0
1574 0
1575 1
1576 0
1577 0
1578 0
1579 0
1580 0
1581 0
1582 2
1583 0
1584 0
1585 0
1586 0
1587 0
1588 0
1589 0
1590 0
1591 1
1592 0
1593 0
1594 0
1595 0
1596 0
1597 1
1598 0
1599 0
1600 0
1601 0
1602 0
1603 0
1604 0
1605 0
1606 1
1607 1
1608 0
1609 0
1610 1
1611 0
1612 0
1613 0
1614 0
1615 1
1616 0
1617 0
1618 0
1619 0
1620 0
1621 0
1622 0
1623 0
1624 0
1625 2
1626 0
1627 0
1628 1
1629 1
1630 1
1631 0
1632 0
1633 1
1634 0
1635 2
1636 1
1637 0
1638 0
1639 0
1640 0
1641 2
1642 2
1643 1
1644 0
1645 0
1646 0
1647 0
1648 0
1649 1
1650 0
1651 0
1652 0
1653 0
1654 1
1655 1
1656 0
1657 1
1658 0
1659 0
1660 0
1661 2
1662 0
1663 0
1664 0
1665 0
1666 0
1667 0
1668 1
1669 0
1670 0
1671 1
1672 1
1673 0
1674 0
1675 0
1676 1
1677 0
1678 1
1679 0
1680 0
1681 0
1682 0
1683 0
1684 0
1685 0
1686 1
1687 0
1688 0
1689 1
1690 0
1691 0
1692 0
1693 0
1694 1
1695 0
1696 0
1697 1
1698 0
1699 2
1700 1
1701 0
1702 0
1703 0
1704 0
1705 0
1706 0
1707 0
1708 0
1709 0
1710 0
1711 0
1712 0
1713 0
1714 1
1715 0
1716 1
1717 0
1718 0
1719 0
1720 0
1721 1
1722 1
1723 0
1724 0
1725 0
1726 0
1727 0
1728 0
1729 0
1730 0
1731 1
1732 0
1733 1
1734 0
1735 0
1736 0
1737 0
1738 0
1739 0
1740 1
1741 0
1742 0
1743 0
1744 1
1745 0
1746 0
1747 1
1748 0
1749 0
1750 0
1751 0
1752 0
1753 1
1754 0
1755 1
1756 1
1757 0
1758 0
1759 0
1760 0
1761 1
1762 0
1763 0
1764 0
1765 0
1766 0
1767 0
1768 0
1769 0
1770 0
1771 0
1772 0
1773 1
1774 0
1775 0
1776 0
1777 0
1778 1
1779 1
1780 0
1781 0
1782 0
1783 0
1784 0
1785 0
1786 0
1787 0
1788 0
1789 0
1790 0
1791 0
1792 0
1793 0
1794 0
1795 0
1796 0
1797 0
1798 1
1799 1
1800 0
1825 0
1826 1
1827 0
1828 1
1829 0
1830 0
1831 0
1832 1
1833 0
1834 1
1835 0
1836 0
1837 0
1838 0
1839 0
1840 1
1841 0
1842 0
1843 0
1844 0
1845 0
1846 0
1847 0
1848 0
1849 0
1850 0
1851 1
1852 0
1853 0
1854 0
1855 0
1856 1
1857 0
1858 0
1859 0
1860 0
1861 0
1862 1
1863 0
1864 0
1865 0
1866 0
1867 0
1868 0
1869 0
1870 0
1871 1
1872 0
1873 1
1874 0
1875 0
1876 0
1877 0
1878 0
1879 0
1880 0
1881 0
1882 0
1883 0
1884 0
1885 1
1886 0
1887 0
1888 0
1889 0
1890 1
1891 0
1892 0
1893 0
1894 0
1895 0
1896 0
1897 0
1898 0
1899 1
1900 0
1901 0
1902 0
1903 0
1904 0
1905 1
1906 0
1907 0
1908 0
1909 1
1910 1
1911 0
1912 0
1913 0
1914 1
1915 0
1916 0
1917 0
1918 0
1919 0
1920 0
1921 0
1922 0
1923 1
1924 0
1925 0
1926 0
1927 0
1928 0
1929 0
1930 0
1931 0
1932 0
1933 0
1934 1
1935 0
1936 0
1937 0
1938 0
1939 0
1940 0
1941 0
1942 0
1943 0
1944 1
1945 1
1946 1
1947 0
1948 0
1949 0
1950 0
1951 0
1952 0
1953 0
1954 0
1955 0
1956 0
1957 0
1958 0
1959 0
1960 0
1961 0
1962 1
1963 0
1964 0
1965 1
1966 0
1990 0
1991 1
1992 1
1993 0
1994 0
1995 0
1996 0
1997 0
1998 0
1999 0
2000 0
2001 0
2002 0
2003 0
2004 0
2005 0
2006 1
2007 0
2008 0
2009 0
2010 0
2011 1
2012 0
2013 0
2014 0
2015 0
2016 0
2017 0
2018 0
2019 0
2020 0
2021 0
2022 1
2023 0
2024 0
2025 0
2026 1
2027 0
2028 1
2029 0
2030 0
2031 0
2032 0
2033 0
2034 0
2035 0
2036 1
2037 0
2038 1
2039 2
2040 0
2041 0
2042 0
2043 0
2044 0
2045 0
2046 0
2047 0
2048 0
2049 0
2050 0
2051 0
2052 0
2053 0
2054 0
2055 0
2056 0
2057 0
2058 0
2059 1
2060 0
2061 0
2062 0
2063 0
2064 0
2065 0
2066 0
2067 0
2068 0
2069 0
2070 0
2071 0
2072 0
2073 0
2074 0
2075 0
2076 1
2077 0
2078 0
2079 0
2080 0
2081 0
2082 0
2083 1
2084 0
2117 0
2118 1
2119 0
2120 0
2121 0
2122 0
2123 0
2124 0
2125 0
2126 0
2127 0
2128 0
2129 1
2130 0
2131 0
2132 0
2133 0
2134 0
2135 0
2136 0
2137 0
2138 0
2139 1
2140 1
2141 0
2142 0
2143 0
2144 0
2145 0
2146 0
2147 0
2148 0
2149 0
2150 0
2151 0
2152 0
2153 0
2154 0
2155 1
2156 0
2157 0
2158 0
2159 0
2160 0
2161 1
2162 0
2163 0
2164 0
2165 0
2166 0
2167 0
2168 0
2169 0
2170 1
2171 0
2172 0
2173 0
2174 0
2175 0
2176 0
2177 0
2178 0
2179 0
2180 0
2181 0
2182 0
2183 0
2184 1
2185 0
2186 0
2187 0
2188 0
2189 0
2190 0
2191 0
2192 0
2193 0
2194 0
2195 0
2196 0
2197 0
2198 1
2199 0
2200 0
2201 0
2202 0
2203 0
2204 0
2205 0
2206 0
2207 0
2208 1
2209 0
2210 0
2211 0
2212 0
2213 0
2214 0
2215 0
2216 0
2217 0
2218 1
2219 0
2220 0
2221 0
2222 0
2223 0
2224 0
2225 0
2226 0
2227 0
2228 0
2229 0
2230 1
2231 0
2232 0
2233 0
2234 0
2235 0
2236 0
2237 0
2238 0
2239 0
2240 0
2241 0
2242 0
2243 0
2244 0
2245 0
2246 1
2247 0
2248 1
2249 0
2270 0
2271 1
2272 0
2273 0
2274 1
2275 0
2276 0
2277 0
2278 0
2279 0
2280 0
2281 0
2282 0
2283 0
2284 0
2285 0
2286 0
2287 0
2288 0
2289 0
2290 0
2291 0
2292 1
2293 0
2294 0
2295 0
2296 0
2297 1
2298 0
2299 0
2300 0
2301 0
2302 0
2303 0
2304 1
2305 0
2306 0
2307 0
2308 0
2309 0
2310 0
2311 0
2312 0
2313 0
2314 0
2315 0
2316 0
2317 0
2318 0
2319 0
2320 0
2321 0
2322 0
2323 0
2324 0
2325 1
2326 0
2327 0
2328 0
2329 0
2330 0
2331 0
2332 0
2333 0
2334 0
2335 0
2336 0
2337 0
2338 0
2339 0
2340 0
2341 0
2342 0
2343 0
2344 0
2345 1
2346 0
2347 0
2348 0
2349 0
2350 0
2351 0
2352 0
2353 0
2354 0
2355 1
2356 0
2383 0
2384 1
2385 0
2386 0
2387 0
2388 0
2389 0
2390 1
2391 0
2392 1
2393 0
2394 0
2395 0
2396 0
2397 0
2398 0
2399 0
2400 0
2401 0
2402 0
2403 0
2404 0
2405 0
2406 0
2407 0
2408 0
2409 0
2410 0
2411 0
2412 0
2413 1
2414 1
2415 0
2416 0
2417 0
2418 0
2419 0
2420 0
2421 0
2422 0
2423 0
2424 0
2425 0
2426 0
2427 0
2428 0
2429 0
2430 0
2431 0
2432 1
2433 0
2434 0
2435 0
2436 0
2437 0
2438 0
2439 0
2440 0
2441 0
2442 0
2443 0
2444 0
2445 0
2446 0
2447 0
2448 0
2449 0
2450 1
2451 0
2452 0
2453 0
2454 0
2455 0
2456 0
2457 0
2458 0
2459 0
2460 1
2461 0
2462 0
2463 0
2464 0
2465 0
2466 1
2467 0
2545 0
2546 1
2547 0
2548 0
2549 0
2550 0
2551 0
2552 0
2553 0
2554 0
2555 0
2556 0
2557 0
2558 0
2559 0
2560 0
2561 0
2562 0
2563 0
2564 0
2565 0
2566 1
2567 0
2568 0
2569 0
2570 0
2571 0
2572 0
2573 0
2574 0
2575 0
2576 0
2577 0
2578 0
2579 0
2580 0
2581 0
2582 0
2583 0
2584 1
2585 0
2586 0
2587 0
2588 1
2589 0
2615 0
2616 1
2617 0
2645 0
2646 1
2647 0
2681 0
2682 1
2683 0
2742 0
2743 1
2744 0
2745 0
2746 0
2747 0
2748 0
2749 0
2750 0
2751 0
2752 0
2753 0
2754 0
2755 1
2756 0
2757 0
2758 0
2759 0
2760 1
2761 0
2799 0
2800 1
2801 0
2831 0
2832 1
2833 0
2867 0
2868 1
2869 0
2902 0
2903 1
2904 0
2968 0
2969 1
2970 0
3000 0
3001 1
3002 0
3066 0
3067 1
3068 0
3069 0
3070 0
3071 0
3072 0
3073 1
3074 0
3107 0
3108 1
3109 0
3132 0
3133 1
3134 0
3135 0
3136 1
3137 0
3168 0
3169 1
3170 0
3171 0
3172 0
3173 0
3174 0
3175 0
3176 0
3177 0
3178 1
3179 0
3224 0
3225 1
3226 0
3269 0
3270 1
3271 0
3322 0
3323 1
3324 0
3492 0
3493 1
3494 0
3495 0
3496 0
3497 0
3498 0
3499 0
3500 0
3501 0
3502 0
3503 0
3504 0
3505 0
3506 0
3507 0
3508 0
3509 0
3510 1
3511 0
3576 0
3577 1
3578 0
3857 0
3858 1
3859 1
3860 0
4094 0
4095 40844
OK
