Histogram of ADC2:
0 476246
1 1
2 3
3 0
4 0
5 1
6 0
65 0
66 1
67 0
104 0
105 1
106 1
107 0
131 0
132 1
133 0
134 0
135 0
136 0
137 0
138 0
139 0
140 0
141 0
142 0
143 0
144 1
145 0
146 0
147 0
148 1
149 0
150 0
151 0
152 1
153 0
154 0
155 1
156 1
157 0
182 0
183 1
184 0
185 1
186 1
187 6
188 7
189 14
190 26
191 27
192 36
193 50
194 53
195 67
196 84
197 87
198 84
199 94
200 115
201 88
202 90
203 93
204 89
205 69
206 74
207 84
208 95
209 61
210 66
211 60
212 63
213 40
214 38
215 44
216 28
217 32
218 23
219 14
220 13
221 4
222 1
223 0
224 2
225 0
226 1
227 0
4092 0
4093 1
4094 0
OK
