Histogram of ADC2:
8 0
9 1
10 11
11 6
12 2
13 1
14 0
15 0
16 0
17 0
18 0
19 0
20 0
21 0
22 0
23 20
24 156
25 426
26 720
27 843
28 797
29 761
30 718
31 605
32 687
33 581
34 592
35 588
36 509
37 483
38 455
39 469
40 440
41 430
42 386
43 363
44 320
45 341
46 289
47 317
48 259
49 251
50 247
51 246
52 239
53 182
54 235
55 177
56 164
57 156
58 152
59 144
60 138
61 129
62 135
63 123
64 137
65 135
66 126
67 127
68 126
69 137
70 119
71 108
72 107
73 111
74 97
75 85
76 94
77 81
78 82
79 74
80 79
81 75
82 63
83 72
84 66
85 78
86 52
87 72
88 56
89 43
90 52
91 47
92 63
93 50
94 34
95 30
96 29
97 22
98 41
99 45
100 25
101 31
102 37
103 27
104 34
105 29
106 22
107 22
108 23
109 29
110 27
111 21
112 16
113 24
114 15
115 13
116 23
117 24
118 11
119 19
120 16
121 18
122 20
123 21
124 21
125 14
126 17
127 18
128 15
129 15
130 10
131 17
132 15
133 11
134 13
135 12
136 11
137 12
138 2
139 15
140 14
141 11
142 11
143 9
144 7
145 11
146 5
147 6
148 8
149 6
150 5
151 3
152 7
153 5
154 6
155 5
156 4
157 4
158 0
159 5
160 1
161 2
162 7
163 4
164 3
165 6
166 1
167 7
168 7
169 4
170 3
171 7
172 7
173 4
174 5
175 3
176 3
177 3
178 2
179 1
180 3
181 2
182 5
183 3
184 4
185 4
186 3
187 5
188 2
189 5
190 8
191 1
192 3
193 3
194 1
195 6
196 1
197 2
198 0
199 2
200 1
201 3
202 3
203 3
204 2
205 3
206 4
207 3
208 1
209 1
210 3
211 2
212 1
213 1
214 3
215 2
216 1
217 1
218 2
219 1
220 1
221 1
222 1
223 2
224 0
225 0
226 0
227 3
228 2
229 2
230 1
231 1
232 3
233 1
234 1
235 2
236 3
237 1
238 1
239 0
240 1
241 2
242 1
243 0
244 1
245 1
246 1
247 2
248 0
249 0
250 1
251 0
252 0
253 1
254 0
255 0
256 0
257 0
258 0
259 1
260 1
261 1
262 0
263 3
264 0
265 1
266 1
267 0
268 1
269 0
270 1
271 0
272 1
273 2
274 1
275 2
276 1
277 0
278 0
279 0
280 3
281 2
282 0
283 1
284 0
285 0
286 0
287 1
288 0
289 0
290 0
291 1
292 0
293 1
294 0
295 1
296 0
297 2
298 0
299 0
300 0
301 0
302 2
303 1
304 0
305 0
306 2
307 0
308 1
309 0
310 0
311 0
312 0
313 2
314 0
315 0
316 0
317 0
318 0
319 0
320 0
321 0
322 1
323 2
324 0
325 0
326 0
327 0
328 0
329 0
330 1
331 0
332 0
333 1
334 0
335 0
336 0
337 0
338 0
339 0
340 0
341 0
342 1
343 0
344 0
345 0
346 0
347 0
348 0
349 0
350 0
351 0
352 1
353 1
354 0
355 0
356 0
357 0
358 0
359 0
360 0
361 0
362 0
363 0
364 0
365 0
366 0
367 0
368 0
369 0
370 0
371 0
372 1
373 0
374 0
375 0
376 0
377 0
378 0
379 0
380 0
381 0
382 1
383 0
384 0
385 0
386 0
387 1
388 1
389 0
390 1
391 0
392 0
393 0
394 0
395 1
396 1
397 1
398 0
399 0
400 1
401 0
402 0
403 0
404 0
405 0
406 0
407 1
408 0
409 0
410 0
411 1
412 0
413 0
414 0
415 0
416 1
417 0
418 0
419 0
420 0
421 0
422 0
423 0
424 1
425 0
446 0
447 1
448 0
449 1
450 0
451 0
452 0
453 0
454 0
455 0
456 0
457 0
458 0
459 0
460 0
461 0
462 0
463 0
464 0
465 0
466 1
467 0
468 0
469 0
470 0
471 0
472 0
473 0
474 0
475 0
476 1
477 1
478 0
498 0
499 1
500 0
501 0
502 0
503 0
504 0
505 0
506 0
507 0
508 0
509 0
510 0
511 0
512 0
513 0
514 0
515 0
516 1
517 0
518 0
519 0
520 0
521 0
522 1
523 0
595 0
596 1
597 0
598 0
599 0
600 0
601 0
602 1
603 0
682 0
683 1
684 0
732 0
733 1
734 0
856 0
857 1
858 0
890 0
891 1
892 0
939 0
940 1
941 0
986 0
987 1
988 0
1061 0
1062 1
1063 0
1697 0
1698 1
1699 0
1700 0
1701 0
1702 0
1703 0
1704 0
1705 0
1706 1
1707 0
1708 0
1709 0
1710 0
1711 1
1712 0
1713 0
1714 0
1715 0
1716 1
1717 0
1718 0
1719 0
1720 1
1721 0
1722 0
1723 0
1724 1
1725 0
1726 3
1727 2
1728 2
1729 0
1730 0
1731 1
1732 0
1733 0
1734 4
1735 2
1736 2
1737 1
1738 2
1739 0
1740 2
1741 0
1742 2
1743 3
1744 4
1745 4
1746 2
1747 2
1748 4
1749 5
1750 3
1751 2
1752 4
1753 2
1754 5
1755 4
1756 5
1757 4
1758 8
1759 4
1760 4
1761 6
1762 6
1763 3
1764 3
1765 10
1766 6
1767 6
1768 9
1769 14
1770 11
1771 10
1772 8
1773 15
1774 14
1775 13
1776 13
1777 16
1778 21
1779 14
1780 21
1781 15
1782 19
1783 12
1784 22
1785 22
1786 33
1787 20
1788 24
1789 25
1790 31
1791 13
1792 41
1793 37
1794 41
1795 35
1796 35
1797 38
1798 43
1799 28
1800 47
1801 37
1802 54
1803 46
1804 71
1805 40
1806 56
1807 47
1808 79
1809 67
1810 65
1811 47
1812 69
1813 76
1814 87
1815 71
1816 88
1817 72
1818 99
1819 92
1820 96
1821 92
1822 112
1823 62
1824 129
1825 101
1826 121
1827 131
1828 127
1829 119
1830 161
1831 98
1832 144
1833 129
1834 197
1835 145
1836 146
1837 127
1838 170
1839 136
1840 211
1841 160
1842 189
1843 155
1844 211
1845 181
1846 204
1847 155
1848 225
1849 177
1850 247
1851 217
1852 208
1853 214
1854 221
1855 142
1856 318
1857 224
1858 273
1859 253
1860 224
1861 244
1862 276
1863 258
1864 274
1865 219
1866 291
1867 258
1868 299
1869 301
1870 315
1871 224
1872 359
1873 279
1874 322
1875 287
1876 323
1877 305
1878 331
1879 258
1880 351
1881 325
1882 338
1883 304
1884 346
1885 280
1886 322
1887 223
1888 422
1889 284
1890 388
1891 307
1892 298
1893 307
1894 386
1895 309
1896 337
1897 274
1898 364
1899 291
1900 380
1901 325
1902 351
1903 299
1904 383
1905 289
1906 359
1907 315
1908 355
1909 308
1910 344
1911 252
1912 353
1913 286
1914 332
1915 301
1916 306
1917 290
1918 306
1919 189
1920 411
1921 245
1922 338
1923 269
1924 279
1925 290
1926 332
1927 248
1928 299
1929 254
1930 288
1931 271
1932 280
1933 215
1934 292
1935 165
1936 279
1937 210
1938 231
1939 186
1940 226
1941 188
1942 208
1943 188
1944 234
1945 198
1946 196
1947 191
1948 213
1949 163
1950 181
1951 138
1952 197
1953 142
1954 198
1955 136
1956 168
1957 138
1958 169
1959 139
1960 162
1961 143
1962 143
1963 106
1964 135
1965 114
1966 123
1967 105
1968 143
1969 98
1970 111
1971 93
1972 120
1973 96
1974 89
1975 84
1976 76
1977 85
1978 87
1979 67
1980 75
1981 59
1982 83
1983 49
1984 83
1985 56
1986 62
1987 57
1988 50
1989 49
1990 61
1991 36
1992 51
1993 31
1994 51
1995 33
1996 39
1997 44
1998 35
1999 24
2000 37
2001 31
2002 31
2003 26
2004 20
2005 20
2006 25
2007 16
2008 21
2009 17
2010 21
2011 15
2012 27
2013 11
2014 15
2015 9
2016 21
2017 18
2018 9
2019 18
2020 11
2021 10
2022 12
2023 7
2024 16
2025 6
2026 5
2027 8
2028 8
2029 9
2030 5
2031 3
2032 7
2033 8
2034 9
2035 5
2036 3
2037 6
2038 4
2039 4
2040 5
2041 3
2042 1
2043 8
2044 1
2045 1
2046 2
2047 0
2048 2
2049 2
2050 3
2051 1
2052 1
2053 1
2054 0
2055 1
2056 1
2057 1
2058 1
2059 1
2060 1
2061 0
2062 1
2063 2
2064 2
2065 0
2066 0
2067 0
2068 0
2069 0
2070 1
2071 1
2072 0
2073 1
2074 0
2075 0
2076 1
2077 0
2078 1
2079 0
2080 0
2081 0
2082 0
2083 0
2084 0
2085 0
2086 0
2087 0
2088 0
2089 0
2090 0
2091 0
2092 0
2093 0
2094 0
2095 0
2096 0
2097 0
2098 0
2099 1
2100 0
OK
