Histogram of ADC0:
300 0
301 2
302 1
303 1
304 0
305 1
306 0
307 0
308 0
309 1
310 1
311 0
312 0
313 0
314 1
315 0
316 0
317 0
318 0
319 0
320 0
321 0
322 1
323 0
324 0
325 0
326 0
327 0
328 0
329 0
330 1
331 1
332 2
333 1
334 1
335 1
336 0
337 0
338 1
339 0
340 0
341 1
342 0
343 0
344 0
345 0
346 0
347 0
348 0
349 0
350 0
351 0
352 0
353 0
354 0
355 0
356 0
357 0
358 0
359 0
360 1
361 1
362 0
363 0
364 0
365 0
366 0
367 0
368 0
369 0
370 0
371 0
372 0
373 0
374 0
375 0
376 0
377 1
378 0
621 0
622 1
623 0
624 1
625 1
626 1
627 1
628 0
629 1
630 0
631 2
632 0
633 3
634 0
635 0
636 1
637 4
638 2
639 3
640 1
641 3
642 4
643 4
644 10
645 2
646 2
647 3
648 5
649 4
650 9
651 6
652 4
653 10
654 0
655 15
656 8
657 3
658 10
659 6
660 8
661 14
662 7
663 6
664 9
665 20
666 14
667 16
668 16
669 16
670 18
671 17
672 12
673 16
674 22
675 13
676 17
677 25
678 23
679 20
680 16
681 20
682 17
683 24
684 19
685 18
686 18
687 16
688 21
689 20
690 30
691 27
692 26
693 33
694 29
695 28
696 33
697 34
698 15
699 34
700 31
701 34
702 30
703 23
704 46
705 27
706 31
707 29
708 36
709 33
710 28
711 29
712 28
713 32
714 34
715 34
716 28
717 35
718 23
719 37
720 35
721 44
722 34
723 26
724 48
725 36
726 36
727 41
728 38
729 36
730 34
731 37
732 32
733 40
734 34
735 19
736 42
737 43
738 23
739 25
740 31
741 32
742 20
743 34
744 28
745 29
746 28
747 29
748 45
749 35
750 37
751 42
752 31
753 37
754 37
755 39
756 24
757 36
758 23
759 31
760 33
761 43
762 33
763 24
764 28
765 30
766 27
767 25
768 32
769 32
770 44
771 32
772 36
773 38
774 41
775 21
776 30
777 27
778 33
779 19
780 48
781 38
782 38
783 33
784 25
785 24
786 35
787 29
788 38
789 29
790 23
791 25
792 24
793 24
794 41
795 22
796 25
797 29
798 26
799 19
800 35
801 25
802 40
803 32
804 27
805 31
806 31
807 28
808 29
809 36
810 47
811 26
812 35
813 33
814 38
815 33
816 29
817 18
818 21
819 20
820 37
821 22
822 43
823 22
824 31
825 20
826 16
827 33
828 41
829 22
830 29
831 30
832 36
833 28
834 31
835 28
836 26
837 27
838 32
839 37
840 31
841 31
842 30
843 26
844 32
845 26
846 29
847 30
848 27
849 28
850 19
851 19
852 23
853 29
854 27
855 25
856 26
857 29
858 26
859 28
860 29
861 27
862 30
863 13
864 31
865 22
866 29
867 28
868 18
869 27
870 31
871 26
872 32
873 21
874 21
875 18
876 22
877 25
878 25
879 24
880 23
881 26
882 22
883 28
884 22
885 28
886 29
887 28
888 28
889 20
890 22
891 20
892 23
893 20
894 23
895 15
896 17
897 25
898 20
899 30
900 23
901 23
902 21
903 24
904 29
905 24
906 16
907 21
908 34
909 27
910 24
911 31
912 21
913 36
914 19
915 25
916 20
917 25
918 25
919 25
920 27
921 23
922 18
923 15
924 28
925 22
926 36
927 14
928 24
929 26
930 23
931 21
932 22
933 24
934 21
935 22
936 11
937 17
938 27
939 16
940 26
941 25
942 25
943 24
944 23
945 18
946 16
947 18
948 24
949 21
950 21
951 24
952 20
953 18
954 11
955 19
956 19
957 21
958 28
959 17
960 26
961 27
962 24
963 24
964 28
965 25
966 15
967 19
968 14
969 14
970 26
971 23
972 22
973 17
974 17
975 22
976 21
977 20
978 23
979 14
980 16
981 15
982 21
983 17
984 14
985 18
986 17
987 15
988 29
989 25
990 22
991 13
992 32
993 25
994 16
995 13
996 19
997 16
998 20
999 15
1000 20
1001 19
1002 23
1003 13
1004 27
1005 22
1006 13
1007 14
1008 21
1009 12
1010 20
1011 23
1012 20
1013 16
1014 24
1015 16
1016 19
1017 13
1018 23
1019 16
1020 14
1021 22
1022 23
1023 11
1024 26
1025 27
1026 16
1027 12
1028 23
1029 29
1030 10
1031 17
1032 15
1033 20
1034 14
1035 13
1036 15
1037 19
1038 26
1039 21
1040 21
1041 20
1042 14
1043 17
1044 20
1045 16
1046 9
1047 10
1048 29
1049 12
1050 23
1051 17
1052 24
1053 26
1054 16
1055 18
1056 21
1057 24
1058 21
1059 15
1060 23
1061 16
1062 11
1063 17
1064 14
1065 21
1066 19
1067 18
1068 17
1069 10
1070 18
1071 18
1072 19
1073 10
1074 20
1075 16
1076 20
1077 20
1078 10
1079 15
1080 15
1081 12
1082 16
1083 13
1084 12
1085 24
1086 15
1087 9
1088 21
1089 25
1090 12
1091 8
1092 19
1093 17
1094 16
1095 11
1096 13
1097 20
1098 8
1099 15
1100 12
1101 20
1102 15
1103 13
1104 15
1105 18
1106 15
1107 8
1108 33
1109 11
1110 19
1111 12
1112 22
1113 12
1114 10
1115 15
1116 15
1117 16
1118 5
1119 9
1120 18
1121 11
1122 20
1123 13
1124 18
1125 13
1126 15
1127 9
1128 8
1129 7
1130 13
1131 13
1132 8
1133 11
1134 15
1135 20
1136 15
1137 16
1138 18
1139 9
1140 9
1141 14
1142 21
1143 19
1144 7
1145 22
1146 13
1147 14
1148 19
1149 14
1150 12
1151 9
1152 16
1153 12
1154 12
1155 11
1156 6
1157 11
1158 14
1159 17
1160 20
1161 9
1162 9
1163 14
1164 14
1165 14
1166 25
1167 14
1168 7
1169 11
1170 12
1171 12
1172 16
1173 11
1174 10
1175 12
1176 11
1177 19
1178 16
1179 11
1180 15
1181 13
1182 9
1183 7
1184 18
1185 10
1186 9
1187 8
1188 13
1189 12
1190 20
1191 9
1192 12
1193 14
1194 18
1195 10
1196 11
1197 11
1198 14
1199 10
1200 16
1201 14
1202 15
1203 16
1204 15
1205 15
1206 20
1207 12
1208 14
1209 8
1210 7
1211 12
1212 16
1213 8
1214 15
1215 6
1216 11
1217 13
1218 18
1219 11
1220 16
1221 14
1222 9
1223 13
1224 19
1225 11
1226 4
1227 9
1228 7
1229 11
1230 8
1231 13
1232 8
1233 12
1234 9
1235 7
1236 15
1237 9
1238 12
1239 9
1240 8
1241 9
1242 7
1243 8
1244 11
1245 10
1246 11
1247 10
1248 6
1249 10
1250 11
1251 10
1252 14
1253 15
1254 14
1255 7
1256 12
1257 13
1258 11
1259 8
1260 8
1261 10
1262 10
1263 8
1264 16
1265 9
1266 12
1267 11
1268 12
1269 9
1270 10
1271 8
1272 10
1273 10
1274 9
1275 9
1276 10
1277 10
1278 12
1279 10
1280 15
1281 8
1282 10
1283 18
1284 11
1285 11
1286 9
1287 7
1288 7
1289 6
1290 7
1291 12
1292 8
1293 11
1294 10
1295 7
1296 16
1297 8
1298 8
1299 14
1300 17
1301 15
1302 5
1303 10
1304 11
1305 13
1306 10
1307 10
1308 6
1309 9
1310 13
1311 7
1312 17
1313 12
1314 10
1315 8
1316 11
1317 12
1318 9
1319 10
1320 12
1321 8
1322 5
1323 7
1324 14
1325 12
1326 9
1327 7
1328 8
1329 7
1330 14
1331 7
1332 12
1333 11
1334 9
1335 12
1336 6
1337 4
1338 9
1339 12
1340 12
1341 6
1342 9
1343 6
1344 10
1345 4
1346 8
1347 12
1348 5
1349 14
1350 7
1351 6
1352 11
1353 4
1354 8
1355 6
1356 9
1357 9
1358 8
1359 4
1360 5
1361 4
1362 11
1363 7
1364 4
1365 13
1366 10
1367 12
1368 11
1369 4
1370 8
1371 8
1372 14
1373 10
1374 12
1375 9
1376 9
1377 8
1378 7
1379 10
1380 15
1381 6
1382 10
1383 7
1384 10
1385 8
1386 11
1387 14
1388 7
1389 7
1390 8
1391 7
1392 8
1393 7
1394 7
1395 2
1396 5
1397 8
1398 13
1399 6
1400 12
1401 8
1402 4
1403 6
1404 7
1405 4
1406 7
1407 5
1408 9
1409 5
1410 8
1411 2
1412 8
1413 11
1414 5
1415 11
1416 10
1417 8
1418 4
1419 3
1420 11
1421 7
1422 7
1423 5
1424 7
1425 8
1426 5
1427 9
1428 11
1429 4
1430 8
1431 7
1432 4
1433 10
1434 9
1435 7
1436 9
1437 7
1438 9
1439 8
1440 9
1441 2
1442 8
1443 1
1444 4
1445 8
1446 3
1447 4
1448 4
1449 6
1450 7
1451 4
1452 6
1453 2
1454 5
1455 8
1456 10
1457 7
1458 7
1459 4
1460 7
1461 10
1462 9
1463 3
1464 10
1465 6
1466 9
1467 7
1468 6
1469 8
1470 8
1471 5
1472 9
1473 9
1474 6
1475 2
1476 4
1477 6
1478 3
1479 4
1480 5
1481 5
1482 4
1483 5
1484 6
1485 7
1486 5
1487 5
1488 5
1489 8
1490 5
1491 5
1492 3
1493 6
1494 11
1495 6
1496 8
1497 6
1498 8
1499 8
1500 6
1501 3
1502 4
1503 3
1504 12
1505 6
1506 6
1507 9
1508 6
1509 5
1510 3
1511 5
1512 4
1513 5
1514 2
1515 9
1516 11
1517 5
1518 7
1519 6
1520 5
1521 4
1522 3
1523 7
1524 4
1525 12
1526 9
1527 3
1528 12
1529 6
1530 9
1531 7
1532 4
1533 3
1534 6
1535 6
1536 9
1537 7
1538 5
1539 2
1540 4
1541 7
1542 5
1543 4
1544 8
1545 6
1546 7
1547 3
1548 3
1549 6
1550 5
1551 6
1552 3
1553 2
1554 3
1555 3
1556 7
1557 3
1558 8
1559 5
1560 9
1561 1
1562 5
1563 3
1564 10
1565 2
1566 5
1567 1
1568 7
1569 9
1570 4
1571 5
1572 3
1573 6
1574 5
1575 3
1576 8
1577 5
1578 10
1579 6
1580 10
1581 10
1582 2
1583 8
1584 7
1585 8
1586 11
1587 2
1588 6
1589 4
1590 6
1591 5
1592 7
1593 4
1594 2
1595 2
1596 7
1597 3
1598 7
1599 1
1600 9
1601 7
1602 8
1603 7
1604 5
1605 8
1606 8
1607 7
1608 4
1609 7
1610 4
1611 2
1612 4
1613 5
1614 6
1615 3
1616 6
1617 4
1618 8
1619 5
1620 7
1621 7
1622 5
1623 6
1624 4
1625 4
1626 3
1627 6
1628 6
1629 4
1630 5
1631 3
1632 2
1633 11
1634 4
1635 6
1636 3
1637 7
1638 4
1639 6
1640 7
1641 4
1642 11
1643 2
1644 3
1645 6
1646 2
1647 5
1648 7
1649 8
1650 4
1651 9
1652 6
1653 6
1654 1
1655 4
1656 5
1657 7
1658 6
1659 4
1660 6
1661 10
1662 5
1663 4
1664 3
1665 4
1666 11
1667 4
1668 7
1669 4
1670 5
1671 2
1672 5
1673 11
1674 7
1675 5
1676 4
1677 6
1678 4
1679 5
1680 5
1681 6
1682 8
1683 5
1684 6
1685 5
1686 5
1687 3
1688 11
1689 3
1690 4
1691 4
1692 7
1693 3
1694 6
1695 5
1696 7
1697 3
1698 3
1699 8
1700 4
1701 4
1702 5
1703 1
1704 6
1705 9
1706 4
1707 6
1708 5
1709 8
1710 9
1711 3
1712 2
1713 3
1714 6
1715 2
1716 6
1717 4
1718 5
1719 2
1720 6
1721 11
1722 8
1723 4
1724 4
1725 5
1726 8
1727 8
1728 8
1729 5
1730 3
1731 5
1732 5
1733 9
1734 4
1735 5
1736 7
1737 5
1738 5
1739 5
1740 1
1741 5
1742 7
1743 4
1744 11
1745 5
1746 2
1747 5
1748 4
1749 2
1750 3
1751 5
1752 7
1753 7
1754 6
1755 8
1756 5
1757 8
1758 6
1759 6
1760 10
1761 8
1762 3
1763 5
1764 3
1765 5
1766 3
1767 7
1768 4
1769 4
1770 4
1771 4
1772 4
1773 7
1774 3
1775 5
1776 3
1777 3
1778 3
1779 6
1780 6
1781 2
1782 5
1783 6
1784 2
1785 2
1786 3
1787 3
1788 8
1789 3
1790 5
1791 3
1792 8
1793 6
1794 3
1795 5
1796 4
1797 4
1798 6
1799 5
1800 3
1801 5
1802 3
1803 3
1804 2
1805 4
1806 3
1807 5
1808 3
1809 5
1810 4
1811 5
1812 0
1813 6
1814 3
1815 7
1816 7
1817 7
1818 4
1819 8
1820 10
1821 5
1822 6
1823 6
1824 4
1825 3
1826 2
1827 3
1828 5
1829 6
1830 8
1831 2
1832 4
1833 5
1834 3
1835 2
1836 5
1837 1
1838 6
1839 3
1840 6
1841 3
1842 5
1843 7
1844 6
1845 2
1846 6
1847 4
1848 2
1849 1
1850 6
1851 5
1852 4
1853 2
1854 5
1855 1
1856 6
1857 6
1858 4
1859 4
1860 4
1861 2
1862 1
1863 4
1864 4
1865 5
1866 2
1867 5
1868 5
1869 7
1870 4
1871 4
1872 3
1873 2
1874 2
1875 1
1876 5
1877 4
1878 4
1879 2
1880 4
1881 3
1882 4
1883 1
1884 3
1885 4
1886 2
1887 3
1888 6
1889 4
1890 2
1891 5
1892 6
1893 4
1894 2
1895 0
1896 11
1897 4
1898 7
1899 2
1900 3
1901 0
1902 2
1903 7
1904 4
1905 3
1906 7
1907 1
1908 5
1909 5
1910 2
1911 7
1912 3
1913 6
1914 4
1915 4
1916 2
1917 3
1918 3
1919 6
1920 3
1921 2
1922 3
1923 3
1924 7
1925 2
1926 4
1927 1
1928 7
1929 3
1930 2
1931 1
1932 3
1933 1
1934 4
1935 4
1936 3
1937 0
1938 6
1939 5
1940 6
1941 4
1942 4
1943 2
1944 4
1945 3
1946 4
1947 5
1948 2
1949 4
1950 3
1951 3
1952 3
1953 5
1954 3
1955 3
1956 4
1957 4
1958 4
1959 1
1960 0
1961 2
1962 5
1963 5
1964 1
1965 4
1966 3
1967 1
1968 3
1969 2
1970 1
1971 2
1972 3
1973 3
1974 4
1975 0
1976 5
1977 3
1978 4
1979 4
1980 10
1981 3
1982 3
1983 3
1984 2
1985 3
1986 2
1987 1
1988 6
1989 6
1990 3
1991 3
1992 4
1993 3
1994 4
1995 7
1996 3
1997 3
1998 2
1999 4
2000 5
2001 2
2002 3
2003 3
2004 2
2005 2
2006 4
2007 1
2008 4
2009 3
2010 2
2011 3
2012 5
2013 0
2014 2
2015 0
2016 5
2017 3
2018 7
2019 5
2020 5
2021 4
2022 2
2023 4
2024 2
2025 2
2026 5
2027 1
2028 2
2029 2
2030 5
2031 2
2032 2
2033 1
2034 2
2035 2
2036 2
2037 2
2038 2
2039 1
2040 3
2041 3
2042 1
2043 4
2044 4
2045 3
2046 2
2047 0
2048 6
2049 4
2050 5
2051 2
2052 0
2053 3
2054 2
2055 2
2056 6
2057 2
2058 4
2059 1
2060 3
2061 4
2062 3
2063 6
2064 1
2065 3
2066 0
2067 5
2068 4
2069 1
2070 2
2071 3
2072 2
2073 4
2074 2
2075 2
2076 5
2077 5
2078 3
2079 1
2080 1
2081 2
2082 1
2083 2
2084 5
2085 4
2086 3
2087 4
2088 2
2089 0
2090 2
2091 1
2092 1
2093 2
2094 6
2095 2
2096 3
2097 3
2098 9
2099 6
2100 2
2101 4
2102 5
2103 3
2104 2
2105 3
2106 3
2107 2
2108 2
2109 2
2110 3
2111 1
2112 4
2113 5
2114 2
2115 2
2116 4
2117 4
2118 2
2119 6
2120 4
2121 2
2122 5
2123 3
2124 1
2125 2
2126 2
2127 2
2128 3
2129 4
2130 2
2131 4
2132 4
2133 2
2134 2
2135 1
2136 3
2137 2
2138 2
2139 3
2140 2
2141 4
2142 3
2143 1
2144 2
2145 1
2146 5
2147 4
2148 3
2149 3
2150 1
2151 2
2152 0
2153 1
2154 2
2155 5
2156 1
2157 2
2158 8
2159 2
2160 2
2161 6
2162 4
2163 2
2164 2
2165 2
2166 0
2167 4
2168 5
2169 4
2170 2
2171 2
2172 2
2173 3
2174 0
2175 1
2176 4
2177 2
2178 0
2179 2
2180 1
2181 0
2182 2
2183 4
2184 4
2185 3
2186 1
2187 3
2188 1
2189 2
2190 5
2191 0
2192 3
2193 4
2194 3
2195 1
2196 5
2197 3
2198 2
2199 1
2200 0
2201 4
2202 1
2203 4
2204 3
2205 0
2206 4
2207 2
2208 4
2209 3
2210 5
2211 4
2212 1
2213 1
2214 2
2215 0
2216 1
2217 4
2218 1
2219 2
2220 4
2221 0
2222 1
2223 0
2224 3
2225 1
2226 1
2227 2
2228 4
2229 1
2230 2
2231 1
2232 0
2233 1
2234 2
2235 0
2236 1
2237 4
2238 3
2239 3
2240 2
2241 2
2242 4
2243 2
2244 6
2245 2
2246 0
2247 1
2248 3
2249 0
2250 2
2251 2
2252 2
2253 2
2254 5
2255 0
2256 2
2257 3
2258 3
2259 1
2260 4
2261 1
2262 5
2263 0
2264 2
2265 3
2266 5
2267 2
2268 1
2269 1
2270 1
2271 1
2272 3
2273 5
2274 2
2275 0
2276 4
2277 2
2278 3
2279 2
2280 2
2281 5
2282 0
2283 0
2284 2
2285 1
2286 5
2287 1
2288 1
2289 2
2290 4
2291 2
2292 2
2293 4
2294 3
2295 1
2296 5
2297 2
2298 5
2299 0
2300 2
2301 3
2302 3
2303 0
2304 2
2305 4
2306 0
2307 3
2308 1
2309 1
2310 1
2311 0
2312 6
2313 2
2314 0
2315 1
2316 2
2317 1
2318 2
2319 2
2320 1
2321 2
2322 2
2323 1
2324 3
2325 2
2326 2
2327 3
2328 5
2329 1
2330 3
2331 1
2332 1
2333 1
2334 2
2335 1
2336 1
2337 1
2338 1
2339 3
2340 0
2341 2
2342 1
2343 2
2344 3
2345 3
2346 1
2347 1
2348 0
2349 1
2350 1
2351 0
2352 1
2353 0
2354 2
2355 2
2356 4
2357 0
2358 1
2359 0
2360 2
2361 1
2362 1
2363 2
2364 1
2365 0
2366 2
2367 1
2368 1
2369 3
2370 2
2371 1
2372 1
2373 2
2374 1
2375 2
2376 1
2377 0
2378 1
2379 3
2380 2
2381 1
2382 4
2383 1
2384 3
2385 1
2386 0
2387 0
2388 0
2389 0
2390 0
2391 1
2392 3
2393 0
2394 1
2395 1
2396 1
2397 1
2398 1
2399 0
2400 1
2401 1
2402 2
2403 1
2404 0
2405 0
2406 1
2407 0
2408 0
2409 0
2410 1
2411 2
2412 2
2413 2
2414 2
2415 2
2416 4
2417 1
2418 0
2419 4
2420 3
2421 1
2422 3
2423 2
2424 0
2425 1
2426 0
2427 1
2428 5
2429 2
2430 3
2431 1
2432 3
2433 1
2434 0
2435 0
2436 3
2437 1
2438 0
2439 1
2440 2
2441 1
2442 2
2443 2
2444 0
2445 0
2446 4
2447 1
2448 3
2449 2
2450 4
2451 1
2452 1
2453 4
2454 0
2455 4
2456 1
2457 6
2458 0
2459 2
2460 2
2461 0
2462 0
2463 0
2464 1
2465 3
2466 3
2467 0
2468 1
2469 1
2470 1
2471 2
2472 0
2473 0
2474 2
2475 1
2476 1
2477 0
2478 0
2479 1
2480 1
2481 1
2482 3
2483 1
2484 0
2485 2
2486 4
2487 0
2488 1
2489 3
2490 1
2491 1
2492 1
2493 3
2494 1
2495 0
2496 2
2497 2
2498 3
2499 1
2500 0
2501 0
2502 1
2503 2
2504 2
2505 2
2506 3
2507 1
2508 0
2509 0
2510 0
2511 1
2512 3
2513 0
2514 3
2515 0
2516 3
2517 3
2518 0
2519 1
2520 0
2521 3
2522 1
2523 1
2524 2
2525 1
2526 2
2527 1
2528 1
2529 2
2530 1
2531 0
2532 0
2533 1
2534 1
2535 2
2536 2
2537 0
2538 1
2539 2
2540 1
2541 1
2542 1
2543 0
2544 3
2545 3
2546 1
2547 2
2548 1
2549 0
2550 0
2551 0
2552 3
2553 2
2554 1
2555 1
2556 1
2557 1
2558 0
2559 0
2560 3
2561 1
2562 2
2563 1
2564 2
2565 1
2566 2
2567 0
2568 3
2569 3
2570 0
2571 0
2572 0
2573 2
2574 1
2575 2
2576 5
2577 0
2578 2
2579 1
2580 1
2581 2
2582 0
2583 1
2584 3
2585 0
2586 4
2587 1
2588 1
2589 1
2590 0
2591 0
2592 1
2593 1
2594 1
2595 0
2596 4
2597 1
2598 3
2599 0
2600 3
2601 2
2602 2
2603 1
2604 1
2605 0
2606 1
2607 0
2608 1
2609 3
2610 0
2611 0
2612 2
2613 1
2614 0
2615 1
2616 1
2617 1
2618 3
2619 0
2620 0
2621 0
2622 3
2623 1
2624 0
2625 0
2626 1
2627 0
2628 0
2629 0
2630 3
2631 0
2632 1
2633 0
2634 1
2635 1
2636 1
2637 2
2638 1
2639 0
2640 2
2641 0
2642 0
2643 0
2644 1
2645 0
2646 2
2647 0
2648 0
2649 2
2650 0
2651 2
2652 1
2653 0
2654 0
2655 1
2656 2
2657 0
2658 2
2659 0
2660 0
2661 2
2662 1
2663 1
2664 2
2665 0
2666 3
2667 0
2668 1
2669 1
2670 1
2671 2
2672 2
2673 0
2674 2
2675 1
2676 1
2677 4
2678 2
2679 2
2680 1
2681 0
2682 3
2683 2
2684 1
2685 0
2686 0
2687 1
2688 1
2689 0
2690 2
2691 3
2692 1
2693 1
2694 0
2695 1
2696 6
2697 1
2698 1
2699 1
2700 0
2701 0
2702 1
2703 1
2704 1
2705 0
2706 0
2707 1
2708 0
2709 1
2710 0
2711 0
2712 1
2713 0
2714 4
2715 1
2716 2
2717 1
2718 2
2719 0
2720 2
2721 1
2722 1
2723 1
2724 1
2725 0
2726 1
2727 1
2728 2
2729 2
2730 2
2731 0
2732 1
2733 2
2734 1
2735 0
2736 1
2737 1
2738 0
2739 0
2740 2
2741 1
2742 1
2743 1
2744 0
2745 0
2746 0
2747 0
2748 1
2749 2
2750 0
2751 0
2752 1
2753 1
2754 1
2755 1
2756 5
2757 0
2758 0
2759 0
2760 1
2761 2
2762 0
2763 1
2764 1
2765 0
2766 1
2767 0
2768 1
2769 1
2770 1
2771 0
2772 1
2773 0
2774 0
2775 1
2776 0
2777 2
2778 2
2779 0
2780 2
2781 2
2782 1
2783 0
2784 2
2785 0
2786 0
2787 0
2788 3
2789 4
2790 1
2791 1
2792 1
2793 0
2794 1
2795 0
2796 2
2797 0
2798 0
2799 1
2800 0
2801 1
2802 1
2803 1
2804 0
2805 0
2806 0
2807 1
2808 0
2809 0
2810 0
2811 0
2812 1
2813 1
2814 0
2815 0
2816 1
2817 1
2818 2
2819 0
2820 1
2821 1
2822 0
2823 0
2824 0
2825 2
2826 1
2827 1
2828 0
2829 1
2830 1
2831 0
2832 2
2833 0
2834 0
2835 0
2836 0
2837 0
2838 1
2839 0
2840 0
2841 0
2842 0
2843 0
2844 0
2845 0
2846 3
2847 1
2848 0
2849 0
2850 0
2851 1
2852 3
2853 0
2854 2
2855 2
2856 0
2857 1
2858 1
2859 2
2860 1
2861 1
2862 2
2863 0
2864 2
2865 0
2866 1
2867 0
2868 1
2869 2
2870 2
2871 0
2872 1
2873 1
2874 1
2875 0
2876 2
2877 0
2878 4
2879 1
2880 1
2881 1
2882 0
2883 0
2884 2
2885 0
2886 1
2887 1
2888 1
2889 1
2890 1
2891 1
2892 0
2893 1
2894 0
2895 0
2896 0
2897 0
2898 1
2899 1
2900 2
2901 1
2902 1
2903 0
2904 2
2905 0
2906 0
2907 1
2908 0
2909 0
2910 1
2911 0
2912 2
2913 1
2914 1
2915 1
2916 0
2917 0
2918 1
2919 0
2920 0
2921 0
2922 1
2923 1
2924 0
2925 1
2926 1
2927 1
2928 0
2929 2
2930 0
2931 0
2932 0
2933 0
2934 0
2935 1
2936 1
2937 1
2938 0
2939 1
2940 0
2941 1
2942 0
2943 1
2944 3
2945 0
2946 3
2947 0
2948 0
2949 3
2950 1
2951 0
2952 1
2953 0
2954 0
2955 0
2956 0
2957 0
2958 0
2959 2
2960 1
2961 1
2962 1
2963 0
2964 0
2965 3
2966 0
2967 1
2968 1
2969 3
2970 1
2971 2
2972 0
2973 2
2974 0
2975 0
2976 1
2977 0
2978 1
2979 2
2980 1
2981 1
2982 0
2983 0
2984 1
2985 0
2986 0
2987 0
2988 0
2989 3
2990 1
2991 0
2992 1
2993 0
2994 0
2995 0
2996 1
2997 0
2998 0
2999 1
3000 0
3001 1
3002 1
3003 1
3004 0
3005 4
3006 2
3007 0
3008 2
3009 0
3010 0
3011 0
3012 1
3013 0
3014 0
3015 0
3016 1
3017 2
3018 2
3019 1
3020 0
3021 0
3022 1
3023 2
3024 1
3025 2
3026 2
3027 0
3028 4
3029 3
3030 0
3031 1
3032 1
3033 0
3034 0
3035 1
3036 0
3037 2
3038 0
3039 0
3040 1
3041 1
3042 1
3043 0
3044 3
3045 2
3046 0
3047 0
3048 1
3049 0
3050 0
3051 0
3052 0
3053 3
3054 2
3055 0
3056 0
3057 0
3058 2
3059 0
3060 0
3061 0
3062 0
3063 0
3064 2
3065 1
3066 0
3067 1
3068 1
3069 2
3070 0
3071 0
3072 1
3073 0
3074 1
3075 1
3076 2
3077 0
3078 0
3079 1
3080 0
3081 3
3082 0
3083 0
3084 0
3085 1
3086 0
3087 0
3088 2
3089 3
3090 2
3091 0
3092 0
3093 0
3094 0
3095 0
3096 0
3097 0
3098 0
3099 0
3100 2
3101 1
3102 0
3103 1
3104 1
3105 2
3106 0
3107 0
3108 1
3109 0
3110 0
3111 2
3112 2
3113 0
3114 2
3115 2
3116 0
3117 0
3118 0
3119 1
3120 1
3121 1
3122 0
3123 1
3124 0
3125 0
3126 1
3127 1
3128 2
3129 1
3130 2
3131 0
3132 0
3133 0
3134 0
3135 0
3136 1
3137 3
3138 2
3139 0
3140 1
3141 0
3142 1
3143 0
3144 1
3145 0
3146 3
3147 0
3148 1
3149 0
3150 0
3151 1
3152 0
3153 0
3154 0
3155 1
3156 1
3157 1
3158 0
3159 1
3160 0
3161 1
3162 1
3163 0
3164 0
3165 0
3166 2
3167 0
3168 1
3169 1
3170 0
3171 1
3172 1
3173 4
3174 0
3175 0
3176 0
3177 1
3178 1
3179 0
3180 1
3181 0
3182 1
3183 0
3184 0
3185 0
3186 0
3187 0
3188 0
3189 1
3190 0
3191 1
3192 0
3193 0
3194 0
3195 0
3196 2
3197 1
3198 0
3199 0
3200 0
3201 2
3202 0
3203 1
3204 0
3205 0
3206 0
3207 0
3208 0
3209 0
3210 1
3211 0
3212 2
3213 0
3214 3
3215 1
3216 1
3217 0
3218 3
3219 0
3220 1
3221 1
3222 1
3223 0
3224 1
3225 1
3226 1
3227 1
3228 1
3229 0
3230 0
3231 0
3232 0
3233 0
3234 0
3235 0
3236 1
3237 1
3238 1
3239 0
3240 2
3241 1
3242 2
3243 0
3244 0
3245 0
3246 0
3247 0
3248 0
3249 0
3250 0
3251 1
3252 0
3253 0
3254 0
3255 2
3256 1
3257 3
3258 0
3259 0
3260 1
3261 1
3262 1
3263 0
3264 0
3265 0
3266 1
3267 1
3268 0
3269 0
3270 0
3271 0
3272 0
3273 2
3274 0
3275 0
3276 0
3277 1
3278 0
3279 0
3280 0
3281 1
3282 0
3283 0
3284 0
3285 1
3286 2
3287 1
3288 1
3289 0
3290 1
3291 0
3292 2
3293 0
3294 0
3295 0
3296 1
3297 1
3298 0
3299 1
3300 1
3301 3
3302 1
3303 0
3304 0
3305 0
3306 0
3307 0
3308 1
3309 1
3310 0
3311 1
3312 0
3313 1
3314 0
3315 0
3316 0
3317 1
3318 0
3319 1
3320 0
3321 0
3322 0
3323 0
3324 0
3325 1
3326 1
3327 0
3328 0
3329 1
3330 0
3331 0
3332 0
3333 2
3334 2
3335 0
3336 0
3337 3
3338 0
3339 0
3340 0
3341 0
3342 1
3343 0
3344 2
3345 0
3346 0
3347 0
3348 0
3349 1
3350 1
3351 0
3352 0
3353 1
3354 0
3355 0
3356 1
3357 0
3358 1
3359 0
3360 0
3361 0
3362 0
3363 1
3364 2
3365 0
3366 0
3367 0
3368 0
3369 1
3370 0
3371 0
3372 0
3373 0
3374 0
3375 0
3376 1
3377 1
3378 0
3379 1
3380 0
3381 0
3382 0
3383 1
3384 0
3385 0
3386 0
3387 0
3388 1
3389 0
3390 0
3391 1
3392 0
3393 2
3394 0
3395 0
3396 1
3397 0
3398 0
3399 0
3400 1
3401 0
3402 1
3403 1
3404 1
3405 1
3406 0
3407 0
3408 0
3409 1
3410 0
3411 0
3412 0
3413 0
3414 1
3415 1
3416 1
3417 2
3418 0
3419 0
3420 3
3421 0
3422 0
3423 0
3424 0
3425 3
3426 1
3427 0
3428 0
3429 0
3430 1
3431 0
3432 1
3433 0
3434 0
3435 0
3436 0
3437 0
3438 0
3439 0
3440 1
3441 1
3442 0
3443 0
3444 0
3445 2
3446 1
3447 0
3448 1
3449 1
3450 0
3451 0
3452 0
3453 0
3454 1
3455 0
3456 2
3457 0
3458 0
3459 0
3460 2
3461 0
3462 0
3463 1
3464 0
3465 0
3466 0
3467 2
3468 0
3469 1
3470 0
3471 1
3472 0
3473 0
3474 1
3475 0
3476 0
3477 1
3478 2
3479 1
3480 0
3481 0
3482 1
3483 0
3484 0
3485 0
3486 0
3487 0
3488 1
3489 0
3490 0
3491 0
3492 0
3493 0
3494 1
3495 1
3496 1
3497 0
3498 0
3499 1
3500 0
3501 1
3502 1
3503 0
3504 0
3505 0
3506 0
3507 0
3508 1
3509 1
3510 0
3511 0
3512 0
3513 0
3514 2
3515 1
3516 2
3517 0
3518 1
3519 0
3520 1
3521 0
3522 0
3523 0
3524 1
3525 0
3526 0
3527 0
3528 0
3529 0
3530 0
3531 0
3532 2
3533 0
3534 0
3535 0
3536 0
3537 1
3538 0
3539 0
3540 0
3541 0
3542 0
3543 1
3544 2
3545 0
3546 0
3547 0
3548 1
3549 0
3550 0
3551 1
3552 0
3553 1
3554 0
3555 0
3556 0
3557 1
3558 0
3559 1
3560 2
3561 0
3562 1
3563 0
3564 0
3565 0
3566 0
3567 0
3568 0
3569 0
3570 0
3571 0
3572 0
3573 0
3574 0
3575 0
3576 0
3577 0
3578 0
3579 0
3580 1
3581 1
3582 1
3583 0
3584 0
3585 0
3586 0
3587 0
3588 0
3589 1
3590 1
3591 0
3592 0
3593 0
3594 1
3595 0
3596 0
3597 0
3598 0
3599 1
3600 0
3601 0
3602 0
3603 0
3604 0
3605 1
3606 0
3607 0
3608 0
3609 0
3610 1
3611 1
3612 0
3613 1
3614 0
3615 1
3616 0
3617 1
3618 0
3619 0
3620 0
3621 1
3622 0
3623 2
3624 0
3625 0
3626 0
3627 0
3628 0
3629 0
3630 0
3631 1
3632 0
3633 0
3634 0
3635 1
3636 0
3637 0
3638 0
3639 0
3640 1
3641 1
3642 0
3643 0
3644 0
3645 0
3646 1
3647 1
3648 0
3649 0
3650 0
3651 1
3652 0
3653 0
3654 1
3655 0
3656 1
3657 0
3658 0
3659 0
3660 0
3661 1
3662 0
3663 0
3664 1
3665 0
3666 0
3667 0
3668 0
3669 1
3670 1
3671 0
3694 0
3695 1
3696 2
3697 0
3698 0
3699 0
3700 0
3701 1
3702 0
3703 0
3704 0
3705 1
3706 0
3707 0
3708 1
3709 0
3710 0
3711 0
3712 0
3713 1
3714 0
3715 0
3716 1
3717 0
3718 0
3719 0
3720 0
3721 1
3722 0
3723 0
3724 0
3725 0
3726 0
3727 0
3728 0
3729 0
3730 0
3731 0
3732 0
3733 0
3734 0
3735 0
3736 1
3737 0
3738 0
3739 0
3740 0
3741 0
3742 1
3743 0
3744 1
3745 1
3746 0
3747 1
3748 0
3749 1
3750 0
3751 0
3752 0
3753 0
3754 0
3755 0
3756 0
3757 0
3758 0
3759 2
3760 0
3761 0
3762 1
3763 1
3764 0
3765 0
3766 0
3767 0
3768 0
3769 0
3770 0
3771 1
3772 0
3773 0
3774 0
3775 0
3776 1
3777 0
3778 0
3779 0
3780 0
3781 0
3782 1
3783 1
3784 0
3785 1
3786 0
3787 0
3788 0
3789 0
3790 0
3791 0
3792 0
3793 0
3794 0
3795 1
3796 0
3797 0
3798 0
3799 0
3800 1
3801 0
3802 0
3803 0
3804 0
3805 0
3806 0
3807 0
3808 0
3809 0
3810 1
3811 0
3812 0
3813 0
3814 0
3815 1
3816 1
3817 0
3818 0
3819 0
3820 1
3821 0
3822 0
3823 0
3824 0
3825 0
3826 0
3827 0
3828 0
3829 1
3830 0
3831 0
3832 0
3833 0
3834 0
3835 0
3836 0
3837 0
3838 0
3839 0
3840 0
3841 0
3842 0
3843 0
3844 0
3845 0
3846 0
3847 1
3848 2
3849 0
3877 0
3878 1
3879 0
3880 0
3881 0
3882 1
3883 1
3884 0
3885 1
3886 0
3887 0
3888 1
3889 0
3890 0
3891 0
3892 0
3893 0
3894 0
3895 0
3896 0
3897 0
3898 0
3899 0
3900 0
3901 0
3902 0
3903 0
3904 0
3905 0
3906 0
3907 0
3908 0
3909 1
3910 0
3911 0
3912 0
3913 0
3914 0
3915 0
3916 0
3917 0
3918 0
3919 0
3920 0
3921 1
3922 0
3923 0
3924 0
3925 0
3926 0
3927 0
3928 0
3929 0
3930 0
3931 0
3932 0
3933 0
3934 0
3935 0
3936 0
3937 0
3938 1
3939 0
3940 0
3941 0
3942 0
3943 0
3944 0
3945 1
3946 0
3947 0
3948 0
3949 0
3950 0
3951 0
3952 1
3953 1
3954 0
3955 0
3956 1
3957 0
3958 0
3959 0
3960 1
3961 1
3962 0
3963 0
3964 1
3965 0
3966 0
3967 0
3968 0
3969 0
3970 0
3971 1
3972 0
3973 1
3974 0
3975 0
3976 0
3977 1
3978 0
3979 1
3980 0
3981 0
3982 0
3983 0
3984 0
3985 0
3986 1
3987 0
3988 0
3989 0
3990 1
3991 0
4012 0
4013 1
4014 0
4015 1
4016 0
4017 0
4018 0
4019 0
4020 0
4021 0
4022 0
4023 0
4024 0
4025 0
4026 0
4027 0
4028 1
4029 0
4030 1
4031 0
4032 1
4033 0
4034 1
4035 0
4036 1
4037 0
4038 0
4039 0
4040 0
4041 0
4042 0
4043 0
4044 0
4045 0
4046 0
4047 0
4048 0
4049 0
4050 0
4051 0
4052 0
4053 1
4054 0
4055 0
4056 0
4057 0
4058 0
4059 0
4060 0
4061 0
4062 0
4063 0
4064 0
4065 0
4066 0
4067 0
4068 0
4069 0
4070 0
4071 0
4072 0
4073 0
4074 2
4075 0
4076 1
4077 0
4078 1
4079 1
4080 0
4081 0
4082 0
4083 1
4084 0
4085 0
4086 0
4087 0
4088 0
4089 1
4090 0
4091 0
4092 2
4093 0
4094 0
4095 40380
OK
