Histogram of ADC12:
12 0
13 20
14 3527
15 6627
16 3609
17 1846
18 1332
19 773
20 457
21 311
22 200
23 164
24 99
25 52
26 58
27 42
28 37
29 30
30 17
31 16
32 9
33 6
34 11
35 7
36 8
37 6
38 3
39 2
40 1
41 2
42 1
43 1
44 6
45 2
46 1
47 2
48 1
49 2
50 0
51 2
52 0
53 0
54 2
55 1
56 0
57 0
58 0
59 0
60 1
61 1
62 0
63 0
64 0
65 0
66 0
67 0
68 1
69 0
70 0
71 0
72 1
73 0
74 0
75 0
76 0
77 0
78 0
79 0
80 0
81 0
82 1
83 0
84 0
85 1
86 0
87 0
88 0
89 0
90 1
91 0
92 0
93 1
94 0
95 0
96 0
97 0
98 0
99 1
100 0
149 0
150 1
151 1
152 3
153 9
154 23
155 43
156 75
157 170
158 314
159 495
160 850
161 1300
162 1873
163 2366
164 3024
165 3607
166 3882
167 3984
168 3884
169 3598
170 3094
171 2359
172 1862
173 1315
174 871
175 521
176 271
177 170
178 93
179 35
180 13
181 7
182 3
183 0
184 1
185 0
2057 0
2058 1
2059 0
OK
