Histogram of ADC0:
291 0
292 1
293 1
294 1
295 1
296 1
297 2
298 7
299 6
300 8
301 8
302 3
303 4
304 7
305 2
306 8
307 5
308 2
309 3
310 6
311 3
312 0
313 2
314 3
315 1
316 2
317 3
318 4
319 0
320 3
321 0
322 0
323 1
324 0
325 0
326 0
327 0
328 0
329 0
330 0
331 0
332 0
333 0
334 0
335 0
336 0
337 0
338 1
339 1
340 0
632 0
633 1
634 0
635 1
636 1
637 0
638 2
639 1
640 1
641 0
642 7
643 1
644 2
645 2
646 5
647 3
648 3
649 5
650 1
651 5
652 5
653 4
654 8
655 8
656 16
657 13
658 10
659 10
660 10
661 22
662 19
663 21
664 27
665 19
666 30
667 25
668 25
669 32
670 33
671 31
672 30
673 34
674 43
675 34
676 40
677 47
678 46
679 43
680 38
681 49
682 43
683 57
684 61
685 66
686 46
687 47
688 58
689 56
690 63
691 64
692 56
693 64
694 69
695 77
696 80
697 87
698 87
699 75
700 68
701 102
702 72
703 65
704 79
705 80
706 77
707 71
708 75
709 90
710 84
711 73
712 78
713 94
714 65
715 69
716 90
717 94
718 72
719 77
720 85
721 77
722 75
723 86
724 89
725 89
726 92
727 82
728 85
729 76
730 86
731 79
732 81
733 95
734 95
735 54
736 73
737 79
738 71
739 75
740 76
741 77
742 93
743 78
744 86
745 73
746 67
747 69
748 65
749 89
750 86
751 63
752 78
753 61
754 84
755 72
756 91
757 70
758 69
759 60
760 85
761 58
762 86
763 59
764 63
765 73
766 74
767 72
768 85
769 82
770 74
771 60
772 62
773 64
774 65
775 65
776 68
777 73
778 75
779 71
780 69
781 83
782 78
783 67
784 89
785 59
786 65
787 58
788 67
789 72
790 67
791 63
792 73
793 58
794 69
795 49
796 62
797 65
798 70
799 46
800 71
801 80
802 56
803 48
804 73
805 70
806 65
807 54
808 55
809 63
810 64
811 57
812 61
813 71
814 64
815 66
816 70
817 60
818 63
819 57
820 62
821 64
822 56
823 55
824 67
825 53
826 56
827 55
828 57
829 53
830 62
831 41
832 62
833 57
834 63
835 51
836 53
837 67
838 61
839 43
840 51
841 55
842 49
843 41
844 61
845 61
846 49
847 51
848 58
849 48
850 47
851 50
852 60
853 53
854 42
855 59
856 46
857 54
858 69
859 56
860 74
861 53
862 49
863 42
864 43
865 53
866 44
867 51
868 53
869 56
870 45
871 46
872 43
873 45
874 46
875 52
876 39
877 57
878 59
879 44
880 43
881 53
882 52
883 50
884 54
885 38
886 48
887 37
888 37
889 49
890 40
891 27
892 42
893 54
894 49
895 36
896 54
897 31
898 45
899 41
900 39
901 52
902 46
903 47
904 39
905 44
906 47
907 40
908 46
909 39
910 35
911 43
912 36
913 41
914 34
915 40
916 31
917 36
918 32
919 34
920 40
921 28
922 29
923 38
924 44
925 37
926 31
927 29
928 51
929 41
930 40
931 33
932 34
933 29
934 27
935 30
936 33
937 35
938 40
939 30
940 35
941 45
942 40
943 39
944 39
945 33
946 37
947 34
948 37
949 33
950 32
951 39
952 27
953 35
954 34
955 31
956 40
957 30
958 29
959 24
960 32
961 38
962 29
963 30
964 23
965 33
966 29
967 29
968 32
969 24
970 35
971 26
972 24
973 36
974 28
975 28
976 36
977 36
978 31
979 30
980 28
981 31
982 19
983 32
984 24
985 20
986 19
987 27
988 34
989 26
990 26
991 19
992 35
993 22
994 17
995 17
996 28
997 31
998 16
999 23
1000 21
1001 23
1002 20
1003 15
1004 16
1005 26
1006 25
1007 18
1008 31
1009 19
1010 25
1011 28
1012 18
1013 28
1014 21
1015 26
1016 12
1017 30
1018 22
1019 24
1020 20
1021 22
1022 27
1023 11
1024 31
1025 23
1026 21
1027 24
1028 34
1029 30
1030 27
1031 17
1032 31
1033 23
1034 23
1035 20
1036 18
1037 15
1038 18
1039 24
1040 23
1041 18
1042 28
1043 18
1044 29
1045 20
1046 13
1047 16
1048 18
1049 18
1050 19
1051 16
1052 25
1053 15
1054 25
1055 8
1056 24
1057 18
1058 15
1059 24
1060 10
1061 20
1062 18
1063 18
1064 15
1065 16
1066 18
1067 22
1068 12
1069 19
1070 19
1071 15
1072 20
1073 12
1074 12
1075 17
1076 22
1077 18
1078 10
1079 16
1080 15
1081 14
1082 21
1083 13
1084 19
1085 17
1086 10
1087 6
1088 16
1089 23
1090 24
1091 16
1092 15
1093 16
1094 17
1095 14
1096 20
1097 16
1098 19
1099 14
1100 14
1101 24
1102 16
1103 10
1104 20
1105 10
1106 13
1107 9
1108 7
1109 17
1110 23
1111 14
1112 18
1113 14
1114 17
1115 16
1116 17
1117 12
1118 20
1119 12
1120 20
1121 18
1122 15
1123 14
1124 9
1125 11
1126 15
1127 22
1128 10
1129 13
1130 17
1131 15
1132 14
1133 13
1134 11
1135 18
1136 13
1137 13
1138 13
1139 17
1140 14
1141 20
1142 12
1143 15
1144 19
1145 12
1146 15
1147 10
1148 13
1149 15
1150 10
1151 12
1152 18
1153 16
1154 16
1155 10
1156 12
1157 10
1158 7
1159 11
1160 15
1161 13
1162 9
1163 10
1164 13
1165 9
1166 11
1167 11
1168 13
1169 17
1170 11
1171 14
1172 7
1173 6
1174 11
1175 14
1176 12
1177 11
1178 13
1179 10
1180 14
1181 14
1182 9
1183 6
1184 19
1185 8
1186 11
1187 11
1188 10
1189 11
1190 8
1191 10
1192 7
1193 6
1194 11
1195 8
1196 10
1197 8
1198 11
1199 10
1200 6
1201 15
1202 7
1203 7
1204 11
1205 11
1206 15
1207 9
1208 7
1209 10
1210 12
1211 10
1212 11
1213 12
1214 9
1215 7
1216 5
1217 14
1218 15
1219 9
1220 7
1221 8
1222 11
1223 8
1224 12
1225 9
1226 11
1227 5
1228 17
1229 11
1230 10
1231 10
1232 6
1233 9
1234 3
1235 8
1236 14
1237 6
1238 11
1239 8
1240 11
1241 8
1242 11
1243 9
1244 11
1245 5
1246 11
1247 5
1248 6
1249 7
1250 7
1251 12
1252 3
1253 6
1254 11
1255 7
1256 8
1257 5
1258 12
1259 6
1260 9
1261 10
1262 8
1263 7
1264 12
1265 6
1266 10
1267 7
1268 7
1269 5
1270 1
1271 3
1272 3
1273 6
1274 5
1275 7
1276 9
1277 7
1278 6
1279 8
1280 11
1281 12
1282 8
1283 4
1284 16
1285 2
1286 8
1287 9
1288 6
1289 8
1290 11
1291 11
1292 6
1293 6
1294 5
1295 6
1296 11
1297 9
1298 9
1299 5
1300 4
1301 8
1302 5
1303 6
1304 6
1305 8
1306 7
1307 4
1308 10
1309 7
1310 8
1311 7
1312 9
1313 11
1314 4
1315 5
1316 5
1317 7
1318 8
1319 7
1320 7
1321 10
1322 3
1323 4
1324 5
1325 6
1326 11
1327 7
1328 7
1329 12
1330 8
1331 2
1332 5
1333 10
1334 6
1335 4
1336 9
1337 4
1338 6
1339 6
1340 7
1341 4
1342 4
1343 4
1344 8
1345 5
1346 7
1347 7
1348 4
1349 8
1350 7
1351 11
1352 6
1353 9
1354 6
1355 4
1356 13
1357 4
1358 4
1359 6
1360 9
1361 8
1362 5
1363 6
1364 6
1365 7
1366 7
1367 3
1368 5
1369 7
1370 7
1371 7
1372 2
1373 7
1374 3
1375 8
1376 2
1377 8
1378 4
1379 2
1380 2
1381 2
1382 7
1383 8
1384 7
1385 5
1386 9
1387 4
1388 1
1389 4
1390 1
1391 4
1392 7
1393 3
1394 5
1395 5
1396 4
1397 9
1398 4
1399 7
1400 6
1401 4
1402 5
1403 3
1404 4
1405 4
1406 4
1407 8
1408 5
1409 9
1410 1
1411 3
1412 9
1413 6
1414 2
1415 4
1416 4
1417 2
1418 2
1419 7
1420 2
1421 4
1422 2
1423 5
1424 2
1425 6
1426 6
1427 3
1428 4
1429 7
1430 8
1431 3
1432 8
1433 3
1434 6
1435 4
1436 6
1437 6
1438 6
1439 2
1440 7
1441 5
1442 5
1443 4
1444 2
1445 7
1446 1
1447 3
1448 8
1449 7
1450 6
1451 4
1452 9
1453 6
1454 3
1455 5
1456 4
1457 7
1458 3
1459 4
1460 5
1461 6
1462 1
1463 6
1464 7
1465 5
1466 6
1467 6
1468 7
1469 5
1470 6
1471 2
1472 4
1473 3
1474 6
1475 2
1476 5
1477 5
1478 2
1479 3
1480 2
1481 6
1482 7
1483 1
1484 2
1485 2
1486 5
1487 2
1488 4
1489 7
1490 1
1491 5
1492 5
1493 5
1494 5
1495 1
1496 4
1497 4
1498 4
1499 4
1500 6
1501 0
1502 3
1503 1
1504 7
1505 5
1506 5
1507 2
1508 2
1509 1
1510 6
1511 2
1512 6
1513 3
1514 4
1515 4
1516 1
1517 4
1518 4
1519 4
1520 4
1521 3
1522 2
1523 0
1524 6
1525 4
1526 5
1527 3
1528 3
1529 5
1530 3
1531 4
1532 5
1533 5
1534 2
1535 3
1536 2
1537 3
1538 3
1539 1
1540 2
1541 3
1542 5
1543 1
1544 4
1545 3
1546 3
1547 7
1548 1
1549 1
1550 4
1551 1
1552 3
1553 0
1554 2
1555 1
1556 3
1557 4
1558 3
1559 3
1560 4
1561 7
1562 4
1563 3
1564 4
1565 4
1566 6
1567 1
1568 1
1569 3
1570 8
1571 3
1572 0
1573 5
1574 4
1575 2
1576 6
1577 1
1578 4
1579 2
1580 5
1581 5
1582 4
1583 4
1584 1
1585 2
1586 2
1587 3
1588 2
1589 0
1590 1
1591 3
1592 4
1593 1
1594 1
1595 2
1596 0
1597 2
1598 3
1599 1
1600 4
1601 3
1602 2
1603 4
1604 2
1605 0
1606 3
1607 2
1608 6
1609 4
1610 0
1611 0
1612 0
1613 5
1614 1
1615 2
1616 1
1617 1
1618 4
1619 2
1620 4
1621 2
1622 3
1623 3
1624 1
1625 7
1626 2
1627 3
1628 2
1629 0
1630 1
1631 1
1632 4
1633 3
1634 1
1635 1
1636 1
1637 1
1638 1
1639 2
1640 3
1641 2
1642 2
1643 1
1644 3
1645 1
1646 4
1647 2
1648 0
1649 1
1650 4
1651 4
1652 1
1653 2
1654 2
1655 3
1656 6
1657 1
1658 5
1659 3
1660 2
1661 3
1662 5
1663 2
1664 2
1665 2
1666 5
1667 3
1668 4
1669 2
1670 5
1671 2
1672 4
1673 4
1674 3
1675 3
1676 2
1677 1
1678 4
1679 1
1680 2
1681 2
1682 0
1683 1
1684 2
1685 2
1686 1
1687 1
1688 1
1689 1
1690 1
1691 2
1692 4
1693 2
1694 4
1695 1
1696 0
1697 2
1698 0
1699 1
1700 2
1701 2
1702 5
1703 2
1704 0
1705 4
1706 3
1707 1
1708 2
1709 4
1710 4
1711 1
1712 3
1713 1
1714 3
1715 2
1716 4
1717 3
1718 2
1719 3
1720 1
1721 4
1722 3
1723 0
1724 1
1725 1
1726 3
1727 0
1728 3
1729 3
1730 3
1731 4
1732 2
1733 0
1734 0
1735 2
1736 2
1737 1
1738 2
1739 2
1740 0
1741 0
1742 3
1743 1
1744 2
1745 3
1746 4
1747 2
1748 6
1749 1
1750 1
1751 4
1752 2
1753 2
1754 2
1755 4
1756 2
1757 1
1758 1
1759 2
1760 4
1761 5
1762 2
1763 1
1764 4
1765 0
1766 1
1767 1
1768 0
1769 3
1770 0
1771 1
1772 1
1773 6
1774 0
1775 1
1776 2
1777 1
1778 1
1779 1
1780 3
1781 1
1782 0
1783 3
1784 2
1785 4
1786 2
1787 2
1788 2
1789 2
1790 1
1791 0
1792 4
1793 3
1794 1
1795 1
1796 4
1797 1
1798 1
1799 3
1800 1
1801 1
1802 4
1803 2
1804 2
1805 0
1806 1
1807 1
1808 1
1809 0
1810 1
1811 4
1812 2
1813 5
1814 1
1815 1
1816 0
1817 0
1818 2
1819 3
1820 2
1821 2
1822 1
1823 2
1824 2
1825 1
1826 1
1827 5
1828 4
1829 2
1830 1
1831 0
1832 0
1833 1
1834 2
1835 2
1836 2
1837 4
1838 0
1839 3
1840 0
1841 0
1842 0
1843 2
1844 3
1845 1
1846 3
1847 3
1848 2
1849 2
1850 1
1851 3
1852 1
1853 3
1854 0
1855 0
1856 3
1857 2
1858 3
1859 2
1860 2
1861 1
1862 0
1863 1
1864 3
1865 1
1866 1
1867 1
1868 3
1869 1
1870 5
1871 2
1872 1
1873 2
1874 1
1875 0
1876 1
1877 1
1878 0
1879 0
1880 2
1881 1
1882 2
1883 0
1884 0
1885 1
1886 1
1887 0
1888 2
1889 0
1890 2
1891 2
1892 1
1893 1
1894 0
1895 0
1896 2
1897 1
1898 0
1899 0
1900 3
1901 2
1902 1
1903 0
1904 0
1905 2
1906 1
1907 2
1908 2
1909 1
1910 2
1911 0
1912 1
1913 0
1914 2
1915 0
1916 3
1917 3
1918 1
1919 1
1920 0
1921 0
1922 1
1923 0
1924 2
1925 0
1926 1
1927 2
1928 0
1929 1
1930 0
1931 4
1932 1
1933 1
1934 0
1935 0
1936 3
1937 1
1938 2
1939 1
1940 1
1941 3
1942 3
1943 2
1944 1
1945 2
1946 1
1947 2
1948 1
1949 3
1950 2
1951 1
1952 1
1953 1
1954 1
1955 3
1956 0
1957 1
1958 0
1959 1
1960 0
1961 0
1962 1
1963 1
1964 0
1965 2
1966 1
1967 2
1968 0
1969 0
1970 1
1971 0
1972 1
1973 0
1974 1
1975 2
1976 4
1977 2
1978 0
1979 1
1980 2
1981 0
1982 1
1983 1
1984 3
1985 0
1986 0
1987 0
1988 1
1989 2
1990 0
1991 0
1992 1
1993 0
1994 2
1995 2
1996 0
1997 1
1998 1
1999 1
2000 4
2001 0
2002 2
2003 1
2004 2
2005 0
2006 0
2007 1
2008 0
2009 1
2010 0
2011 2
2012 2
2013 1
2014 1
2015 3
2016 1
2017 1
2018 0
2019 1
2020 0
2021 0
2022 0
2023 0
2024 1
2025 1
2026 1
2027 1
2028 2
2029 3
2030 1
2031 0
2032 1
2033 0
2034 1
2035 1
2036 2
2037 1
2038 2
2039 0
2040 0
2041 1
2042 0
2043 1
2044 0
2045 1
2046 0
2047 0
2048 1
2049 0
2050 1
2051 1
2052 1
2053 1
2054 3
2055 1
2056 0
2057 0
2058 1
2059 0
2060 0
2061 0
2062 2
2063 1
2064 1
2065 0
2066 1
2067 0
2068 1
2069 2
2070 2
2071 1
2072 0
2073 0
2074 3
2075 0
2076 2
2077 1
2078 2
2079 0
2080 1
2081 0
2082 0
2083 2
2084 1
2085 0
2086 2
2087 2
2088 0
2089 0
2090 0
2091 0
2092 0
2093 0
2094 1
2095 0
2096 3
2097 0
2098 1
2099 0
2100 2
2101 0
2102 2
2103 0
2104 2
2105 1
2106 0
2107 2
2108 2
2109 0
2110 0
2111 0
2112 0
2113 1
2114 1
2115 0
2116 1
2117 0
2118 1
2119 0
2120 0
2121 1
2122 0
2123 1
2124 2
2125 0
2126 0
2127 2
2128 0
2129 3
2130 1
2131 2
2132 1
2133 0
2134 1
2135 3
2136 1
2137 0
2138 3
2139 1
2140 2
2141 0
2142 1
2143 0
2144 0
2145 1
2146 0
2147 0
2148 0
2149 0
2150 1
2151 1
2152 3
2153 0
2154 0
2155 1
2156 0
2157 1
2158 2
2159 0
2160 0
2161 1
2162 0
2163 1
2164 2
2165 0
2166 1
2167 2
2168 0
2169 0
2170 1
2171 0
2172 0
2173 0
2174 0
2175 1
2176 0
2177 0
2178 0
2179 3
2180 0
2181 1
2182 1
2183 0
2184 3
2185 0
2186 0
2187 0
2188 0
2189 0
2190 1
2191 0
2192 0
2193 0
2194 0
2195 0
2196 1
2197 0
2198 0
2199 0
2200 1
2201 1
2202 0
2203 1
2204 0
2205 0
2206 0
2207 0
2208 2
2209 0
2210 0
2211 0
2212 0
2213 0
2214 0
2215 1
2216 1
2217 0
2218 1
2219 0
2220 0
2221 0
2222 1
2223 0
2224 0
2225 0
2226 2
2227 0
2228 0
2229 0
2230 0
2231 0
2232 0
2233 1
2234 2
2235 1
2236 1
2237 0
2238 0
2239 0
2240 1
2241 2
2242 0
2243 1
2244 0
2245 0
2246 1
2247 0
2248 0
2249 0
2250 0
2251 0
2252 1
2253 0
2254 0
2255 0
2256 1
2257 1
2258 0
2259 0
2260 0
2261 0
2262 1
2263 0
2264 4
2265 0
2266 1
2267 1
2268 0
2269 1
2270 0
2271 0
2272 0
2273 2
2274 0
2275 0
2276 1
2277 0
2278 1
2279 1
2280 0
2281 2
2282 2
2283 1
2284 1
2285 0
2286 0
2287 0
2288 1
2289 1
2290 1
2291 0
2292 0
2293 1
2294 0
2295 0
2296 0
2297 2
2298 2
2299 0
2300 0
2301 0
2302 0
2303 0
2304 1
2305 0
2306 0
2307 0
2308 0
2309 2
2310 1
2311 0
2312 2
2313 2
2314 2
2315 0
2316 1
2317 0
2318 1
2319 0
2320 0
2321 0
2322 0
2323 0
2324 1
2325 0
2326 1
2327 0
2328 0
2329 1
2330 0
2331 0
2332 2
2333 3
2334 1
2335 1
2336 1
2337 0
2338 0
2339 0
2340 0
2341 0
2342 0
2343 0
2344 1
2345 0
2346 0
2347 0
2348 0
2349 1
2350 0
2351 0
2352 0
2353 0
2354 1
2355 0
2356 1
2357 1
2358 2
2359 0
2360 1
2361 0
2362 0
2363 0
2364 0
2365 0
2366 1
2367 0
2368 2
2369 0
2370 1
2371 1
2372 0
2373 0
2374 2
2375 0
2376 1
2377 0
2378 1
2379 1
2380 2
2381 0
2382 0
2383 0
2384 1
2385 1
2386 1
2387 0
2388 0
2389 1
2390 0
2391 0
2392 0
2393 0
2394 1
2395 1
2396 0
2397 0
2398 1
2399 0
2400 0
2401 2
2402 1
2403 0
2404 0
2405 1
2406 1
2407 0
2408 1
2409 0
2410 1
2411 0
2412 1
2413 0
2414 0
2415 1
2416 0
2417 0
2418 1
2419 0
2420 1
2421 0
2422 1
2423 0
2424 0
2425 1
2426 0
2427 0
2428 2
2429 1
2430 0
2431 0
2432 0
2433 1
2434 1
2435 0
2436 0
2437 0
2438 0
2439 0
2440 1
2441 0
2442 0
2443 0
2444 0
2445 1
2446 2
2447 1
2448 1
2449 1
2450 0
2451 0
2452 1
2453 0
2454 0
2455 0
2456 0
2457 0
2458 0
2459 1
2460 1
2461 1
2462 0
2463 0
2464 1
2465 0
2466 0
2467 0
2468 0
2469 0
2470 1
2471 0
2472 0
2473 0
2474 1
2475 0
2476 0
2477 0
2478 0
2479 0
2480 0
2481 0
2482 0
2483 0
2484 1
2485 1
2486 0
2487 0
2488 0
2489 1
2490 0
2491 0
2492 0
2493 0
2494 0
2495 0
2496 0
2497 0
2498 0
2499 1
2500 0
2501 0
2502 0
2503 0
2504 1
2505 0
2506 0
2507 0
2508 0
2509 0
2510 2
2511 0
2512 0
2513 0
2514 1
2515 1
2516 0
2517 0
2518 1
2519 0
2520 1
2521 0
2522 0
2523 0
2524 0
2525 0
2526 0
2527 0
2528 0
2529 0
2530 0
2531 0
2532 0
2533 1
2534 1
2535 1
2536 0
2537 1
2538 0
2539 0
2540 0
2541 0
2542 0
2543 1
2544 1
2545 1
2546 0
2547 0
2548 1
2549 0
2550 0
2551 0
2552 1
2553 0
2554 1
2555 1
2556 0
2557 1
2558 0
2559 0
2560 1
2561 0
2562 0
2563 0
2564 0
2565 0
2566 0
2567 0
2568 0
2569 1
2570 1
2571 0
2572 0
2573 0
2574 0
2575 0
2576 0
2577 1
2578 0
2579 0
2580 0
2581 0
2582 0
2583 0
2584 0
2585 0
2586 0
2587 0
2588 0
2589 0
2590 0
2591 0
2592 0
2593 0
2594 1
2595 1
2596 1
2597 0
2598 1
2599 0
2600 0
2601 0
2602 2
2603 0
2604 0
2605 0
2606 0
2607 1
2608 0
2609 0
2610 0
2611 0
2612 0
2613 0
2614 0
2615 0
2616 0
2617 0
2618 0
2619 0
2620 1
2621 1
2622 0
2623 0
2624 0
2625 0
2626 1
2627 0
2628 1
2629 0
2630 0
2631 1
2632 1
2633 0
2634 0
2635 0
2636 0
2637 0
2638 0
2639 0
2640 0
2641 0
2642 1
2643 0
2644 0
2645 0
2646 0
2647 0
2648 0
2649 0
2650 0
2651 0
2652 0
2653 0
2654 1
2655 0
2656 0
2657 0
2658 2
2659 0
2660 0
2661 0
2662 0
2663 1
2664 0
2665 0
2666 0
2667 0
2668 0
2669 0
2670 0
2671 0
2672 0
2673 0
2674 0
2675 1
2676 0
2677 0
2678 1
2679 0
2680 0
2681 0
2682 0
2683 0
2684 1
2685 0
2686 0
2687 0
2688 0
2689 0
2690 0
2691 0
2692 1
2693 0
2694 0
2695 0
2696 1
2697 0
2698 0
2699 0
2700 0
2701 0
2702 0
2703 0
2704 1
2705 0
2706 0
2707 0
2708 0
2709 0
2710 1
2711 0
2712 0
2713 0
2714 0
2715 0
2716 0
2717 0
2718 1
2719 0
2720 2
2721 0
2722 0
2723 1
2724 1
2725 0
2726 0
2727 0
2728 0
2729 1
2730 0
2731 0
2732 1
2733 0
2734 1
2735 0
2736 0
2737 0
2738 2
2739 0
2740 0
2741 0
2742 0
2743 0
2744 0
2745 0
2746 1
2747 0
2748 0
2749 0
2750 1
2751 0
2752 1
2753 0
2754 0
2755 0
2756 1
2757 0
2758 0
2759 0
2760 0
2761 0
2762 1
2763 0
2764 0
2765 1
2766 0
2767 1
2768 0
2769 0
2770 0
2771 0
2772 1
2773 0
2774 0
2775 2
2776 0
2777 0
2778 0
2779 0
2780 0
2781 0
2782 0
2783 0
2784 0
2785 1
2786 0
2787 0
2788 0
2789 0
2790 0
2791 0
2792 0
2793 0
2794 1
2795 0
2796 0
2797 0
2798 1
2799 0
2800 0
2801 0
2802 0
2803 0
2804 0
2805 0
2806 0
2807 0
2808 0
2809 0
2810 1
2811 0
2812 0
2813 0
2814 0
2815 0
2816 1
2817 0
2818 0
2819 0
2820 0
2821 0
2822 0
2823 0
2824 0
2825 0
2826 0
2827 0
2828 1
2829 1
2830 0
2831 0
2832 0
2833 0
2834 1
2835 0
2836 0
2837 0
2838 1
2839 0
2840 0
2841 0
2842 0
2843 0
2844 0
2845 1
2846 0
2847 0
2848 0
2849 0
2850 0
2851 0
2852 0
2853 0
2854 0
2855 0
2856 0
2857 0
2858 1
2859 0
2860 0
2861 0
2862 0
2863 0
2864 1
2865 0
2866 3
2867 0
2868 0
2869 0
2870 0
2871 0
2872 0
2873 0
2874 0
2875 0
2876 0
2877 0
2878 0
2879 0
2880 1
2881 0
2882 1
2883 0
2884 0
2885 0
2886 0
2887 0
2888 0
2889 0
2890 1
2891 0
2892 0
2893 0
2894 0
2895 0
2896 0
2897 0
2898 0
2899 0
2900 0
2901 0
2902 0
2903 1
2904 1
2905 0
2906 1
2907 0
2908 0
2909 1
2910 0
2911 0
2912 0
2913 1
2914 1
2915 0
2916 0
2917 0
2918 0
2919 0
2920 0
2921 0
2922 1
2923 1
2924 0
2925 0
2926 0
2927 0
2928 0
2929 0
2930 0
2931 0
2932 0
2933 0
2934 1
2935 0
2936 0
2937 0
2938 0
2939 0
2940 0
2941 0
2942 0
2943 0
2944 1
2945 0
2946 0
2947 1
2948 0
2949 0
2950 0
2951 1
2952 0
2953 1
2954 0
2955 1
2956 0
2957 1
2958 0
2959 0
2960 0
2961 0
2962 0
2963 0
2964 0
2965 0
2966 0
2967 1
2968 0
2969 0
2970 0
2971 0
2972 0
2973 0
2974 0
2975 0
2976 0
2977 0
2978 0
2979 0
2980 0
2981 0
2982 0
2983 0
2984 0
2985 1
2986 0
2987 0
2988 0
2989 0
2990 0
2991 1
2992 0
2993 0
2994 0
2995 0
2996 0
2997 0
2998 0
2999 0
3000 0
3001 0
3002 0
3003 0
3004 0
3005 1
3006 0
3007 0
3008 0
3009 0
3010 0
3011 0
3012 0
3013 0
3014 0
3015 0
3016 0
3017 1
3018 0
3019 0
3020 1
3021 0
3022 1
3023 0
3024 0
3025 0
3026 0
3027 0
3028 0
3029 0
3030 0
3031 0
3032 1
3033 0
3034 0
3035 0
3036 0
3037 0
3038 1
3039 0
3040 0
3041 0
3042 0
3043 0
3044 0
3045 0
3046 0
3047 0
3048 0
3049 0
3050 0
3051 0
3052 0
3053 0
3054 1
3055 0
3056 0
3057 0
3058 0
3059 0
3060 0
3061 0
3062 0
3063 0
3064 0
3065 0
3066 0
3067 0
3068 0
3069 2
3070 1
3071 0
3091 0
3092 1
3093 1
3094 0
3095 1
3096 0
3097 0
3098 1
3099 0
3100 0
3101 0
3102 0
3103 1
3104 0
3105 1
3106 0
3107 0
3108 0
3109 0
3110 0
3111 0
3112 0
3113 0
3114 0
3115 0
3116 0
3117 0
3118 0
3119 1
3120 1
3121 0
3144 0
3145 1
3146 0
3183 0
3184 2
3185 0
3186 0
3187 0
3188 0
3189 1
3190 0
3191 0
3192 1
3193 0
3194 0
3195 0
3196 0
3197 1
3198 0
3225 0
3226 1
3227 1
3228 0
3229 0
3230 0
3231 0
3232 0
3233 0
3234 1
3235 0
3236 0
3237 0
3238 0
3239 0
3240 1
3241 0
3242 0
3243 0
3244 0
3245 0
3246 0
3247 1
3248 2
3249 0
3250 0
3251 0
3252 0
3253 0
3254 0
3255 0
3256 1
3257 0
3258 0
3259 2
3260 0
3261 0
3262 0
3263 0
3264 0
3265 0
3266 0
3267 0
3268 0
3269 0
3270 1
3271 0
3272 0
3273 0
3274 0
3275 0
3276 0
3277 1
3278 0
3279 0
3280 0
3281 1
3282 0
3283 2
3284 0
3285 0
3286 0
3287 0
3288 0
3289 0
3290 0
3291 0
3292 0
3293 0
3294 0
3295 0
3296 0
3297 0
3298 0
3299 0
3300 0
3301 1
3302 0
3303 0
3304 0
3305 0
3306 0
3307 0
3308 0
3309 0
3310 0
3311 0
3312 1
3313 0
3314 0
3315 0
3316 1
3317 0
3339 0
3340 1
3341 0
3342 1
3343 0
3344 0
3345 0
3346 0
3347 0
3348 0
3349 0
3350 0
3351 0
3352 0
3353 0
3354 0
3355 0
3356 0
3357 1
3358 0
3359 0
3360 0
3361 0
3362 0
3363 0
3364 0
3365 0
3366 0
3367 0
3368 0
3369 0
3370 1
3371 1
3372 0
3373 0
3374 0
3375 0
3376 0
3377 0
3378 0
3379 0
3380 0
3381 0
3382 0
3383 1
3384 0
3385 1
3386 0
3408 0
3409 1
3410 0
3411 0
3412 0
3413 0
3414 0
3415 0
3416 0
3417 1
3418 0
3419 0
3420 0
3421 0
3422 0
3423 0
3424 0
3425 0
3426 0
3427 0
3428 1
3429 0
3453 0
3454 1
3455 1
3456 0
3457 0
3458 0
3459 0
3460 0
3461 1
3462 0
3463 0
3464 0
3465 0
3466 0
3467 0
3468 0
3469 0
3470 0
3471 0
3472 0
3473 0
3474 1
3475 0
3476 0
3477 0
3478 0
3479 0
3480 0
3481 0
3482 1
3483 0
3484 0
3485 0
3486 0
3487 0
3488 0
3489 0
3490 0
3491 0
3492 1
3493 1
3494 0
3495 0
3496 0
3497 0
3498 0
3499 0
3500 0
3501 0
3502 0
3503 0
3504 1
3505 0
3506 0
3507 0
3508 0
3509 0
3510 0
3511 0
3512 0
3513 0
3514 1
3515 0
3516 0
3517 0
3518 0
3519 0
3520 0
3521 0
3522 0
3523 0
3524 0
3525 0
3526 0
3527 0
3528 0
3529 0
3530 0
3531 0
3532 1
3533 0
3534 0
3535 0
3536 0
3537 0
3538 0
3539 0
3540 0
3541 0
3542 0
3543 0
3544 0
3545 1
3546 0
3547 0
3548 0
3549 0
3550 0
3551 0
3552 0
3553 0
3554 0
3555 0
3556 0
3557 0
3558 0
3559 0
3560 0
3561 0
3562 0
3563 0
3564 0
3565 0
3566 1
3567 0
3589 0
3590 1
3591 0
3592 0
3593 0
3594 0
3595 0
3596 0
3597 0
3598 0
3599 0
3600 0
3601 0
3602 0
3603 0
3604 0
3605 0
3606 0
3607 0
3608 0
3609 0
3610 1
3611 0
3612 0
3613 0
3614 0
3615 0
3616 0
3617 0
3618 0
3619 1
3620 0
3656 0
3657 1
3658 0
3659 0
3660 0
3661 0
3662 0
3663 0
3664 0
3665 0
3666 0
3667 0
3668 0
3669 0
3670 0
3671 0
3672 0
3673 0
3674 0
3675 0
3676 0
3677 0
3678 1
3679 0
3680 0
3681 0
3682 0
3683 0
3684 0
3685 0
3686 0
3687 0
3688 0
3689 1
3690 0
3691 0
3692 1
3693 0
3718 0
3719 1
3720 0
3753 0
3754 1
3755 0
3756 0
3757 0
3758 0
3759 0
3760 0
3761 0
3762 0
3763 0
3764 0
3765 0
3766 0
3767 0
3768 1
3769 0
3823 0
3824 1
3825 0
3853 0
3854 1
3855 0
3856 0
3857 0
3858 0
3859 0
3860 0
3861 0
3862 0
3863 1
3864 0
3865 0
3866 1
3867 0
3896 0
3897 1
3898 2
3899 0
3900 0
3901 0
3902 1
3903 0
3935 0
3936 1
3937 1
3938 1
3939 0
3940 0
3941 0
3942 0
3943 0
3944 0
3945 1
3946 0
3947 0
3948 0
3949 0
3950 0
3951 0
3952 0
3953 0
3954 0
3955 0
3956 0
3957 0
3958 0
3959 1
3960 1
3961 0
3962 0
3963 0
3964 0
3965 0
3966 1
3967 0
3968 0
3969 0
3970 0
3971 0
3972 0
3973 0
3974 0
3975 0
3976 0
3977 0
3978 0
3979 0
3980 0
3981 0
3982 0
3983 0
3984 0
3985 0
3986 1
3987 0
3988 0
3989 0
3990 0
3991 0
3992 0
3993 0
3994 1
3995 0
4020 0
4021 1
4022 0
4067 0
4068 1
4069 0
4094 0
4095 62
OK
