Histogram of ADC2:
8 0
9 25
10 71
11 4
12 0
13 0
14 0
15 0
16 0
17 0
18 0
19 0
20 0
21 0
22 0
23 3
24 141
25 850
26 1738
27 2033
28 1841
29 1702
30 1564
31 1280
32 1292
33 1256
34 1085
35 941
36 845
37 722
38 620
39 590
40 560
41 434
42 380
43 386
44 365
45 282
46 285
47 243
48 217
49 199
50 175
51 184
52 158
53 159
54 135
55 113
56 109
57 117
58 117
59 93
60 86
61 74
62 71
63 62
64 57
65 50
66 70
67 43
68 53
69 49
70 54
71 43
72 46
73 39
74 39
75 37
76 18
77 27
78 35
79 25
80 24
81 22
82 18
83 23
84 20
85 15
86 25
87 13
88 11
89 10
90 10
91 12
92 14
93 14
94 15
95 6
96 17
97 10
98 11
99 9
100 5
101 5
102 6
103 12
104 4
105 5
106 5
107 5
108 4
109 5
110 7
111 5
112 8
113 2
114 4
115 4
116 4
117 5
118 6
119 4
120 5
121 2
122 3
123 3
124 2
125 3
126 6
127 2
128 1
129 0
130 5
131 2
132 5
133 3
134 5
135 2
136 3
137 2
138 3
139 2
140 1
141 3
142 3
143 3
144 0
145 3
146 0
147 1
148 2
149 0
150 1
151 3
152 1
153 0
154 2
155 0
156 1
157 0
158 3
159 0
160 4
161 1
162 5
163 1
164 2
165 1
166 0
167 1
168 1
169 1
170 1
171 0
172 1
173 1
174 1
175 2
176 0
177 0
178 1
179 0
180 0
181 0
182 1
183 0
184 0
185 1
186 0
187 1
188 1
189 1
190 0
191 0
192 1
193 0
194 0
195 2
196 0
197 0
198 1
199 0
200 0
201 1
202 1
203 2
204 2
205 2
206 2
207 0
208 1
209 0
210 0
211 1
212 1
213 0
214 0
215 0
216 1
217 0
218 0
219 1
220 0
221 0
222 0
223 1
224 0
225 1
226 1
227 0
228 0
229 0
230 1
231 0
232 0
233 1
234 0
235 0
236 0
237 0
238 0
239 1
240 2
241 0
242 0
243 0
244 1
245 0
246 1
247 0
248 0
249 0
250 0
251 0
252 0
253 0
254 0
255 0
256 0
257 0
258 0
259 0
260 0
261 0
262 1
263 0
264 0
265 0
266 0
267 0
268 1
269 1
270 0
271 0
272 0
273 0
274 0
275 0
276 0
277 1
278 0
279 0
280 0
281 0
282 0
283 0
284 0
285 1
286 0
287 0
288 0
289 0
290 1
291 0
292 0
293 0
294 0
295 0
296 1
297 0
298 0
299 0
300 1
301 0
302 0
303 0
304 0
305 0
306 0
307 0
308 0
309 0
310 0
311 1
312 0
313 0
314 0
315 0
316 0
317 0
318 0
319 0
320 0
321 0
322 1
323 0
324 0
325 0
326 0
327 0
328 0
329 0
330 0
331 0
332 0
333 0
334 0
335 1
336 0
337 0
338 0
339 0
340 0
341 1
342 0
343 1
344 0
345 0
346 0
347 0
348 0
349 0
350 0
351 0
352 0
353 0
354 0
355 1
356 0
481 0
482 1
483 0
814 0
815 1
816 0
1233 0
1234 1
1235 0
3362 0
3363 1
3364 0
4094 0
4095 1
OK
