Histogram of ADC0:
299 0
300 1
301 0
302 0
303 0
304 1
305 3
306 0
307 0
308 0
309 2
310 1
311 2
312 2
313 3
314 1
315 0
316 0
317 1
318 2
319 0
320 0
321 0
322 1
323 0
324 0
325 0
326 1
327 0
629 0
630 1
631 0
632 0
633 0
634 0
635 0
636 0
637 0
638 0
639 0
640 0
641 0
642 0
643 0
644 0
645 0
646 0
647 1
648 0
649 1
650 1
651 0
652 1
653 1
654 1
655 0
656 1
657 1
658 0
659 3
660 4
661 1
662 4
663 1
664 6
665 3
666 1
667 3
668 5
669 4
670 10
671 2
672 3
673 7
674 12
675 9
676 8
677 12
678 13
679 9
680 6
681 14
682 7
683 9
684 3
685 11
686 11
687 13
688 16
689 18
690 7
691 11
692 8
693 12
694 8
695 10
696 10
697 5
698 11
699 18
700 9
701 12
702 21
703 8
704 19
705 18
706 11
707 14
708 14
709 8
710 14
711 12
712 14
713 16
714 14
715 15
716 12
717 12
718 17
719 15
720 11
721 15
722 19
723 19
724 16
725 21
726 18
727 14
728 12
729 11
730 17
731 19
732 26
733 10
734 14
735 12
736 18
737 9
738 16
739 12
740 13
741 25
742 18
743 15
744 16
745 14
746 16
747 20
748 14
749 12
750 19
751 8
752 22
753 19
754 11
755 20
756 15
757 12
758 18
759 11
760 16
761 4
762 15
763 19
764 14
765 14
766 8
767 8
768 15
769 13
770 9
771 10
772 12
773 14
774 10
775 11
776 12
777 14
778 9
779 13
780 10
781 10
782 17
783 14
784 15
785 11
786 17
787 13
788 15
789 10
790 19
791 16
792 15
793 15
794 5
795 3
796 14
797 11
798 11
799 12
800 10
801 15
802 10
803 10
804 12
805 14
806 14
807 8
808 13
809 15
810 11
811 14
812 9
813 19
814 10
815 14
816 10
817 11
818 7
819 10
820 19
821 11
822 9
823 11
824 11
825 9
826 7
827 10
828 5
829 17
830 8
831 4
832 23
833 14
834 15
835 7
836 10
837 8
838 7
839 13
840 13
841 13
842 15
843 9
844 11
845 13
846 15
847 6
848 7
849 8
850 11
851 17
852 12
853 7
854 8
855 12
856 6
857 5
858 15
859 7
860 11
861 10
862 12
863 9
864 7
865 11
866 8
867 10
868 11
869 6
870 8
871 11
872 9
873 11
874 10
875 6
876 10
877 6
878 12
879 12
880 10
881 9
882 9
883 10
884 6
885 7
886 5
887 10
888 9
889 9
890 4
891 8
892 11
893 5
894 7
895 4
896 11
897 5
898 6
899 3
900 13
901 7
902 4
903 7
904 10
905 5
906 8
907 11
908 10
909 6
910 10
911 5
912 5
913 8
914 8
915 2
916 5
917 4
918 5
919 3
920 10
921 6
922 9
923 5
924 2
925 6
926 7
927 2
928 4
929 6
930 5
931 9
932 12
933 5
934 5
935 3
936 5
937 8
938 6
939 3
940 7
941 4
942 6
943 7
944 8
945 9
946 4
947 3
948 10
949 6
950 9
951 2
952 4
953 2
954 8
955 4
956 2
957 5
958 4
959 3
960 6
961 6
962 5
963 6
964 8
965 2
966 7
967 5
968 7
969 6
970 5
971 4
972 5
973 2
974 8
975 3
976 3
977 3
978 6
979 6
980 4
981 2
982 5
983 3
984 4
985 7
986 1
987 8
988 4
989 5
990 4
991 4
992 8
993 3
994 7
995 4
996 1
997 3
998 5
999 2
1000 3
1001 4
1002 3
1003 3
1004 3
1005 3
1006 3
1007 3
1008 5
1009 4
1010 3
1011 3
1012 2
1013 4
1014 0
1015 9
1016 3
1017 7
1018 3
1019 4
1020 4
1021 3
1022 3
1023 2
1024 6
1025 4
1026 6
1027 3
1028 3
1029 4
1030 1
1031 0
1032 3
1033 0
1034 3
1035 3
1036 6
1037 4
1038 4
1039 2
1040 6
1041 3
1042 3
1043 0
1044 9
1045 3
1046 2
1047 3
1048 3
1049 1
1050 3
1051 2
1052 2
1053 2
1054 4
1055 1
1056 5
1057 3
1058 1
1059 2
1060 1
1061 2
1062 3
1063 6
1064 4
1065 3
1066 4
1067 1
1068 2
1069 0
1070 3
1071 4
1072 3
1073 2
1074 2
1075 1
1076 4
1077 3
1078 1
1079 0
1080 2
1081 1
1082 1
1083 2
1084 5
1085 1
1086 5
1087 4
1088 2
1089 4
1090 2
1091 1
1092 4
1093 2
1094 2
1095 0
1096 1
1097 5
1098 4
1099 4
1100 5
1101 1
1102 1
1103 4
1104 3
1105 3
1106 1
1107 2
1108 3
1109 2
1110 1
1111 1
1112 0
1113 2
1114 1
1115 1
1116 2
1117 1
1118 2
1119 1
1120 1
1121 1
1122 1
1123 2
1124 3
1125 1
1126 0
1127 1
1128 3
1129 4
1130 0
1131 0
1132 0
1133 2
1134 1
1135 3
1136 3
1137 2
1138 2
1139 1
1140 4
1141 1
1142 0
1143 2
1144 3
1145 3
1146 4
1147 0
1148 1
1149 2
1150 4
1151 1
1152 1
1153 1
1154 4
1155 1
1156 2
1157 2
1158 2
1159 1
1160 1
1161 1
1162 2
1163 2
1164 1
1165 3
1166 0
1167 1
1168 2
1169 1
1170 1
1171 3
1172 2
1173 3
1174 3
1175 3
1176 1
1177 2
1178 3
1179 1
1180 0
1181 1
1182 2
1183 4
1184 4
1185 0
1186 1
1187 2
1188 3
1189 2
1190 2
1191 1
1192 0
1193 2
1194 0
1195 1
1196 0
1197 1
1198 0
1199 0
1200 1
1201 1
1202 1
1203 0
1204 3
1205 1
1206 0
1207 1
1208 4
1209 0
1210 4
1211 2
1212 2
1213 0
1214 3
1215 1
1216 2
1217 0
1218 3
1219 1
1220 1
1221 3
1222 2
1223 0
1224 2
1225 2
1226 2
1227 1
1228 0
1229 1
1230 3
1231 3
1232 3
1233 3
1234 1
1235 0
1236 2
1237 1
1238 1
1239 0
1240 3
1241 1
1242 0
1243 2
1244 1
1245 2
1246 2
1247 1
1248 0
1249 1
1250 2
1251 1
1252 0
1253 1
1254 2
1255 1
1256 1
1257 0
1258 1
1259 2
1260 1
1261 0
1262 2
1263 1
1264 3
1265 0
1266 1
1267 0
1268 2
1269 2
1270 2
1271 2
1272 1
1273 1
1274 3
1275 0
1276 1
1277 2
1278 0
1279 1
1280 1
1281 0
1282 2
1283 2
1284 3
1285 3
1286 2
1287 1
1288 0
1289 1
1290 0
1291 0
1292 2
1293 2
1294 0
1295 2
1296 1
1297 0
1298 0
1299 1
1300 1
1301 0
1302 2
1303 1
1304 3
1305 0
1306 0
1307 2
1308 1
1309 1
1310 1
1311 2
1312 1
1313 1
1314 3
1315 1
1316 2
1317 2
1318 3
1319 2
1320 1
1321 1
1322 2
1323 1
1324 0
1325 2
1326 4
1327 0
1328 0
1329 4
1330 1
1331 1
1332 1
1333 2
1334 2
1335 0
1336 0
1337 0
1338 0
1339 1
1340 0
1341 2
1342 0
1343 1
1344 2
1345 0
1346 0
1347 2
1348 2
1349 2
1350 0
1351 0
1352 3
1353 0
1354 1
1355 0
1356 1
1357 0
1358 2
1359 1
1360 0
1361 2
1362 0
1363 3
1364 2
1365 0
1366 2
1367 1
1368 0
1369 0
1370 1
1371 0
1372 3
1373 0
1374 0
1375 1
1376 0
1377 0
1378 1
1379 1
1380 0
1381 2
1382 1
1383 2
1384 0
1385 0
1386 0
1387 0
1388 0
1389 2
1390 0
1391 1
1392 0
1393 1
1394 1
1395 0
1396 2
1397 1
1398 2
1399 1
1400 3
1401 1
1402 1
1403 0
1404 1
1405 0
1406 0
1407 0
1408 3
1409 1
1410 1
1411 1
1412 1
1413 1
1414 3
1415 2
1416 0
1417 0
1418 2
1419 0
1420 0
1421 0
1422 2
1423 1
1424 2
1425 0
1426 1
1427 1
1428 0
1429 0
1430 1
1431 1
1432 0
1433 1
1434 0
1435 1
1436 2
1437 3
1438 1
1439 0
1440 0
1441 1
1442 0
1443 0
1444 0
1445 0
1446 0
1447 1
1448 0
1449 1
1450 1
1451 0
1452 0
1453 1
1454 0
1455 0
1456 0
1457 1
1458 1
1459 1
1460 1
1461 0
1462 1
1463 1
1464 2
1465 1
1466 1
1467 2
1468 2
1469 2
1470 0
1471 1
1472 1
1473 0
1474 1
1475 0
1476 0
1477 1
1478 1
1479 0
1480 0
1481 1
1482 0
1483 0
1484 1
1485 0
1486 0
1487 0
1488 0
1489 1
1490 0
1491 2
1492 0
1493 0
1494 0
1495 0
1496 0
1497 0
1498 0
1499 2
1500 0
1501 1
1502 0
1503 1
1504 0
1505 0
1506 1
1507 0
1508 0
1509 1
1510 0
1511 1
1512 0
1513 0
1514 0
1515 1
1516 0
1517 0
1518 0
1519 0
1520 0
1521 0
1522 1
1523 2
1524 0
1525 0
1526 1
1527 1
1528 0
1529 0
1530 0
1531 1
1532 2
1533 0
1534 0
1535 0
1536 0
1537 0
1538 0
1539 0
1540 1
1541 3
1542 2
1543 0
1544 0
1545 0
1546 1
1547 2
1548 1
1549 0
1550 2
1551 0
1552 0
1553 0
1554 0
1555 0
1556 0
1557 0
1558 0
1559 0
1560 0
1561 1
1562 0
1563 0
1564 0
1565 1
1566 0
1567 0
1568 0
1569 0
1570 0
1571 0
1572 0
1573 0
1574 0
1575 0
1576 2
1577 1
1578 2
1579 1
1580 0
1581 1
1582 0
1583 0
1584 0
1585 0
1586 0
1587 0
1588 0
1589 0
1590 0
1591 1
1592 0
1593 0
1594 0
1595 0
1596 0
1597 0
1598 0
1599 0
1600 1
1601 1
1602 0
1603 1
1604 0
1605 0
1606 0
1607 1
1608 0
1609 0
1610 1
1611 0
1612 0
1613 0
1614 0
1615 1
1616 1
1617 0
1618 1
1619 0
1620 0
1621 2
1622 1
1623 0
1624 0
1625 0
1626 0
1627 1
1628 0
1629 0
1630 1
1631 0
1632 0
1633 0
1634 0
1635 0
1636 0
1637 0
1638 0
1639 0
1640 1
1641 0
1642 0
1643 0
1644 0
1645 0
1646 0
1647 0
1648 0
1649 0
1650 0
1651 0
1652 1
1653 0
1654 1
1655 0
1656 0
1657 0
1658 0
1659 0
1660 1
1661 1
1662 0
1663 2
1664 1
1665 0
1666 0
1667 0
1668 0
1669 0
1670 0
1671 1
1672 1
1673 0
1674 1
1675 0
1676 0
1677 0
1678 0
1679 0
1680 0
1681 0
1682 1
1683 1
1684 1
1685 0
1686 1
1687 0
1688 0
1689 0
1690 0
1691 0
1692 0
1693 0
1694 0
1695 0
1696 0
1697 2
1698 0
1699 1
1700 0
1701 0
1702 0
1703 0
1704 1
1705 0
1706 0
1707 0
1708 1
1709 2
1710 0
1711 0
1712 0
1713 1
1714 0
1715 1
1716 0
1717 0
1718 0
1719 1
1720 0
1721 0
1722 0
1723 0
1724 0
1725 0
1726 0
1727 1
1728 0
1729 0
1730 1
1731 1
1732 2
1733 0
1734 0
1735 0
1736 0
1737 0
1738 0
1739 0
1740 0
1741 0
1742 0
1743 0
1744 0
1745 1
1746 1
1747 0
1748 0
1749 0
1750 2
1751 0
1752 0
1753 0
1754 1
1755 0
1756 0
1757 1
1758 0
1759 0
1760 0
1761 0
1762 0
1763 0
1764 1
1765 2
1766 0
1767 0
1768 0
1769 0
1770 0
1771 0
1772 0
1773 1
1774 0
1775 0
1776 1
1777 0
1778 0
1779 0
1780 0
1781 0
1782 1
1783 0
1784 0
1785 1
1786 0
1787 0
1788 1
1789 0
1790 0
1791 0
1792 0
1793 0
1794 0
1795 0
1796 0
1797 1
1798 0
1799 0
1800 1
1801 0
1802 1
1803 0
1804 0
1805 0
1806 2
1807 0
1808 0
1809 0
1810 1
1811 0
1812 1
1813 1
1814 0
1815 0
1816 0
1817 1
1818 1
1819 0
1840 0
1841 2
1842 0
1843 0
1844 0
1845 0
1846 0
1847 1
1848 1
1849 0
1850 1
1851 0
1852 2
1853 0
1854 0
1855 0
1856 0
1857 0
1858 0
1859 0
1860 0
1861 0
1862 1
1863 0
1864 0
1865 2
1866 0
1867 0
1868 0
1869 0
1870 0
1871 1
1872 2
1873 0
1874 0
1875 0
1876 0
1877 0
1878 0
1879 1
1880 0
1881 0
1882 0
1883 1
1884 0
1885 0
1886 1
1887 0
1888 0
1889 0
1890 0
1891 0
1892 1
1893 1
1894 0
1895 0
1896 1
1897 1
1898 0
1899 0
1900 0
1901 0
1902 0
1903 0
1904 1
1905 1
1906 0
1907 0
1908 1
1909 0
1910 0
1911 1
1912 0
1913 0
1914 0
1915 0
1916 1
1917 0
1918 0
1919 0
1920 1
1921 0
1922 0
1923 0
1924 1
1925 0
1926 0
1927 0
1928 0
1929 0
1930 0
1931 0
1932 0
1933 0
1934 0
1935 1
1936 1
1937 0
1938 1
1939 0
1940 0
1941 1
1942 0
1943 0
1944 0
1945 1
1946 0
1947 0
1948 0
1949 1
1950 0
1951 0
1952 2
1953 0
1954 0
1955 1
1956 1
1957 0
1958 0
1959 0
1960 1
1961 0
1962 0
1963 0
1964 1
1965 0
1966 0
1967 0
1968 1
1969 0
1970 0
1971 0
1972 0
1973 0
1974 0
1975 2
1976 0
1977 0
1978 0
1979 0
1980 0
1981 0
1982 0
1983 0
1984 0
1985 0
1986 0
1987 2
1988 0
1989 1
1990 0
1991 0
1992 0
1993 0
1994 0
1995 0
1996 0
1997 0
1998 1
1999 0
2000 0
2001 1
2002 1
2003 0
2004 0
2005 1
2006 0
2007 0
2008 0
2009 0
2010 0
2011 1
2012 0
2013 1
2014 0
2035 0
2036 1
2037 0
2038 1
2039 0
2040 0
2041 0
2042 0
2043 0
2044 1
2045 0
2046 0
2047 0
2048 0
2049 0
2050 0
2051 0
2052 0
2053 0
2054 0
2055 0
2056 0
2057 0
2058 0
2059 0
2060 1
2061 0
2087 0
2088 1
2089 0
2090 1
2091 0
2092 0
2093 1
2094 0
2095 0
2096 0
2097 0
2098 0
2099 0
2100 0
2101 0
2102 0
2103 0
2104 0
2105 0
2106 0
2107 0
2108 0
2109 1
2110 0
2111 0
2112 0
2113 0
2114 0
2115 0
2116 0
2117 0
2118 0
2119 0
2120 0
2121 0
2122 0
2123 0
2124 0
2125 0
2126 0
2127 0
2128 0
2129 0
2130 1
2131 0
2132 0
2133 0
2134 0
2135 0
2136 0
2137 0
2138 0
2139 0
2140 0
2141 0
2142 0
2143 0
2144 0
2145 0
2146 1
2147 0
2148 0
2149 0
2150 0
2151 0
2152 0
2153 0
2154 0
2155 0
2156 0
2157 0
2158 0
2159 0
2160 0
2161 0
2162 0
2163 0
2164 0
2165 0
2166 0
2167 1
2168 1
2169 0
2170 0
2171 0
2172 1
2173 0
2174 1
2175 1
2176 0
2177 0
2178 0
2179 0
2180 0
2181 0
2182 0
2183 0
2184 0
2185 0
2186 0
2187 0
2188 0
2189 0
2190 0
2191 0
2192 0
2193 0
2194 1
2195 1
2196 0
2197 0
2198 0
2199 0
2200 0
2201 0
2202 1
2203 0
2204 0
2205 1
2206 0
2207 0
2208 1
2209 0
2210 0
2211 0
2212 0
2213 0
2214 0
2215 0
2216 1
2217 0
2218 1
2219 0
2220 0
2221 0
2222 0
2223 0
2224 0
2225 0
2226 0
2227 0
2228 1
2229 0
2230 0
2231 0
2232 0
2233 0
2234 0
2235 0
2236 0
2237 0
2238 0
2239 0
2240 1
2241 0
2279 0
2280 1
2281 0
2282 1
2283 0
2284 0
2285 0
2286 0
2287 0
2288 0
2289 0
2290 0
2291 0
2292 0
2293 0
2294 1
2295 0
2319 0
2320 1
2321 0
2368 0
2369 1
2370 0
2399 0
2400 1
2401 0
2402 0
2403 0
2404 0
2405 0
2406 0
2407 0
2408 0
2409 0
2410 0
2411 0
2412 0
2413 0
2414 0
2415 0
2416 0
2417 0
2418 0
2419 0
2420 0
2421 1
2422 0
2443 0
2444 1
2445 0
2446 0
2447 0
2448 0
2449 1
2450 0
2451 0
2452 0
2453 0
2454 0
2455 0
2456 0
2457 0
2458 1
2459 0
2460 0
2461 0
2462 0
2463 0
2464 0
2465 0
2466 0
2467 0
2468 0
2469 0
2470 0
2471 0
2472 0
2473 0
2474 1
2475 0
2476 0
2477 0
2478 0
2479 0
2480 0
2481 0
2482 0
2483 0
2484 0
2485 0
2486 1
2487 0
2488 0
2489 0
2490 0
2491 0
2492 0
2493 0
2494 0
2495 0
2496 1
2497 0
2535 0
2536 1
2537 0
2538 0
2539 0
2540 0
2541 0
2542 0
2543 0
2544 0
2545 0
2546 0
2547 0
2548 0
2549 0
2550 0
2551 0
2552 1
2553 0
2554 0
2555 0
2556 0
2557 0
2558 0
2559 0
2560 0
2561 0
2562 0
2563 0
2564 1
2565 0
2566 0
2567 0
2568 0
2569 0
2570 0
2571 0
2572 0
2573 0
2574 0
2575 0
2576 1
2577 0
2578 0
2579 0
2580 0
2581 0
2582 0
2583 0
2584 0
2585 0
2586 0
2587 0
2588 0
2589 0
2590 0
2591 0
2592 0
2593 0
2594 0
2595 0
2596 0
2597 1
2598 0
2599 0
2600 0
2601 0
2602 0
2603 0
2604 0
2605 1
2606 0
2655 0
2656 1
2657 0
2714 0
2715 1
2716 0
2717 0
2718 0
2719 0
2720 0
2721 0
2722 0
2723 0
2724 0
2725 0
2726 0
2727 0
2728 1
2729 0
2787 0
2788 1
2789 0
2790 0
2791 0
2792 0
2793 0
2794 0
2795 0
2796 0
2797 2
2798 0
2799 0
2800 1
2801 0
2835 0
2836 1
2837 0
2888 0
2889 1
2890 0
2950 0
2951 1
2952 0
2982 0
2983 1
2984 0
2985 0
2986 0
2987 0
2988 0
2989 0
2990 0
2991 1
2992 0
3128 0
3129 1
3130 0
3131 0
3132 1
3133 0
3154 0
3155 1
3156 0
3189 0
3190 1
3191 0
3251 0
3252 1
3253 0
3254 0
3255 0
3256 0
3257 0
3258 0
3259 0
3260 0
3261 0
3262 0
3263 0
3264 0
3265 0
3266 0
3267 0
3268 0
3269 0
3270 1
3271 0
3379 0
3380 1
3381 0
3382 0
3383 0
3384 0
3385 0
3386 0
3387 0
3388 0
3389 1
3390 0
3576 0
3577 1
3578 0
3617 0
3618 1
3619 0
3670 0
3671 1
3672 0
3673 0
3674 0
3675 0
3676 0
3677 0
3678 0
3679 0
3680 0
3681 0
3682 0
3683 0
3684 0
3685 0
3686 0
3687 1
3688 0
3731 0
3732 1
3733 0
3826 0
3827 1
3828 0
4045 0
4046 1
4047 0
4094 0
4095 40811
OK
