Histogram of ADC2:
8 0
9 1
10 20
11 0
12 0
13 0
14 0
15 0
16 0
17 0
18 0
19 0
20 0
21 0
22 0
23 1
24 20
25 171
26 298
27 378
28 374
29 290
30 293
31 241
32 267
33 226
34 192
35 163
36 136
37 119
38 97
39 90
40 77
41 68
42 58
43 53
44 36
45 44
46 46
47 30
48 33
49 29
50 37
51 23
52 38
53 19
54 22
55 23
56 22
57 15
58 17
59 11
60 8
61 13
62 6
63 7
64 9
65 4
66 7
67 7
68 10
69 5
70 8
71 5
72 7
73 3
74 8
75 8
76 8
77 4
78 10
79 4
80 7
81 3
82 2
83 1
84 3
85 2
86 1
87 3
88 4
89 5
90 2
91 0
92 3
93 0
94 1
95 0
96 1
97 1
98 0
99 3
100 3
101 1
102 0
103 2
104 2
105 1
106 1
107 0
108 1
109 0
110 1
111 1
112 0
113 4
114 0
115 1
116 0
117 1
118 0
119 0
120 1
121 0
122 2
123 0
124 0
125 0
126 0
127 2
128 0
129 1
130 1
131 0
132 0
133 2
134 0
135 0
136 0
137 0
138 2
139 0
140 0
141 0
142 0
143 0
144 0
145 0
146 0
147 1
148 1
149 0
150 0
151 2
152 0
153 1
154 0
155 0
156 0
157 1
158 0
159 0
160 0
161 0
162 0
163 0
164 0
165 0
166 1
167 0
168 1
169 0
170 0
171 0
172 0
173 0
174 0
175 0
176 1
177 0
178 0
179 0
180 0
181 0
182 1
183 0
184 0
185 0
186 0
187 0
188 0
189 0
190 0
191 0
192 0
193 1
194 0
195 0
196 0
197 0
198 0
199 0
200 1
201 0
202 1
203 0
204 0
205 0
206 1
207 0
208 0
209 0
210 0
211 0
212 0
213 0
214 0
215 0
216 0
217 0
218 0
219 0
220 1
221 0
252 0
253 1
254 0
279 0
280 1
281 0
312 0
313 1
314 0
315 0
316 0
317 0
318 0
319 0
320 0
321 1
322 0
383 0
384 1
385 0
496 0
497 1
498 0
1123 0
1124 1
1125 0
2703 0
2704 1
2705 0
2706 0
2707 1
2708 0
2709 0
2710 0
2711 0
2712 0
2713 0
2714 0
2715 1
2716 0
2717 0
2718 0
2719 0
2720 0
2721 0
2722 0
2723 0
2724 0
2725 0
2726 0
2727 0
2728 1
2729 0
2730 0
2731 1
2732 0
2733 1
2734 1
2735 0
2736 0
2737 0
2738 0
2739 0
2740 0
2741 0
2742 0
2743 0
2744 0
2745 0
2746 1
2747 0
2748 1
2749 0
2750 0
2751 0
2752 0
2753 1
2754 1
2755 0
2756 0
2757 1
2758 1
2759 0
2760 2
2761 0
2762 0
2763 1
2764 2
2765 0
2766 2
2767 0
2768 1
2769 0
2770 2
2771 2
2772 1
2773 6
2774 1
2775 2
2776 0
2777 1
2778 0
2779 2
2780 0
2781 1
2782 0
2783 1
2784 0
2785 1
2786 2
2787 3
2788 2
2789 2
2790 1
2791 5
2792 3
2793 3
2794 3
2795 3
2796 5
2797 3
2798 4
2799 6
2800 6
2801 7
2802 3
2803 6
2804 7
2805 12
2806 7
2807 8
2808 5
2809 10
2810 5
2811 5
2812 6
2813 7
2814 9
2815 5
2816 13
2817 7
2818 9
2819 7
2820 8
2821 10
2822 6
2823 13
2824 9
2825 11
2826 16
2827 19
2828 12
2829 12
2830 18
2831 10
2832 15
2833 13
2834 19
2835 21
2836 16
2837 24
2838 21
2839 16
2840 14
2841 24
2842 22
2843 21
2844 29
2845 24
2846 26
2847 16
2848 28
2849 24
2850 34
2851 24
2852 27
2853 26
2854 28
2855 22
2856 41
2857 17
2858 44
2859 36
2860 41
2861 36
2862 47
2863 29
2864 38
2865 34
2866 41
2867 34
2868 42
2869 49
2870 45
2871 43
2872 48
2873 44
2874 31
2875 38
2876 43
2877 48
2878 65
2879 32
2880 67
2881 46
2882 61
2883 59
2884 48
2885 48
2886 55
2887 43
2888 69
2889 56
2890 65
2891 45
2892 72
2893 55
2894 67
2895 42
2896 77
2897 80
2898 74
2899 54
2900 78
2901 82
2902 91
2903 59
2904 95
2905 62
2906 89
2907 63
2908 79
2909 82
2910 99
2911 56
2912 117
2913 95
2914 94
2915 86
2916 80
2917 87
2918 97
2919 87
2920 129
2921 92
2922 106
2923 81
2924 101
2925 97
2926 122
2927 80
2928 146
2929 83
2930 129
2931 97
2932 107
2933 105
2934 121
2935 108
2936 119
2937 92
2938 112
2939 100
2940 103
2941 112
2942 132
2943 47
2944 191
2945 109
2946 119
2947 110
2948 93
2949 109
2950 137
2951 113
2952 152
2953 108
2954 127
2955 115
2956 129
2957 121
2958 124
2959 102
2960 151
2961 128
2962 142
2963 122
2964 137
2965 134
2966 163
2967 126
2968 154
2969 139
2970 145
2971 140
2972 151
2973 131
2974 145
2975 94
2976 193
2977 132
2978 150
2979 140
2980 127
2981 148
2982 157
2983 145
2984 162
2985 138
2986 172
2987 150
2988 154
2989 145
2990 174
2991 131
2992 181
2993 132
2994 175
2995 153
2996 169
2997 161
2998 168
2999 144
3000 167
3001 146
3002 154
3003 142
3004 173
3005 143
3006 177
3007 84
3008 198
3009 144
3010 179
3011 148
3012 191
3013 139
3014 174
3015 126
3016 196
3017 106
3018 189
3019 149
3020 176
3021 136
3022 181
3023 138
3024 198
3025 175
3026 180
3027 144
3028 161
3029 153
3030 166
3031 141
3032 188
3033 146
3034 188
3035 146
3036 166
3037 134
3038 170
3039 99
3040 217
3041 125
3042 176
3043 141
3044 169
3045 168
3046 179
3047 135
3048 183
3049 130
3050 188
3051 145
3052 146
3053 138
3054 170
3055 126
3056 203
3057 146
3058 159
3059 148
3060 179
3061 172
3062 168
3063 132
3064 217
3065 143
3066 161
3067 120
3068 157
3069 141
3070 162
3071 50
3072 271
3073 141
3074 163
3075 138
3076 159
3077 139
3078 173
3079 117
3080 178
3081 119
3082 180
3083 151
3084 185
3085 131
3086 171
3087 110
3088 191
3089 131
3090 165
3091 109
3092 145
3093 147
3094 159
3095 119
3096 151
3097 118
3098 145
3099 133
3100 178
3101 136
3102 135
3103 83
3104 173
3105 140
3106 139
3107 150
3108 130
3109 129
3110 137
3111 124
3112 158
3113 118
3114 162
3115 110
3116 125
3117 117
3118 124
3119 84
3120 148
3121 110
3122 127
3123 105
3124 110
3125 110
3126 149
3127 98
3128 144
3129 79
3130 105
3131 105
3132 111
3133 88
3134 130
3135 68
3136 159
3137 101
3138 85
3139 97
3140 107
3141 106
3142 110
3143 97
3144 105
3145 75
3146 83
3147 82
3148 91
3149 76
3150 93
3151 61
3152 128
3153 75
3154 108
3155 79
3156 99
3157 81
3158 90
3159 76
3160 97
3161 86
3162 86
3163 60
3164 83
3165 61
3166 82
3167 51
3168 99
3169 65
3170 74
3171 54
3172 59
3173 59
3174 63
3175 55
3176 59
3177 53
3178 71
3179 51
3180 60
3181 48
3182 61
3183 57
3184 54
3185 45
3186 62
3187 43
3188 45
3189 48
3190 51
3191 42
3192 51
3193 30
3194 46
3195 31
3196 56
3197 32
3198 38
3199 14
3200 55
3201 29
3202 40
3203 37
3204 32
3205 24
3206 34
3207 28
3208 31
3209 24
3210 39
3211 21
3212 25
3213 21
3214 26
3215 24
3216 24
3217 21
3218 18
3219 19
3220 22
3221 17
3222 29
3223 14
3224 26
3225 10
3226 19
3227 13
3228 11
3229 17
3230 16
3231 10
3232 13
3233 12
3234 16
3235 14
3236 15
3237 15
3238 15
3239 12
3240 17
3241 10
3242 12
3243 13
3244 18
3245 8
3246 9
3247 7
3248 15
3249 6
3250 5
3251 8
3252 6
3253 7
3254 5
3255 5
3256 5
3257 9
3258 5
3259 3
3260 6
3261 6
3262 2
3263 4
3264 7
3265 3
3266 4
3267 3
3268 8
3269 2
3270 1
3271 4
3272 1
3273 2
3274 5
3275 1
3276 2
3277 1
3278 4
3279 1
3280 1
3281 0
3282 1
3283 2
3284 1
3285 1
3286 3
3287 1
3288 1
3289 1
3290 0
3291 1
3292 0
3293 0
3294 0
3295 0
3296 1
3297 0
3298 0
3299 0
3300 0
3301 0
3302 0
3303 1
3304 0
3305 0
3306 1
3307 0
3308 2
3309 0
3310 0
3311 0
3312 1
3313 0
3314 0
3315 0
3316 0
3317 1
3318 0
3319 0
3320 0
3321 0
3322 0
3323 0
3324 0
3325 0
3326 0
3327 0
3328 0
3329 0
3330 0
3331 0
3332 0
3333 0
3334 0
3335 0
3336 0
3337 0
3338 1
3339 0
4094 0
4095 1
OK
