Histogram of ADC12:
12 0
13 21
14 1538
15 1940
16 485
17 148
18 81
19 39
20 17
21 6
22 8
23 7
24 4
25 3
26 2
27 2
28 3
29 1
30 1
31 0
32 1
33 0
34 0
35 1
36 0
37 1
38 1
39 0
40 0
41 0
42 0
43 1
44 0
45 0
46 0
47 0
48 0
49 0
50 0
51 0
52 1
53 0
104 0
105 1
106 0
236 0
237 2
238 1
239 3
240 1
241 4
242 8
243 18
244 14
245 47
246 82
247 112
248 171
249 255
250 352
251 465
252 572
253 680
254 855
255 1141
256 1226
257 1263
258 1398
259 1513
260 1660
261 1757
262 1806
263 1890
264 1867
265 1839
266 1875
267 1800
268 1817
269 1765
270 1696
271 1586
272 1536
273 1327
274 1175
275 1028
276 937
277 803
278 596
279 511
280 373
281 280
282 202
283 149
284 137
285 77
286 49
287 36
288 18
289 11
290 3
291 2
292 3
293 1
294 0
295 1
296 0
2286 0
2287 1
2288 0
OK
