Histogram of ADC2:
8 0
9 8
10 8
11 4
12 0
2006 0
2007 1
2008 0
2376 0
2377 1
2378 0
2379 0
2380 1
2381 0
2382 0
2383 0
2384 0
2385 1
2386 1
2387 0
2388 1
2389 0
2390 0
2391 1
2392 1
2393 0
2394 0
2395 0
2396 2
2397 2
2398 2
2399 2
2400 0
2401 1
2402 1
2403 2
2404 4
2405 4
2406 6
2407 2
2408 4
2409 4
2410 6
2411 4
2412 6
2413 8
2414 8
2415 5
2416 8
2417 6
2418 5
2419 4
2420 4
2421 10
2422 10
2423 9
2424 14
2425 6
2426 12
2427 15
2428 16
2429 9
2430 17
2431 9
2432 42
2433 13
2434 33
2435 23
2436 23
2437 16
2438 38
2439 24
2440 43
2441 33
2442 36
2443 43
2444 43
2445 27
2446 43
2447 29
2448 53
2449 51
2450 49
2451 58
2452 72
2453 44
2454 59
2455 54
2456 65
2457 74
2458 81
2459 84
2460 68
2461 92
2462 105
2463 54
2464 116
2465 89
2466 108
2467 111
2468 117
2469 111
2470 131
2471 97
2472 159
2473 117
2474 182
2475 132
2476 174
2477 140
2478 189
2479 144
2480 228
2481 176
2482 180
2483 157
2484 185
2485 173
2486 230
2487 184
2488 261
2489 181
2490 247
2491 219
2492 255
2493 246
2494 257
2495 197
2496 346
2497 272
2498 316
2499 288
2500 301
2501 307
2502 324
2503 267
2504 378
2505 275
2506 342
2507 322
2508 366
2509 320
2510 368
2511 276
2512 436
2513 318
2514 360
2515 379
2516 351
2517 369
2518 421
2519 356
2520 440
2521 344
2522 430
2523 400
2524 424
2525 366
2526 410
2527 227
2528 491
2529 375
2530 412
2531 377
2532 409
2533 409
2534 416
2535 360
2536 461
2537 359
2538 423
2539 368
2540 416
2541 382
2542 446
2543 324
2544 471
2545 355
2546 403
2547 355
2548 411
2549 329
2550 368
2551 344
2552 412
2553 330
2554 403
2555 351
2556 353
2557 310
2558 325
2559 32
2560 528
2561 305
2562 344
2563 302
2564 287
2565 276
2566 316
2567 266
2568 305
2569 229
2570 302
2571 221
2572 282
2573 212
2574 270
2575 175
2576 292
2577 179
2578 209
2579 166
2580 220
2581 191
2582 188
2583 174
2584 190
2585 163
2586 195
2587 165
2588 161
2589 171
2590 160
2591 101
2592 196
2593 111
2594 125
2595 129
2596 116
2597 100
2598 132
2599 77
2600 126
2601 76
2602 93
2603 93
2604 92
2605 83
2606 96
2607 66
2608 85
2609 51
2610 53
2611 57
2612 65
2613 54
2614 47
2615 40
2616 59
2617 46
2618 63
2619 32
2620 49
2621 38
2622 38
2623 15
2624 48
2625 29
2626 32
2627 29
2628 30
2629 32
2630 33
2631 22
2632 27
2633 11
2634 21
2635 19
2636 22
2637 17
2638 19
2639 10
2640 16
2641 9
2642 11
2643 13
2644 15
2645 8
2646 5
2647 8
2648 8
2649 6
2650 3
2651 5
2652 3
2653 3
2654 5
2655 4
2656 5
2657 5
2658 1
2659 3
2660 3
2661 0
2662 5
2663 2
2664 5
2665 2
2666 2
2667 3
2668 1
2669 3
2670 1
2671 0
2672 1
2673 0
2674 0
2675 1
2676 0
2677 0
2678 1
2679 0
2680 0
2681 1
2682 0
2683 0
2684 0
2685 1
2686 0
2687 0
2688 0
2689 1
2690 1
2691 1
2692 0
2693 0
2694 0
2695 0
2696 0
2697 0
2698 0
2699 0
2700 0
2701 0
2702 1
2703 1
2704 0
OK
