Histogram of ADC0:
0 6517
1 155
2 148
3 146
4 143
5 148
6 161
7 176
8 154
9 186
10 181
11 180
12 198
13 198
14 175
15 168
16 198
17 197
18 217
19 202
20 186
21 177
22 225
23 225
24 234
25 218
26 233
27 244
28 235
29 262
30 232
31 200
32 250
33 246
34 243
35 290
36 277
37 277
38 242
39 268
40 270
41 282
42 316
43 304
44 311
45 304
46 312
47 361
48 353
49 328
50 351
51 379
52 353
53 359
54 346
55 376
56 386
57 357
58 392
59 381
60 361
61 389
62 377
63 404
64 416
65 435
66 445
67 439
68 423
69 457
70 446
71 450
72 456
73 461
74 483
75 445
76 442
77 480
78 460
79 457
80 514
81 487
82 531
83 524
84 524
85 521
86 529
87 538
88 526
89 544
90 546
91 524
92 531
93 600
94 575
95 565
96 595
97 575
98 607
99 648
100 642
101 650
102 623
103 694
104 699
105 653
106 681
107 656
108 692
109 673
110 711
111 731
112 703
113 696
114 712
115 692
116 733
117 733
118 726
119 744
120 766
121 731
122 810
123 787
124 770
125 792
126 775
127 789
128 803
129 863
130 851
131 890
132 891
133 913
134 870
135 923
136 950
137 883
138 888
139 957
140 992
141 1013
142 984
143 1006
144 971
145 958
146 935
147 1026
148 1007
149 1011
150 982
151 1022
152 1068
153 1034
154 1080
155 1056
156 1119
157 1104
158 1100
159 1034
160 1176
161 1184
162 1176
163 1114
164 1191
165 1164
166 1143
167 1224
168 1258
169 1150
170 1202
171 1236
172 1203
173 1220
174 1218
175 1271
176 1272
177 1263
178 1305
179 1264
180 1263
181 1369
182 1310
183 1353
184 1297
185 1402
186 1320
187 1340
188 1384
189 1362
190 1382
191 1241
192 1401
193 1416
194 1452
195 1337
196 1474
197 1432
198 1484
199 1466
200 1498
201 1452
202 1499
203 1434
204 1546
205 1488
206 1566
207 1479
208 1555
209 1560
210 1567
211 1566
212 1613
213 1615
214 1628
215 1616
216 1646
217 1659
218 1595
219 1653
220 1636
221 1676
222 1668
223 1482
224 1777
225 1774
226 1720
227 1739
228 1806
229 1736
230 1764
231 1820
232 1780
233 1725
234 1739
235 1837
236 1812
237 1889
238 1845
239 1882
240 1845
241 1936
242 1951
243 1832
244 1933
245 1956
246 1953
247 1993
248 2031
249 1963
250 2089
251 1853
252 2023
253 2078
254 2072
255 1915
256 2211
257 2127
258 2098
259 1994
260 2076
261 2191
262 2096
263 2046
264 2179
265 2174
266 2183
267 2115
268 2180
269 2290
270 2146
271 2094
272 2185
273 2145
274 2181
275 2181
276 2211
277 2186
278 2225
279 2289
280 2289
281 2274
282 2278
283 2290
284 2362
285 2236
286 2231
287 2146
288 2349
289 2307
290 2349
291 2219
292 2341
293 2339
294 2229
295 2338
296 2360
297 2294
298 2428
299 2354
300 2406
301 2356
302 2385
303 2388
304 2508
305 2370
306 2318
307 2298
308 2455
309 2404
310 2351
311 2427
312 2427
313 2382
314 2413
315 2279
316 2446
317 2432
318 2399
319 2224
320 2603
321 2477
322 2391
323 2299
324 2528
325 2402
326 2414
327 2375
328 2492
329 2445
330 2565
331 2439
332 2542
333 2507
334 2558
335 2467
336 2610
337 2385
338 2516
339 2374
340 2586
341 2598
342 2536
343 2533
344 2548
345 2646
346 2570
347 2454
348 2626
349 2517
350 2594
351 2245
352 2764
353 2573
354 2661
355 2527
356 2646
357 2579
358 2697
359 2545
360 2627
361 2648
362 2699
363 2623
364 2676
365 2485
366 2612
367 2630
368 2594
369 2574
370 2692
371 2503
372 2732
373 2673
374 2554
375 2579
376 2652
377 2509
378 2651
379 2496
380 2590
381 2517
382 2583
383 2408
384 2690
385 2443
386 2550
387 2483
388 2607
389 2509
390 2448
391 2413
392 2551
393 2457
394 2498
395 2204
396 2365
397 2386
398 2378
399 2280
400 2396
401 2222
402 2222
403 2096
404 2233
405 2237
406 2173
407 2187
408 2162
409 2081
410 2124
411 2010
412 2135
413 2044
414 2013
415 1783
416 2007
417 2007
418 1943
419 1825
420 1920
421 1842
422 1770
423 1735
424 1879
425 1736
426 1738
427 1660
428 1724
429 1609
430 1735
431 1681
432 1644
433 1655
434 1575
435 1545
436 1566
437 1588
438 1528
439 1483
440 1551
441 1420
442 1431
443 1405
444 1417
445 1424
446 1376
447 1158
448 1463
449 1335
450 1355
451 1238
452 1337
453 1283
454 1275
455 1203
456 1271
457 1237
458 1277
459 1157
460 1211
461 1193
462 1183
463 1142
464 1165
465 1140
466 1144
467 1075
468 1118
469 1092
470 1063
471 1055
472 1127
473 1101
474 1164
475 1080
476 1036
477 1070
478 1052
479 927
480 1114
481 976
482 1085
483 939
484 1048
485 1049
486 915
487 997
488 1031
489 979
490 953
491 999
492 996
493 946
494 864
495 936
496 974
497 892
498 957
499 897
500 979
501 978
502 948
503 867
504 965
505 907
506 897
507 876
508 933
509 875
510 894
511 711
512 1054
513 904
514 895
515 822
516 897
517 922
518 896
519 806
520 898
521 868
522 899
523 819
524 868
525 901
526 924
527 848
528 889
529 861
530 884
531 813
532 883
533 896
534 872
535 824
536 864
537 847
538 875
539 829
540 843
541 832
542 826
543 688
544 883
545 784
546 838
547 793
548 790
549 796
550 820
551 793
552 882
553 820
554 805
555 741
556 846
557 754
558 781
559 788
560 819
561 766
562 820
563 757
564 802
565 746
566 746
567 709
568 747
569 778
570 757
571 703
572 776
573 721
574 733
575 573
576 792
577 708
578 775
579 662
580 701
581 642
582 688
583 736
584 732
585 702
586 682
587 654
588 664
589 635
590 706
591 661
592 760
593 610
594 654
595 624
596 688
597 635
598 633
599 598
600 614
601 613
602 653
603 582
604 625
605 588
606 621
607 505
608 614
609 606
610 615
611 530
612 619
613 606
614 525
615 532
616 604
617 569
618 604
619 494
620 569
621 553
622 601
623 511
624 560
625 522
626 538
627 509
628 533
629 517
630 520
631 513
632 540
633 499
634 540
635 491
636 509
637 512
638 495
639 412
640 556
641 471
642 484
643 458
644 465
645 473
646 462
647 443
648 439
649 427
650 471
651 377
652 429
653 421
654 410
655 372
656 433
657 405
658 386
659 333
660 399
661 382
662 354
663 368
664 381
665 351
666 341
667 364
668 353
669 318
670 318
671 287
672 361
673 297
674 287
675 273
676 301
677 282
678 292
679 264
680 278
681 250
682 251
683 250
684 252
685 280
686 222
687 225
688 231
689 219
690 255
691 202
692 228
693 204
694 190
695 205
696 201
697 182
698 205
699 172
700 179
701 178
702 175
703 131
704 184
705 165
706 167
707 157
708 153
709 176
710 147
711 141
712 151
713 151
714 133
715 121
716 128
717 129
718 108
719 128
720 142
721 132
722 116
723 118
724 138
725 120
726 101
727 109
728 104
729 93
730 88
731 85
732 86
733 99
734 79
735 71
736 91
737 98
738 94
739 83
740 83
741 71
742 74
743 68
744 86
745 62
746 75
747 61
748 57
749 55
750 61
751 53
752 64
753 63
754 70
755 58
756 72
757 47
758 58
759 41
760 41
761 44
762 52
763 47
764 47
765 51
766 50
767 36
768 51
769 43
770 34
771 39
772 44
773 35
774 34
775 20
776 25
777 34
778 37
779 21
780 36
781 36
782 35
783 34
784 30
785 27
786 23
787 18
788 28
789 29
790 39
791 21
792 28
793 24
794 20
795 18
796 32
797 26
798 18
799 28
800 23
801 22
802 18
803 21
804 20
805 19
806 21
807 24
808 22
809 16
810 16
811 22
812 14
813 16
814 14
815 9
816 14
817 14
818 15
819 15
820 16
821 14
822 14
823 11
824 10
825 14
826 21
827 12
828 12
829 12
830 10
831 10
832 16
833 12
834 11
835 7
836 18
837 14
838 11
839 7
840 8
841 9
842 10
843 9
844 8
845 10
846 9
847 15
848 6
849 5
850 6
851 9
852 6
853 3
854 9
855 2
856 12
857 2
858 6
859 4
860 7
861 10
862 6
863 8
864 7
865 11
866 5
867 8
868 13
869 6
870 10
871 6
872 2
873 8
874 8
875 1
876 5
877 5
878 4
879 8
880 8
881 2
882 3
883 3
884 8
885 3
886 3
887 9
888 5
889 8
890 9
891 4
892 7
893 5
894 5
895 2
896 7
897 4
898 5
899 3
900 6
901 3
902 7
903 4
904 5
905 2
906 6
907 0
908 3
909 3
910 1
911 3
912 1
913 8
914 4
915 4
916 7
917 5
918 3
919 4
920 6
921 4
922 4
923 1
924 5
925 0
926 2
927 3
928 9
929 7
930 10
931 1
932 4
933 3
934 4
935 1
936 1
937 7
938 7
939 5
940 7
941 3
942 5
943 3
944 5
945 1
946 4
947 4
948 6
949 3
950 2
951 5
952 4
953 2
954 5
955 2
956 6
957 1
958 3
959 1
960 4
961 4
962 4
963 3
964 4
965 6
966 2
967 9
968 6
969 3
970 5
971 6
972 5
973 4
974 3
975 3
976 3
977 1
978 3
979 4
980 1
981 2
982 3
983 2
984 3
985 2
986 6
987 2
988 2
989 5
990 1
991 3
992 3
993 0
994 6
995 5
996 4
997 4
998 8
999 2
1000 5
1001 0
1002 5
1003 4
1004 2
1005 3
1006 5
1007 4
1008 8
1009 1
1010 1
1011 2
1012 3
1013 4
1014 3
1015 7
1016 3
1017 3
1018 8
1019 6
1020 2
1021 4
1022 2
1023 1
1024 7
1025 5
1026 2
1027 7
1028 6
1029 7
1030 3
1031 4
1032 4
1033 0
1034 3
1035 6
1036 2
1037 2
1038 3
1039 3
1040 4
1041 3
1042 3
1043 1
1044 1
1045 5
1046 3
1047 4
1048 3
1049 3
1050 1
1051 6
1052 0
1053 3
1054 2
1055 5
1056 2
1057 3
1058 3
1059 2
1060 3
1061 5
1062 3
1063 1
1064 5
1065 4
1066 4
1067 5
1068 2
1069 5
1070 0
1071 7
1072 3
1073 5
1074 1
1075 1
1076 3
1077 4
1078 6
1079 7
1080 4
1081 3
1082 5
1083 2
1084 5
1085 3
1086 6
1087 4
1088 5
1089 7
1090 1
1091 3
1092 3
1093 1
1094 5
1095 2
1096 3
1097 5
1098 2
1099 7
1100 5
1101 3
1102 4
1103 1
1104 5
1105 2
1106 4
1107 3
1108 1
1109 5
1110 6
1111 6
1112 1
1113 5
1114 2
1115 1
1116 6
1117 4
1118 3
1119 0
1120 3
1121 5
1122 6
1123 2
1124 2
1125 3
1126 3
1127 3
1128 6
1129 4
1130 5
1131 4
1132 2
1133 2
1134 3
1135 1
1136 6
1137 8
1138 4
1139 0
1140 5
1141 8
1142 1
1143 3
1144 2
1145 2
1146 3
1147 3
1148 6
1149 3
1150 3
1151 4
1152 0
1153 13
1154 0
1155 5
1156 3
1157 4
1158 6
1159 5
1160 4
1161 3
1162 4
1163 4
1164 3
1165 2
1166 3
1167 3
1168 5
1169 5
1170 1
1171 5
1172 1
1173 2
1174 4
1175 3
1176 2
1177 2
1178 1
1179 2
1180 2
1181 5
1182 3
1183 6
1184 4
1185 0
1186 1
1187 8
1188 6
1189 5
1190 2
1191 3
1192 4
1193 5
1194 5
1195 3
1196 4
1197 6
1198 1
1199 3
1200 1
1201 3
1202 3
1203 1
1204 0
1205 8
1206 2
1207 4
1208 0
1209 2
1210 7
1211 2
1212 7
1213 1
1214 3
1215 3
1216 0
1217 3
1218 1
1219 3
1220 5
1221 0
1222 3
1223 2
1224 5
1225 4
1226 2
1227 3
1228 4
1229 3
1230 1
1231 2
1232 2
1233 4
1234 2
1235 1
1236 3
1237 1
1238 2
1239 4
1240 4
1241 4
1242 1
1243 2
1244 2
1245 0
1246 5
1247 4
1248 7
1249 2
1250 2
1251 3
1252 1
1253 2
1254 2
1255 1
1256 1
1257 0
1258 5
1259 3
1260 2
1261 0
1262 4
1263 1
1264 2
1265 1
1266 1
1267 0
1268 4
1269 1
1270 0
1271 1
1272 3
1273 1
1274 1
1275 1
1276 1
1277 1
1278 4
1279 4
1280 1
1281 2
1282 2
1283 2
1284 1
1285 3
1286 1
1287 1
1288 1
1289 0
1290 4
1291 2
1292 2
1293 2
1294 5
1295 1
1296 1
1297 5
1298 1
1299 0
1300 0
1301 1
1302 2
1303 2
1304 2
1305 0
1306 1
1307 0
1308 2
1309 1
1310 1
1311 0
1312 2
1313 1
1314 1
1315 0
1316 1
1317 1
1318 3
1319 0
1320 1
1321 0
1322 0
1323 2
1324 3
1325 0
1326 3
1327 1
1328 2
1329 0
1330 0
1331 0
1332 1
1333 0
1334 3
1335 2
1336 1
1337 1
1338 1
1339 0
1340 1
1341 0
1342 0
1343 0
1344 0
1345 0
1346 2
1347 2
1348 1
1349 0
1350 1
1351 1
1352 1
1353 0
1354 2
1355 1
1356 2
1357 1
1358 1
1359 1
1360 1
1361 1
1362 3
1363 1
1364 1
1365 0
1366 0
1367 1
1368 0
1369 1
1370 0
1371 0
1372 0
1373 1
1374 0
1375 1
1376 0
1377 1
1378 1
1379 0
1380 0
1381 0
1382 0
1383 0
1384 2
1385 0
1386 0
1387 1
1388 0
1389 0
1390 3
1391 1
1392 0
1393 1
1394 1
1395 0
1396 0
1397 0
1398 0
1399 1
1400 0
1401 1
1402 0
1403 0
1404 1
1405 0
1406 0
1407 1
1408 1
1409 0
1410 2
1411 0
1412 3
1413 3
1414 1
1415 0
1416 0
1417 0
1418 0
1419 0
1420 1
1421 2
1422 0
1423 2
1424 1
1425 1
1426 0
1427 0
1428 0
1429 0
1430 1
1431 1
1432 0
1433 0
1434 0
1435 0
1436 0
1437 0
1438 0
1439 0
1440 0
1441 0
1442 1
1443 0
1444 0
1445 0
1446 2
1447 0
1448 0
1449 0
1450 0
1451 0
1452 0
1453 2
1454 0
1455 1
1456 0
1457 0
1458 0
1459 0
1460 1
1461 0
1462 0
1463 0
1464 0
1465 0
1466 2
1467 0
1468 0
1469 0
1470 0
1471 1
1472 0
1501 0
1502 1
1503 0
1527 0
1528 1
1529 0
1530 1
1531 0
1532 0
1533 0
1534 0
1535 0
1536 0
1537 0
1538 0
1539 0
1540 0
1541 0
1542 0
1543 0
1544 0
1545 0
1546 0
1547 0
1548 0
1549 0
1550 0
1551 1
1552 0
1553 0
1554 1
1555 0
1556 0
1557 0
1558 0
1559 0
1560 0
1561 0
1562 0
1563 0
1564 0
1565 0
1566 0
1567 0
1568 0
1569 1
1570 0
1605 0
1606 1
1607 0
1608 0
1609 0
1610 0
1611 1
1612 0
1613 0
1614 0
1615 0
1616 0
1617 0
1618 0
1619 0
1620 0
1621 0
1622 0
1623 0
1624 0
1625 0
1626 0
1627 1
1628 0
1667 0
1668 1
1669 0
1670 0
1671 1
1672 0
1696 0
1697 1
1698 0
1861 0
1862 1
1863 0
1938 0
1939 1
1940 0
2002 0
2003 1
2004 0
2039 0
2040 1
2041 0
2042 0
2043 0
2044 0
2045 0
2046 0
2047 0
2048 0
2049 0
2050 0
2051 0
2052 0
2053 0
2054 0
2055 1
2056 0
2140 0
2141 1
2142 0
2257 0
2258 1
2259 0
2304 0
2305 1
2306 0
2329 0
2330 1
2331 0
2401 0
2402 1
2403 0
2404 0
2405 0
2406 0
2407 0
2408 0
2409 0
2410 0
2411 0
2412 0
2413 0
2414 0
2415 0
2416 0
2417 0
2418 0
2419 0
2420 0
2421 1
2422 0
3669 0
3670 1
3671 0
4094 0
4095 1689
OK
