Histogram of ADC12:
6 0
7 1
8 19
9 799
10 257498
11 538255
12 68222
13 622
14 15
15 5
16 16
17 2
18 0
19 1
20 0
21 0
22 2
23 3
24 1
25 2
26 2
27 0
28 0
29 1
30 1
31 1
32 3
33 0
34 0
35 0
36 0
37 1
38 2
39 1
40 0
41 1
42 1
43 0
44 1
45 0
46 1
47 1
48 2
49 1
50 2
51 3
52 2
53 1
54 0
55 3
56 1
57 0
58 3
59 3
60 4
61 3
62 2
63 1
64 0
65 1
66 1
67 1
68 1
69 1
70 2
71 3
72 3
73 3
74 1
75 5
76 4
77 9
78 9
79 11
80 7
81 11
82 3
83 2
84 0
85 0
86 2
87 5
88 1
89 8
90 4
91 6
92 3
93 7
94 4
95 10
96 5
97 8
98 6
99 0
100 4
101 4
102 2
103 1
104 6
105 26
106 42
107 75
108 109
109 129
110 163
111 179
112 194
113 188
114 142
115 110
116 54
117 32
118 10
119 6
120 2
121 0
2054 0
2055 1
2056 0
OK
