Histogram of ADC2:
0 2106
1 3732
2 7687
3 12561
4 19900
5 30589
6 43908
7 53074
8 58961
9 58466
10 59931
11 68369
12 82253
13 85103
14 69067
15 50425
16 36993
17 27582
18 22539
19 19549
20 18548
21 15372
22 9649
23 4371
24 1769
25 703
26 332
27 184
28 96
29 96
30 78
31 71
32 91
33 84
34 102
35 100
36 87
37 78
38 108
39 94
40 99
41 102
42 88
43 82
44 62
45 53
46 53
47 23
48 17
49 14
50 6
51 5
52 6
53 1
54 2
55 3
56 3
57 2
58 2
59 0
60 1
61 0
62 0
63 1
64 1
65 1
66 0
67 1
68 0
69 0
70 0
71 0
72 0
73 0
74 0
75 0
76 0
77 0
78 1
79 1
80 0
81 0
82 0
83 0
84 1
85 0
86 0
87 0
88 1
89 0
90 1
91 1
92 1
93 0
94 0
95 1
96 1
97 0
98 1
99 0
100 0
101 0
102 0
103 0
104 0
105 0
106 0
107 0
108 0
109 0
110 1
111 0
112 0
113 0
114 0
115 0
116 0
117 0
118 0
119 0
120 0
121 1
122 1
123 1
124 0
125 0
126 0
127 0
128 1
129 0
130 0
131 0
132 1
133 0
134 0
135 0
136 0
137 0
138 0
139 0
140 0
141 1
142 0
143 1
144 0
145 0
146 0
147 0
148 0
149 0
150 0
151 0
152 0
153 0
154 0
155 0
156 0
157 0
158 0
159 0
160 0
161 0
162 1
163 0
164 0
165 0
166 0
167 0
168 0
169 0
170 0
171 0
172 1
173 0
174 1
175 0
176 0
177 1
178 0
179 0
180 0
181 0
182 0
183 1
184 0
185 0
186 0
187 1
188 0
189 0
190 0
191 0
192 0
193 0
194 1
195 0
196 0
197 0
198 0
199 0
200 0
201 1
202 0
203 0
204 0
205 0
206 0
207 0
208 0
209 0
210 0
211 0
212 0
213 0
214 1
215 0
216 0
217 0
218 0
219 0
220 0
221 0
222 2
223 0
252 0
253 1
254 0
255 0
256 0
257 0
258 0
259 0
260 0
261 0
262 0
263 0
264 0
265 0
266 1
267 0
268 0
269 0
270 0
271 0
272 0
273 0
274 0
275 0
276 0
277 1
278 0
279 0
280 0
281 0
282 0
283 1
284 2
285 0
346 0
347 1
348 0
349 0
350 0
351 0
352 0
353 1
354 0
355 0
356 0
357 0
358 1
359 1
360 0
389 0
390 1
391 0
392 0
393 0
394 0
395 0
396 0
397 0
398 1
399 0
428 0
429 1
430 0
431 0
432 0
433 0
434 0
435 0
436 0
437 0
438 0
439 0
440 0
441 0
442 0
443 0
444 0
445 0
446 0
447 0
448 0
449 1
450 0
451 0
452 0
453 0
454 0
455 0
456 0
457 0
458 0
459 1
460 0
461 0
462 0
463 0
464 0
465 0
466 0
467 0
468 0
469 0
470 0
471 0
472 0
473 0
474 0
475 0
476 0
477 0
478 0
479 1
480 0
481 0
482 0
483 0
484 2
485 0
486 0
487 0
488 0
489 0
490 0
491 0
492 0
493 0
494 0
495 1
496 0
497 0
498 0
499 0
500 0
501 0
502 0
503 0
504 2
505 0
506 0
507 0
508 1
509 0
510 0
511 0
512 1
513 0
514 0
515 0
516 0
517 2
518 0
519 0
520 0
521 0
522 0
523 0
524 0
525 0
526 0
527 0
528 0
529 0
530 0
531 0
532 0
533 0
534 0
535 0
536 0
537 1
538 0
539 0
540 0
541 0
542 0
543 0
544 0
545 0
546 0
547 0
548 0
549 0
550 0
551 0
552 0
553 0
554 0
555 0
556 1
557 0
558 0
559 0
560 0
561 0
562 0
563 0
564 1
565 0
566 0
567 0
568 0
569 0
570 0
571 0
572 1
573 0
574 0
575 0
576 0
577 0
578 0
579 0
580 0
581 1
582 0
583 0
584 0
585 0
586 0
587 0
588 0
589 0
590 0
591 1
592 0
593 0
594 1
595 0
596 0
597 0
598 0
599 0
600 0
601 0
602 0
603 0
604 0
605 2
606 0
607 0
608 1
609 0
610 0
611 0
612 0
613 0
614 1
615 0
616 0
617 0
618 0
619 1
620 0
621 1
622 0
623 0
624 0
625 1
626 0
627 0
628 1
629 0
630 0
631 0
632 0
633 0
634 0
635 0
636 0
637 0
638 1
639 0
640 0
641 0
642 0
643 1
644 0
645 1
646 0
647 0
648 1
649 0
650 0
651 0
652 1
653 0
654 0
655 0
656 0
657 0
658 0
659 0
660 0
661 0
662 0
663 0
664 0
665 0
666 1
667 0
689 0
690 1
691 0
712 0
713 1
714 0
715 0
716 0
717 0
718 1
719 0
720 0
721 0
722 0
723 0
724 0
725 0
726 0
727 0
728 0
729 0
730 0
731 0
732 0
733 0
734 0
735 1
736 0
737 0
738 0
739 0
740 0
741 0
742 0
743 0
744 0
745 0
746 0
747 1
748 0
749 0
750 0
751 0
752 0
753 0
754 0
755 0
756 0
757 0
758 0
759 1
760 1
761 0
762 0
763 0
764 0
765 0
766 1
767 0
768 0
769 0
770 0
771 1
772 0
773 1
774 0
775 0
776 0
777 0
778 0
779 0
780 0
781 1
782 1
783 0
784 0
785 0
786 0
787 1
788 0
789 1
790 0
791 0
792 0
793 0
794 0
795 0
796 1
797 0
798 0
799 0
800 0
801 0
802 0
803 1
804 0
805 0
806 0
807 1
808 0
809 0
810 0
811 0
812 0
813 0
814 1
815 0
816 1
817 0
818 1
819 0
820 1
821 0
822 0
823 0
824 0
825 1
826 0
827 1
828 0
829 0
830 0
831 1
832 0
833 0
834 0
835 0
836 1
837 0
838 1
839 0
840 0
841 0
842 0
843 1
844 0
845 1
846 1
847 1
848 3
849 0
850 2
851 0
852 2
853 1
854 0
855 0
856 1
857 0
858 1
859 1
860 1
861 0
862 1
863 0
864 0
865 0
866 2
867 0
868 1
869 1
870 0
871 1
872 0
873 1
874 2
875 2
876 0
877 1
878 1
879 0
880 1
881 0
882 0
883 0
884 2
885 0
886 0
887 1
888 0
889 0
890 1
891 3
892 0
893 0
894 4
895 1
896 1
897 0
898 0
899 2
900 0
901 0
902 2
903 0
904 0
905 0
906 0
907 1
908 1
909 0
910 1
911 0
912 0
913 0
914 1
915 0
916 0
917 0
918 0
919 0
920 0
921 1
922 0
957 0
958 1
959 0
960 1
961 0
962 0
963 0
964 0
965 0
966 0
967 0
968 0
969 0
970 0
971 0
972 0
973 1
974 1
975 0
976 1
977 1
978 1
979 0
980 0
981 0
982 0
983 0
984 0
985 0
986 0
987 0
988 0
989 0
990 0
991 0
992 0
993 0
994 0
995 0
996 1
997 2
998 1
999 2
1000 0
1001 0
1002 0
1003 1
1004 1
1005 0
1006 1
1007 0
1008 0
1009 0
1010 0
1011 0
1012 1
1013 0
1014 2
1015 1
1016 0
1017 0
1018 0
1019 0
1020 1
1021 0
1022 0
1023 0
1024 0
1025 0
1026 1
1027 0
1028 0
1029 0
1030 1
1031 1
1032 3
1033 0
1034 0
1035 0
1036 2
1037 0
1038 0
1039 0
1040 0
1041 0
1042 0
1043 0
1044 1
1045 0
1046 0
1047 0
1048 1
1049 1
1050 0
1051 2
1052 0
1053 0
1054 0
1055 0
1056 0
1057 1
1058 2
1059 0
1060 0
1061 0
1062 0
1063 0
1064 0
1065 0
1066 1
1067 2
1068 0
1069 0
1070 1
1071 0
1072 0
1073 0
1074 1
1075 0
1076 2
1077 0
1078 1
1079 2
1080 1
1081 1
1082 0
1083 1
1084 1
1085 0
1086 0
1087 0
1088 1
1089 2
1090 0
1091 0
1092 1
1093 0
1094 0
1095 0
1096 0
1097 1
1098 0
1099 1
1100 1
1101 1
1102 1
1103 0
1104 2
1105 0
1106 3
1107 1
1108 1
1109 0
1110 0
1111 0
1112 0
1113 0
1114 1
1115 0
1116 1
1117 0
1118 0
1119 0
1120 0
1121 0
1122 0
1123 0
1124 0
1125 0
1126 0
1127 0
1128 0
1129 0
1130 0
1131 0
1132 0
1133 0
1134 1
1135 0
1136 1
1137 0
1138 0
1139 0
1140 1
1141 1
1142 1
1143 0
1144 1
1145 0
1146 0
1147 0
1148 0
1149 0
1150 1
1151 0
1152 1
1153 0
1154 1
1155 0
1156 0
1157 1
1158 0
1159 0
1160 0
1161 0
1162 0
1163 0
1164 0
1165 0
1166 0
1167 0
1168 0
1169 0
1170 0
1171 0
1172 0
1173 0
1174 0
1175 1
1176 0
1177 0
1178 0
1179 0
1180 3
1181 1
1182 1
1183 0
1184 0
1185 0
1186 1
1187 1
1188 0
1189 0
1190 2
1191 0
1192 1
1193 1
1194 1
1195 2
1196 3
1197 3
1198 4
1199 0
1200 6
1201 1
1202 2
1203 4
1204 4
1205 4
1206 3
1207 3
1208 6
1209 2
1210 3
1211 2
1212 3
1213 3
1214 1
1215 2
1216 4
1217 7
1218 6
1219 4
1220 6
1221 8
1222 4
1223 8
1224 7
1225 8
1226 7
1227 10
1228 6
1229 7
1230 9
1231 3
1232 7
1233 8
1234 11
1235 7
1236 11
1237 9
1238 7
1239 15
1240 16
1241 10
1242 9
1243 7
1244 8
1245 10
1246 12
1247 15
1248 9
1249 15
1250 16
1251 8
1252 14
1253 8
1254 13
1255 12
1256 9
1257 12
1258 11
1259 9
1260 18
1261 12
1262 14
1263 14
1264 19
1265 19
1266 16
1267 16
1268 27
1269 11
1270 12
1271 18
1272 12
1273 6
1274 12
1275 5
1276 23
1277 22
1278 16
1279 8
1280 18
1281 14
1282 26
1283 15
1284 17
1285 13
1286 15
1287 9
1288 14
1289 10
1290 17
1291 18
1292 19
1293 19
1294 18
1295 12
1296 22
1297 5
1298 13
1299 14
1300 11
1301 15
1302 14
1303 12
1304 10
1305 8
1306 15
1307 10
1308 8
1309 13
1310 19
1311 5
1312 13
1313 8
1314 15
1315 16
1316 7
1317 15
1318 7
1319 5
1320 9
1321 7
1322 9
1323 9
1324 9
1325 5
1326 8
1327 1
1328 10
1329 3
1330 5
1331 2
1332 3
1333 6
1334 1
1335 7
1336 5
1337 5
1338 5
1339 1
1340 5
1341 2
1342 2
1343 3
1344 6
1345 1
1346 1
1347 0
1348 6
1349 1
1350 1
1351 2
1352 2
1353 0
1354 0
1355 1
1356 2
1357 2
1358 3
1359 1
1360 0
1361 0
1362 0
1363 0
1364 0
1365 1
1366 1
1367 0
1368 0
1369 1
1370 1
1371 1
1372 0
1373 0
1374 0
1375 0
1376 0
1377 0
1378 0
1379 0
1380 0
1381 0
1382 0
1383 1
1384 0
1385 1
1386 0
2054 0
2055 1
2056 0
OK
