Histogram of ADC2:
0 278
1 613
2 3517
3 9153
4 16816
5 31269
6 50305
7 60646
8 66195
9 64486
10 62624
11 72651
12 88617
13 84548
14 66066
15 46628
16 27990
17 18118
18 14143
19 12788
20 14220
21 12440
22 6605
23 3181
24 1861
25 1267
26 975
27 726
28 591
29 478
30 416
31 298
32 292
33 263
34 196
35 185
36 167
37 165
38 148
39 179
40 175
41 175
42 179
43 165
44 158
45 176
46 157
47 128
48 139
49 93
50 71
51 47
52 36
53 19
54 11
55 7
56 1
57 3
58 0
59 2
60 1
61 0
62 0
63 0
64 1
65 1
66 0
67 0
68 0
69 0
70 0
71 1
72 1
73 0
74 0
75 1
76 2
77 0
78 0
79 0
80 0
81 0
82 0
83 0
84 0
85 0
86 0
87 3
88 0
89 0
90 1
91 0
92 1
93 0
94 0
95 0
96 0
97 0
98 1
99 0
100 0
101 0
102 0
103 0
104 0
105 0
106 1
107 0
108 1
109 0
110 0
111 0
112 0
113 0
114 0
115 0
116 0
117 1
118 1
119 0
120 0
121 0
122 1
123 2
124 0
125 0
126 0
127 0
128 0
129 0
130 0
131 0
132 0
133 0
134 0
135 0
136 0
137 0
138 0
139 0
140 0
141 0
142 0
143 1
144 0
145 0
146 0
147 0
148 0
149 0
150 1
151 0
152 1
153 0
154 0
155 0
156 0
157 0
158 0
159 0
160 0
161 0
162 0
163 0
164 0
165 0
166 0
167 2
168 0
169 0
170 0
171 0
172 0
173 0
174 0
175 0
176 0
177 0
178 0
179 0
180 0
181 0
182 0
183 0
184 0
185 0
186 0
187 0
188 2
189 0
190 0
191 0
192 0
193 0
194 0
195 0
196 0
197 0
198 0
199 0
200 0
201 0
202 0
203 0
204 0
205 0
206 0
207 0
208 0
209 1
210 0
211 0
212 0
213 0
214 0
215 0
216 0
217 0
218 0
219 1
220 0
221 0
222 0
223 0
224 0
225 0
226 0
227 0
228 0
229 0
230 0
231 0
232 1
233 1
234 0
235 1
236 0
237 0
238 0
239 0
240 0
241 0
242 0
243 0
244 0
245 0
246 0
247 0
248 0
249 1
250 1
251 0
252 0
253 0
254 0
255 0
256 0
257 0
258 0
259 0
260 0
261 0
262 1
263 0
289 0
290 1
291 0
292 0
293 0
294 1
295 0
296 0
297 0
298 0
299 0
300 0
301 0
302 1
303 0
304 0
305 0
306 0
307 0
308 0
309 0
310 0
311 0
312 0
313 0
314 0
315 0
316 0
317 0
318 0
319 1
320 0
347 0
348 1
349 0
411 0
412 1
413 0
414 0
415 0
416 0
417 0
418 0
419 0
420 0
421 0
422 0
423 1
424 0
425 0
426 0
427 0
428 0
429 0
430 0
431 0
432 0
433 0
434 0
435 0
436 0
437 0
438 0
439 0
440 0
441 0
442 0
443 1
444 0
470 0
471 1
472 0
473 0
474 0
475 0
476 0
477 0
478 0
479 0
480 0
481 0
482 1
483 0
484 0
485 0
486 1
487 0
508 0
509 1
510 0
537 0
538 1
539 0
540 0
541 0
542 0
543 0
544 0
545 0
546 0
547 0
548 0
549 0
550 1
551 0
552 0
553 0
554 0
555 0
556 0
557 0
558 0
559 0
560 0
561 0
562 1
563 0
564 0
565 0
566 1
567 0
598 0
599 1
600 0
601 0
602 0
603 0
604 1
605 0
606 0
607 0
608 0
609 1
610 0
611 0
612 0
613 0
614 0
615 0
616 0
617 0
618 0
619 1
620 0
662 0
663 1
664 0
665 0
666 0
667 0
668 0
669 0
670 0
671 0
672 0
673 0
674 2
675 0
676 0
677 0
678 0
679 0
680 0
681 0
682 0
683 0
684 0
685 0
686 0
687 0
688 0
689 1
690 0
691 0
692 0
693 0
694 0
695 0
696 0
697 0
698 1
699 0
720 0
721 1
722 0
723 0
724 0
725 0
726 0
727 0
728 0
729 0
730 0
731 0
732 0
733 0
734 0
735 0
736 1
737 0
738 0
739 0
740 0
741 0
742 0
743 0
744 0
745 1
746 0
747 0
748 0
749 0
750 0
751 0
752 0
753 0
754 1
755 1
756 0
757 0
758 0
759 0
760 0
761 0
762 0
763 0
764 0
765 1
766 0
767 0
768 0
769 0
770 0
771 0
772 0
773 0
774 0
775 0
776 0
777 0
778 0
779 0
780 1
781 0
782 0
783 0
784 1
785 0
786 0
787 0
788 0
789 0
790 0
791 0
792 1
793 0
794 0
795 0
796 0
797 0
798 0
799 0
800 0
801 0
802 0
803 0
804 0
805 0
806 0
807 1
808 0
809 0
810 0
811 0
812 0
813 0
814 0
815 0
816 0
817 0
818 0
819 0
820 0
821 1
822 0
823 0
824 0
825 0
826 0
827 0
828 0
829 0
830 0
831 0
832 0
833 1
834 0
835 0
836 0
837 0
838 0
839 0
840 0
841 0
842 0
843 0
844 0
845 1
846 0
847 0
848 0
849 0
850 0
851 0
852 0
853 0
854 0
855 0
856 0
857 0
858 0
859 0
860 0
861 1
862 1
863 0
864 0
865 0
866 0
867 0
868 0
869 1
870 1
871 0
891 0
892 1
893 0
914 0
915 1
916 0
1000 0
1001 1
1002 0
1003 0
1004 0
1005 0
1006 0
1007 0
1008 0
1009 0
1010 0
1011 0
1012 0
1013 1
1014 0
1015 0
1016 0
1017 0
1018 0
1019 0
1020 0
1021 0
1022 0
1023 0
1024 1
1025 0
1070 0
1071 1
1072 0
1073 0
1074 0
1075 1
1076 0
1077 0
1078 0
1079 0
1080 0
1081 0
1082 0
1083 0
1084 0
1085 0
1086 0
1087 0
1088 0
1089 0
1090 0
1091 0
1092 1
1093 0
1094 0
1095 0
1096 0
1097 0
1098 0
1099 0
1100 0
1101 0
1102 0
1103 0
1104 0
1105 0
1106 0
1107 0
1108 0
1109 1
1110 0
1111 0
1112 0
1113 0
1114 0
1115 0
1116 0
1117 0
1118 0
1119 0
1120 0
1121 0
1122 1
1123 0
1124 0
1125 0
1126 1
1127 0
1128 0
1129 0
1130 0
1131 1
1132 0
1133 0
1134 0
1135 0
1136 1
1137 0
1138 0
1139 0
1140 0
1141 0
1142 0
1143 0
1144 0
1145 0
1146 0
1147 0
1148 0
1149 0
1150 0
1151 0
1152 0
1153 0
1154 0
1155 1
1156 1
1157 0
1158 0
1159 1
1160 0
1161 1
1162 0
1163 0
1164 0
1165 0
1166 0
1167 0
1168 0
1169 0
1170 0
1171 0
1172 1
1173 1
1174 0
1175 0
1176 1
1177 0
1178 0
1179 0
1180 0
1181 1
1182 0
1183 0
1184 0
1185 0
1186 0
1187 1
1188 1
1189 0
1190 0
1191 0
1192 1
1193 0
1194 0
1195 0
1196 0
1197 0
1198 1
1199 1
1200 1
1201 0
1202 0
1203 1
1204 0
1205 0
1206 0
1207 0
1208 1
1209 0
1210 0
1211 0
1212 0
1213 0
1214 1
1215 0
1216 0
1217 0
1218 0
1219 0
1220 0
1221 0
1222 1
1223 0
1224 0
1225 0
1226 0
1227 0
1228 0
1229 0
1230 0
1231 0
1232 0
1233 0
1234 0
1235 0
1236 0
1237 0
1238 1
1239 0
1240 0
1241 0
1242 0
1243 0
1244 0
1245 0
1246 0
1247 0
1248 0
1249 0
1250 2
1251 0
1252 1
1253 0
1254 0
1255 0
1256 0
1257 0
1258 0
1259 0
1260 0
1261 1
1262 1
1263 0
1264 0
1265 1
1266 0
1267 1
1268 2
1269 0
1270 0
1271 0
1272 0
1273 0
1274 0
1275 0
1276 0
1277 2
1278 0
1279 0
1280 0
1281 0
1282 0
1283 0
1284 0
1285 2
1286 0
1287 2
1288 0
1289 0
1290 0
1291 0
1292 0
1293 1
1294 0
1295 0
1296 0
1297 0
1298 0
1299 0
1300 0
1301 0
1302 0
1303 0
1304 2
1305 0
1306 1
1307 0
1308 0
1309 0
1310 0
1311 0
1312 0
1313 0
1314 0
1315 0
1316 0
1317 1
1318 0
1319 0
1320 1
1321 0
1322 0
1323 0
1324 0
1325 0
1326 0
1327 1
1328 0
1329 0
1330 0
1331 1
1332 1
1333 0
1334 0
1335 0
1336 0
1337 0
1338 0
1339 1
1340 1
1341 0
1342 0
1343 0
1344 0
1345 0
1346 1
1347 0
1348 0
1349 0
1350 2
1351 0
1352 0
1353 0
1354 1
1355 0
1356 1
1357 0
1358 1
1359 0
1360 1
1361 0
1362 0
1363 1
1364 0
1365 0
1366 0
1367 0
1368 1
1369 0
1370 0
1371 0
1372 1
1373 0
1374 0
1375 0
1376 0
1377 0
1378 0
1379 0
1380 0
1381 0
1382 0
1383 0
1384 0
1385 0
1386 0
1387 1
1388 0
1389 0
1390 0
1391 0
1392 0
1393 1
1394 0
1395 0
1396 0
1397 0
1398 0
1399 0
1400 0
1401 1
1402 0
1403 0
1404 0
1405 1
1406 0
1407 0
1408 0
1409 0
1410 0
1411 0
1412 0
1413 0
1414 0
1415 0
1416 0
1417 0
1418 0
1419 0
1420 0
1421 2
1422 0
1423 0
1424 0
1425 0
1426 0
1427 1
1428 0
1429 0
1430 0
1431 0
1432 0
1433 0
1434 0
1435 0
1436 0
1437 0
1438 0
1439 0
1440 0
1441 0
1442 1
1443 0
1714 0
1715 1
1716 0
1808 0
1809 1
1810 0
1886 0
1887 1
1888 0
1889 0
1890 0
1891 0
1892 0
1893 0
1894 0
1895 0
1896 0
1897 0
1898 0
1899 0
1900 1
1901 0
1902 0
1903 0
1904 0
1905 0
1906 0
1907 0
1908 0
1909 0
1910 0
1911 0
1912 0
1913 0
1914 0
1915 0
1916 0
1917 0
1918 0
1919 0
1920 0
1921 1
1922 0
1923 1
1924 0
1925 0
1926 0
1927 0
1928 0
1929 0
1930 0
1931 0
1932 0
1933 1
1934 0
1967 0
1968 1
1969 0
1970 0
1971 0
1972 0
1973 0
1974 0
1975 0
1976 0
1977 0
1978 0
1979 0
1980 0
1981 0
1982 0
1983 0
1984 0
1985 0
1986 0
1987 1
1988 0
2034 0
2035 1
2036 0
2037 0
2038 0
2039 0
2040 0
2041 0
2042 0
2043 0
2044 0
2045 0
2046 0
2047 0
2048 0
2049 0
2050 0
2051 0
2052 0
2053 0
2054 1
2055 0
2147 0
2148 1
2149 0
2150 0
2151 0
2152 0
2153 0
2154 0
2155 0
2156 0
2157 0
2158 0
2159 0
2160 0
2161 0
2162 1
2163 1
2164 0
2165 0
2166 0
2167 0
2168 0
2169 0
2170 0
2171 0
2172 0
2173 0
2174 0
2175 0
2176 0
2177 0
2178 1
2179 0
2271 0
2272 1
2273 0
2274 0
2275 0
2276 0
2277 0
2278 0
2279 0
2280 0
2281 0
2282 0
2283 1
2284 0
2319 0
2320 1
2321 0
2344 0
2345 1
2346 0
2367 0
2368 1
2369 0
2370 0
2371 0
2372 0
2373 0
2374 0
2375 0
2376 0
2377 0
2378 1
2379 0
2380 0
2381 0
2382 0
2383 0
2384 0
2385 1
2386 0
2387 0
2388 0
2389 0
2390 0
2391 0
2392 1
2393 0
2394 0
2395 0
2396 0
2397 0
2398 0
2399 0
2400 0
2401 1
2402 0
2431 0
2432 1
2433 1
2434 0
2435 0
2436 0
2437 0
2438 0
2439 0
2440 0
2441 0
2442 0
2443 0
2444 1
2445 1
2446 0
2447 0
2448 0
2449 0
2450 1
2451 0
2452 0
2453 0
2454 1
2455 0
2456 0
2457 0
2458 0
2459 1
2460 0
2493 0
2494 1
2495 0
2496 0
2497 0
2498 0
2499 0
2500 0
2501 0
2502 0
2503 0
2504 0
2505 0
2506 0
2507 0
2508 0
2509 0
2510 0
2511 0
2512 0
2513 1
2514 0
2540 0
2541 1
2542 0
2564 0
2565 1
2566 0
2567 0
2568 0
2569 0
2570 0
2571 0
2572 0
2573 0
2574 0
2575 0
2576 0
2577 1
2578 0
2610 0
2611 1
2612 0
2613 0
2614 0
2615 0
2616 0
2617 0
2618 0
2619 0
2620 1
2621 1
2622 0
2643 0
2644 1
2645 1
2646 0
2679 0
2680 2
2681 0
2682 0
2683 0
2684 0
2685 0
2686 0
2687 0
2688 0
2689 0
2690 0
2691 0
2692 0
2693 0
2694 0
2695 0
2696 0
2697 0
2698 1
2699 0
2734 0
2735 1
2736 2
2737 1
2738 0
2739 0
2740 0
2741 0
2742 0
2743 0
2744 1
2745 0
2746 0
2747 0
2748 0
2749 0
2750 0
2751 0
2752 0
2753 0
2754 0
2755 0
2756 0
2757 1
2758 0
2781 0
2782 1
2783 0
2784 0
2785 0
2786 1
2787 0
2788 0
2789 0
2790 0
2791 0
2792 0
2793 0
2794 1
2795 1
2796 0
2797 1
2798 0
2799 0
2800 0
2801 0
2802 0
2803 0
2804 0
2805 0
2806 0
2807 0
2808 1
2809 0
2810 1
2811 0
2812 0
2813 0
2814 0
2815 0
2816 0
2817 0
2818 0
2819 0
2820 0
2821 0
2822 0
2823 1
2824 0
2825 1
2826 0
2827 0
2828 0
2829 0
2830 0
2831 0
2832 0
2833 0
2834 0
2835 0
2836 0
2837 0
2838 0
2839 0
2840 0
2841 0
2842 0
2843 0
2844 1
2845 0
2869 0
2870 1
2871 0
2902 0
2903 1
2904 0
2905 0
2906 0
2907 0
2908 0
2909 0
2910 0
2911 0
2912 0
2913 0
2914 0
2915 0
2916 1
2917 0
2960 0
2961 1
2962 0
2963 0
2964 0
2965 0
2966 1
2967 0
3005 0
3006 1
3007 0
3008 0
3009 0
3010 0
3011 0
3012 0
3013 0
3014 0
3015 0
3016 0
3017 0
3018 0
3019 0
3020 0
3021 0
3022 0
3023 0
3024 0
3025 0
3026 0
3027 1
3028 0
3235 0
3236 1
3237 0
3324 0
3325 1
3326 0
3453 0
3454 1
3455 0
3456 0
3457 0
3458 0
3459 0
3460 0
3461 0
3462 0
3463 1
3464 0
3465 0
3466 0
3467 0
3468 0
3469 0
3470 0
3471 0
3472 0
3473 0
3474 0
3475 0
3476 0
3477 0
3478 0
3479 0
3480 1
3481 0
3482 0
3483 1
3484 0
3485 0
3486 0
3487 0
3488 1
3489 1
3490 2
3491 0
3492 0
3493 0
3494 0
3495 1
3496 0
3497 1
3498 0
3499 0
3500 1
3501 0
3502 0
3503 0
3504 0
3505 0
3506 0
3507 2
3508 2
3509 0
3510 0
3511 0
3512 0
3513 1
3514 0
3515 2
3516 1
3517 1
3518 1
3519 0
3520 1
3521 2
3522 1
3523 1
3524 2
3525 3
3526 2
3527 3
3528 1
3529 2
3530 1
3531 3
3532 1
3533 2
3534 6
3535 3
3536 5
3537 3
3538 1
3539 3
3540 4
3541 2
3542 2
3543 1
3544 4
3545 5
3546 2
3547 2
3548 4
3549 4
3550 5
3551 1
3552 6
3553 3
3554 8
3555 4
3556 4
3557 5
3558 9
3559 5
3560 11
3561 5
3562 15
3563 5
3564 4
3565 13
3566 11
3567 6
3568 12
3569 8
3570 10
3571 4
3572 6
3573 13
3574 10
3575 5
3576 18
3577 16
3578 12
3579 14
3580 15
3581 14
3582 8
3583 2
3584 24
3585 10
3586 11
3587 8
3588 12
3589 13
3590 9
3591 15
3592 18
3593 7
3594 18
3595 15
3596 12
3597 14
3598 19
3599 14
3600 24
3601 20
3602 10
3603 21
3604 14
3605 13
3606 16
3607 16
3608 14
3609 12
3610 18
3611 18
3612 14
3613 14
3614 17
3615 8
3616 19
3617 16
3618 11
3619 14
3620 14
3621 13
3622 18
3623 9
3624 11
3625 11
3626 16
3627 12
3628 13
3629 12
3630 22
3631 10
3632 19
3633 16
3634 17
3635 9
3636 13
3637 14
3638 17
3639 11
3640 27
3641 11
3642 20
3643 10
3644 19
3645 10
3646 21
3647 8
3648 26
3649 13
3650 19
3651 19
3652 24
3653 14
3654 23
3655 12
3656 25
3657 11
3658 18
3659 13
3660 19
3661 21
3662 20
3663 13
3664 27
3665 26
3666 21
3667 15
3668 26
3669 19
3670 19
3671 24
3672 25
3673 15
3674 21
3675 16
3676 19
3677 24
3678 18
3679 12
3680 32
3681 18
3682 15
3683 24
3684 31
3685 18
3686 23
3687 17
3688 23
3689 18
3690 24
3691 16
3692 28
3693 15
3694 22
3695 10
3696 21
3697 14
3698 7
3699 9
3700 15
3701 18
3702 8
3703 11
3704 10
3705 9
3706 13
3707 7
3708 5
3709 7
3710 2
3711 0
3712 5
3713 2
3714 2
3715 0
3716 1
3717 2
3718 2
3719 3
3720 2
3721 0
3722 2
3723 3
3724 0
3725 0
3726 1
3727 0
OK
