Histogram of ADC12:
7 0
8 25
9 258
10 253766
11 534675
12 51235
13 1410
14 757
15 1439
16 300
17 3
18 2
19 0
20 0
21 1
22 1
23 0
24 2
25 2
26 0
27 3
28 1
29 2
30 0
31 0
32 0
33 2
34 1
35 1
36 0
37 1
38 0
39 0
40 0
41 0
42 0
43 1
44 1
45 1
46 0
47 0
48 1
49 2
50 0
51 1
52 0
53 0
54 1
55 1
56 2
57 0
58 0
59 1
60 3
61 0
62 0
63 0
64 0
65 3
66 1
67 1
68 0
69 1
70 0
71 2
72 2
73 1
74 2
75 1
76 0
77 1
78 1
79 2
80 0
81 2
82 2
83 0
84 1
85 0
86 1
87 0
88 0
89 0
90 0
91 0
92 0
93 1
94 2
95 0
96 0
97 0
98 2
99 0
100 1
101 1
102 0
103 2
104 2
105 1
106 3
107 3
108 2
109 6
110 2
111 1
112 1
113 3
114 4
115 3
116 4
117 4
118 1
119 3
120 3
121 4
122 5
123 1
124 2
125 1
126 2
127 1
128 2
129 1
130 0
150 0
151 1
152 0
153 0
154 0
155 0
156 0
157 0
158 0
159 1
160 0
161 0
162 0
163 0
164 0
165 0
166 1
167 1
168 0
169 3
170 0
171 0
172 1
173 0
174 1
175 0
176 0
177 0
178 1
179 0
180 0
181 0
182 0
183 0
184 0
185 0
186 0
187 1
188 0
189 2
190 1
191 0
192 0
193 0
194 0
195 0
196 0
197 0
198 1
199 1
200 0
201 0
202 1
203 0
204 1
205 0
206 1
207 1
208 1
209 2
210 0
211 2
212 1
213 2
214 2
215 0
216 0
217 1
218 1
219 0
220 0
221 1
222 0
223 2
224 0
225 0
226 1
227 2
228 0
229 1
230 1
231 0
232 2
233 0
234 1
235 0
236 0
237 5
238 1
239 0
240 1
241 2
242 2
243 2
244 1
245 1
246 1
247 0
248 1
249 0
250 1
251 1
252 0
253 0
254 0
255 2
256 0
257 0
258 0
259 1
260 1
261 0
262 0
263 0
264 0
265 0
266 0
267 0
268 0
269 0
270 0
271 0
272 0
273 0
274 0
275 0
276 0
277 1
278 0
279 0
280 0
281 0
282 0
283 0
284 0
285 0
286 1
287 0
288 0
289 0
290 0
291 0
292 0
293 0
294 0
295 0
296 0
297 0
298 0
299 0
300 0
301 0
302 1
303 1
304 0
305 1
306 2
307 2
308 3
309 1
310 4
311 1
312 6
313 10
314 11
315 17
316 13
317 14
318 17
319 25
320 31
321 39
322 43
323 39
324 59
325 61
326 43
327 58
328 57
329 72
330 63
331 64
332 57
333 60
334 50
335 49
336 51
337 58
338 49
339 47
340 62
341 44
342 51
343 77
344 48
345 60
346 60
347 71
348 63
349 61
350 73
351 50
352 71
353 59
354 75
355 55
356 61
357 51
358 43
359 39
360 27
361 22
362 14
363 11
364 4
365 10
366 1
367 2
368 3
369 0
2054 0
2055 1
2056 0
OK
