Histogram of ADC0:
0 279
1 6
2 8
3 7
4 8
5 8
6 10
7 10
8 17
9 10
10 14
11 21
12 14
13 12
14 8
15 14
16 18
17 13
18 17
19 18
20 27
21 23
22 23
23 26
24 18
25 19
26 19
27 27
28 25
29 27
30 28
31 32
32 39
33 36
34 37
35 44
36 47
37 37
38 38
39 48
40 59
41 44
42 50
43 54
44 64
45 63
46 59
47 71
48 62
49 62
50 69
51 72
52 57
53 92
54 92
55 79
56 77
57 79
58 104
59 90
60 90
61 100
62 101
63 110
64 120
65 111
66 124
67 108
68 141
69 131
70 138
71 143
72 132
73 124
74 152
75 142
76 165
77 180
78 171
79 152
80 205
81 203
82 180
83 199
84 211
85 222
86 188
87 218
88 233
89 229
90 248
91 230
92 266
93 263
94 231
95 256
96 264
97 288
98 280
99 317
100 311
101 322
102 337
103 374
104 338
105 376
106 357
107 398
108 408
109 418
110 429
111 437
112 410
113 460
114 453
115 439
116 446
117 455
118 476
119 543
120 526
121 491
122 505
123 524
124 565
125 575
126 564
127 597
128 646
129 563
130 637
131 621
132 692
133 688
134 665
135 704
136 739
137 765
138 728
139 758
140 759
141 763
142 802
143 795
144 849
145 837
146 865
147 861
148 867
149 862
150 897
151 858
152 969
153 916
154 950
155 984
156 990
157 978
158 916
159 983
160 1027
161 1000
162 1086
163 989
164 1028
165 1054
166 1089
167 1062
168 1102
169 1127
170 1129
171 1139
172 1201
173 1181
174 1118
175 1167
176 1163
177 1189
178 1286
179 1244
180 1257
181 1215
182 1249
183 1235
184 1296
185 1248
186 1333
187 1282
188 1314
189 1313
190 1275
191 1255
192 1366
193 1426
194 1415
195 1293
196 1413
197 1425
198 1412
199 1443
200 1473
201 1460
202 1455
203 1465
204 1545
205 1545
206 1449
207 1519
208 1629
209 1605
210 1631
211 1576
212 1650
213 1621
214 1717
215 1708
216 1691
217 1659
218 1770
219 1722
220 1735
221 1753
222 1787
223 1650
224 1858
225 1756
226 1831
227 1851
228 1962
229 1917
230 1895
231 1875
232 2002
233 1909
234 2030
235 1988
236 1985
237 2001
238 2089
239 2112
240 2130
241 2098
242 2136
243 2044
244 2173
245 2105
246 2177
247 2211
248 2211
249 2159
250 2266
251 2179
252 2272
253 2350
254 2310
255 2117
256 2405
257 2392
258 2378
259 2294
260 2423
261 2360
262 2414
263 2353
264 2460
265 2502
266 2518
267 2482
268 2534
269 2516
270 2519
271 2560
272 2657
273 2615
274 2689
275 2542
276 2591
277 2645
278 2544
279 2683
280 2687
281 2758
282 2704
283 2653
284 2729
285 2769
286 2717
287 2445
288 2924
289 2669
290 2837
291 2682
292 2814
293 2789
294 2715
295 2754
296 2827
297 2829
298 2829
299 2735
300 2896
301 2829
302 2876
303 2825
304 2856
305 2785
306 2868
307 2797
308 2749
309 2997
310 2815
311 2791
312 2730
313 2929
314 2831
315 2660
316 2813
317 2752
318 2792
319 2530
320 3067
321 2865
322 2832
323 2759
324 2806
325 2916
326 2819
327 2652
328 2860
329 2804
330 2935
331 2713
332 2941
333 2839
334 2788
335 2840
336 3089
337 2845
338 2949
339 2853
340 2906
341 3050
342 2921
343 2954
344 3010
345 3010
346 3067
347 2958
348 3084
349 3028
350 3149
351 2769
352 3239
353 3110
354 3207
355 3134
356 3189
357 3204
358 3179
359 3116
360 3258
361 3223
362 3240
363 3051
364 3325
365 3207
366 3348
367 3267
368 3394
369 3200
370 3357
371 3083
372 3393
373 3224
374 3202
375 3208
376 3214
377 3287
378 3255
379 3113
380 3277
381 3160
382 3138
383 2992
384 3244
385 3057
386 3196
387 2921
388 3113
389 2902
390 3045
391 2889
392 3065
393 2892
394 2961
395 2699
396 2853
397 2827
398 2806
399 2714
400 2881
401 2615
402 2648
403 2576
404 2596
405 2533
406 2496
407 2302
408 2503
409 2352
410 2409
411 2194
412 2261
413 2231
414 2297
415 1927
416 2246
417 2051
418 2075
419 1971
420 2037
421 1996
422 1916
423 1877
424 1942
425 1775
426 1838
427 1743
428 1760
429 1658
430 1711
431 1638
432 1656
433 1553
434 1557
435 1470
436 1491
437 1484
438 1477
439 1387
440 1402
441 1323
442 1384
443 1254
444 1284
445 1234
446 1265
447 1086
448 1289
449 1145
450 1152
451 1053
452 1173
453 1143
454 1119
455 1050
456 1049
457 1007
458 1055
459 1005
460 1061
461 1025
462 940
463 963
464 905
465 915
466 911
467 906
468 925
469 917
470 897
471 874
472 887
473 845
474 808
475 825
476 842
477 812
478 818
479 707
480 795
481 728
482 750
483 747
484 767
485 777
486 752
487 740
488 760
489 729
490 696
491 628
492 689
493 701
494 680
495 642
496 695
497 628
498 735
499 653
500 658
501 699
502 657
503 687
504 662
505 656
506 662
507 623
508 666
509 617
510 664
511 463
512 696
513 556
514 609
515 565
516 610
517 637
518 598
519 590
520 623
521 583
522 543
523 577
524 590
525 621
526 560
527 560
528 593
529 532
530 592
531 530
532 583
533 620
534 616
535 552
536 555
537 560
538 557
539 518
540 542
541 512
542 576
543 487
544 545
545 552
546 566
547 489
548 547
549 532
550 555
551 484
552 570
553 485
554 554
555 523
556 516
557 501
558 492
559 539
560 530
561 453
562 490
563 480
564 484
565 482
566 465
567 494
568 481
569 495
570 502
571 475
572 447
573 468
574 480
575 375
576 455
577 420
578 433
579 431
580 470
581 433
582 399
583 377
584 419
585 363
586 403
587 376
588 433
589 426
590 393
591 392
592 397
593 417
594 401
595 361
596 378
597 400
598 361
599 347
600 382
601 393
602 379
603 339
604 377
605 381
606 355
607 340
608 387
609 358
610 362
611 345
612 397
613 362
614 348
615 368
616 353
617 347
618 361
619 369
620 353
621 367
622 373
623 346
624 390
625 355
626 352
627 331
628 357
629 328
630 367
631 322
632 379
633 357
634 350
635 329
636 370
637 335
638 354
639 293
640 382
641 360
642 310
643 309
644 307
645 330
646 306
647 312
648 313
649 272
650 301
651 321
652 321
653 243
654 297
655 292
656 270
657 247
658 293
659 267
660 259
661 256
662 259
663 275
664 258
665 207
666 249
667 249
668 246
669 226
670 226
671 185
672 229
673 194
674 192
675 187
676 182
677 201
678 167
679 187
680 190
681 173
682 155
683 154
684 147
685 136
686 161
687 147
688 176
689 134
690 150
691 132
692 136
693 127
694 117
695 108
696 118
697 111
698 114
699 114
700 118
701 117
702 114
703 81
704 113
705 105
706 113
707 101
708 85
709 92
710 83
711 72
712 81
713 88
714 89
715 84
716 80
717 87
718 86
719 60
720 71
721 65
722 73
723 73
724 55
725 69
726 67
727 68
728 61
729 59
730 59
731 54
732 48
733 57
734 60
735 60
736 58
737 75
738 47
739 41
740 47
741 56
742 49
743 52
744 49
745 43
746 51
747 51
748 50
749 42
750 45
751 43
752 43
753 56
754 41
755 42
756 52
757 57
758 48
759 40
760 46
761 39
762 47
763 34
764 46
765 49
766 46
767 44
768 39
769 48
770 25
771 29
772 35
773 42
774 37
775 40
776 37
777 30
778 36
779 38
780 27
781 33
782 32
783 30
784 35
785 41
786 30
787 23
788 43
789 28
790 32
791 18
792 28
793 25
794 40
795 30
796 31
797 32
798 29
799 24
800 32
801 36
802 27
803 26
804 34
805 34
806 34
807 17
808 33
809 39
810 23
811 31
812 23
813 25
814 27
815 30
816 33
817 29
818 38
819 30
820 38
821 28
822 15
823 21
824 25
825 23
826 24
827 20
828 21
829 25
830 25
831 25
832 19
833 24
834 21
835 17
836 12
837 23
838 24
839 23
840 29
841 25
842 26
843 23
844 25
845 30
846 19
847 14
848 24
849 20
850 10
851 19
852 21
853 24
854 16
855 21
856 27
857 21
858 19
859 18
860 22
861 19
862 24
863 9
864 16
865 12
866 17
867 21
868 18
869 22
870 21
871 20
872 20
873 16
874 16
875 19
876 16
877 16
878 17
879 16
880 17
881 15
882 20
883 17
884 16
885 21
886 13
887 16
888 9
889 15
890 14
891 18
892 17
893 16
894 9
895 18
896 19
897 9
898 18
899 13
900 20
901 17
902 13
903 17
904 15
905 19
906 9
907 12
908 21
909 7
910 12
911 13
912 16
913 15
914 18
915 12
916 10
917 13
918 17
919 11
920 18
921 10
922 16
923 9
924 11
925 12
926 12
927 9
928 11
929 16
930 10
931 15
932 8
933 14
934 12
935 11
936 14
937 15
938 14
939 11
940 19
941 11
942 16
943 17
944 14
945 11
946 12
947 9
948 11
949 13
950 17
951 7
952 11
953 11
954 10
955 12
956 15
957 8
958 11
959 11
960 15
961 13
962 16
963 5
964 12
965 17
966 5
967 15
968 14
969 9
970 11
971 7
972 9
973 15
974 10
975 13
976 15
977 12
978 13
979 9
980 8
981 9
982 12
983 3
984 6
985 10
986 7
987 7
988 9
989 7
990 11
991 5
992 11
993 8
994 11
995 11
996 8
997 10
998 9
999 11
1000 11
1001 6
1002 10
1003 8
1004 8
1005 11
1006 9
1007 8
1008 10
1009 7
1010 4
1011 10
1012 5
1013 8
1014 8
1015 12
1016 4
1017 9
1018 8
1019 8
1020 8
1021 8
1022 7
1023 8
1024 12
1025 8
1026 7
1027 9
1028 6
1029 10
1030 5
1031 7
1032 6
1033 4
1034 11
1035 8
1036 5
1037 7
1038 6
1039 6
1040 8
1041 11
1042 6
1043 7
1044 6
1045 12
1046 8
1047 3
1048 6
1049 6
1050 12
1051 6
1052 5
1053 11
1054 4
1055 4
1056 8
1057 8
1058 7
1059 6
1060 0
1061 3
1062 3
1063 2
1064 13
1065 4
1066 7
1067 8
1068 11
1069 7
1070 6
1071 8
1072 12
1073 10
1074 3
1075 7
1076 5
1077 5
1078 7
1079 4
1080 6
1081 10
1082 6
1083 5
1084 3
1085 9
1086 7
1087 8
1088 11
1089 3
1090 6
1091 8
1092 3
1093 9
1094 7
1095 6
1096 3
1097 4
1098 9
1099 5
1100 6
1101 5
1102 8
1103 5
1104 9
1105 14
1106 12
1107 5
1108 9
1109 10
1110 6
1111 4
1112 6
1113 12
1114 7
1115 8
1116 6
1117 7
1118 8
1119 6
1120 8
1121 11
1122 6
1123 11
1124 10
1125 8
1126 4
1127 4
1128 7
1129 5
1130 8
1131 7
1132 9
1133 13
1134 11
1135 4
1136 7
1137 6
1138 9
1139 10
1140 3
1141 2
1142 11
1143 8
1144 7
1145 6
1146 4
1147 4
1148 10
1149 5
1150 7
1151 7
1152 13
1153 3
1154 8
1155 5
1156 9
1157 2
1158 3
1159 6
1160 8
1161 6
1162 9
1163 5
1164 9
1165 7
1166 7
1167 3
1168 8
1169 14
1170 9
1171 5
1172 7
1173 7
1174 7
1175 7
1176 6
1177 4
1178 10
1179 5
1180 11
1181 10
1182 8
1183 3
1184 7
1185 6
1186 5
1187 5
1188 8
1189 2
1190 4
1191 8
1192 7
1193 8
1194 6
1195 4
1196 8
1197 6
1198 5
1199 7
1200 12
1201 11
1202 5
1203 7
1204 16
1205 2
1206 5
1207 11
1208 6
1209 5
1210 6
1211 4
1212 9
1213 10
1214 9
1215 4
1216 7
1217 9
1218 7
1219 5
1220 6
1221 5
1222 10
1223 8
1224 13
1225 6
1226 6
1227 13
1228 6
1229 6
1230 9
1231 13
1232 8
1233 6
1234 8
1235 8
1236 10
1237 6
1238 3
1239 9
1240 4
1241 7
1242 7
1243 6
1244 3
1245 7
1246 5
1247 8
1248 8
1249 6
1250 7
1251 3
1252 10
1253 10
1254 9
1255 3
1256 9
1257 7
1258 12
1259 6
1260 9
1261 5
1262 7
1263 5
1264 3
1265 9
1266 6
1267 8
1268 4
1269 9
1270 10
1271 11
1272 4
1273 6
1274 5
1275 3
1276 8
1277 3
1278 9
1279 6
1280 6
1281 2
1282 10
1283 6
1284 14
1285 10
1286 10
1287 8
1288 6
1289 6
1290 7
1291 5
1292 4
1293 3
1294 4
1295 4
1296 2
1297 4
1298 5
1299 5
1300 8
1301 4
1302 10
1303 5
1304 5
1305 4
1306 3
1307 6
1308 6
1309 5
1310 3
1311 7
1312 5
1313 5
1314 5
1315 4
1316 11
1317 3
1318 8
1319 6
1320 10
1321 7
1322 6
1323 5
1324 7
1325 7
1326 7
1327 4
1328 7
1329 2
1330 3
1331 4
1332 5
1333 6
1334 10
1335 7
1336 3
1337 4
1338 5
1339 5
1340 8
1341 3
1342 8
1343 2
1344 9
1345 2
1346 8
1347 2
1348 6
1349 2
1350 1
1351 6
1352 4
1353 11
1354 4
1355 7
1356 5
1357 2
1358 7
1359 3
1360 4
1361 4
1362 4
1363 7
1364 4
1365 6
1366 9
1367 2
1368 3
1369 3
1370 4
1371 3
1372 6
1373 3
1374 5
1375 6
1376 3
1377 2
1378 4
1379 4
1380 3
1381 8
1382 6
1383 1
1384 1
1385 1
1386 3
1387 3
1388 1
1389 5
1390 3
1391 3
1392 2
1393 3
1394 6
1395 3
1396 1
1397 3
1398 1
1399 2
1400 3
1401 1
1402 4
1403 3
1404 4
1405 1
1406 1
1407 1
1408 6
1409 0
1410 4
1411 3
1412 8
1413 2
1414 1
1415 1
1416 1
1417 2
1418 3
1419 2
1420 2
1421 3
1422 4
1423 1
1424 2
1425 5
1426 3
1427 0
1428 1
1429 0
1430 4
1431 2
1432 3
1433 0
1434 2
1435 2
1436 1
1437 5
1438 4
1439 1
1440 6
1441 3
1442 0
1443 2
1444 0
1445 0
1446 4
1447 1
1448 2
1449 2
1450 2
1451 2
1452 3
1453 3
1454 2
1455 2
1456 2
1457 2
1458 0
1459 3
1460 1
1461 1
1462 3
1463 2
1464 2
1465 1
1466 0
1467 2
1468 2
1469 4
1470 0
1471 1
1472 1
1473 1
1474 1
1475 0
1476 1
1477 1
1478 0
1479 0
1480 2
1481 0
1482 1
1483 3
1484 1
1485 0
1486 0
1487 1
1488 1
1489 0
1490 2
1491 0
1492 0
1493 2
1494 1
1495 1
1496 1
1497 1
1498 0
1499 0
1500 0
1501 2
1502 0
1503 0
1504 0
1505 0
1506 2
1507 1
1508 0
1509 0
1510 0
1511 1
1512 0
1513 0
1514 1
1515 2
1516 0
1517 0
1518 1
1519 0
1520 0
1521 0
1522 1
1523 1
1524 3
1525 0
1526 0
1527 0
1528 0
1529 0
1530 0
1531 0
1532 1
1533 0
1534 0
1535 2
1536 0
1537 0
1538 0
1539 1
1540 0
1541 2
1542 1
1543 0
1544 0
1545 1
1546 1
1547 0
1548 1
1549 1
1550 0
1551 0
1552 0
1553 0
1554 0
1555 0
1556 0
1557 0
1558 1
1559 0
1560 0
1561 0
1562 0
1563 0
1564 0
1565 0
1566 0
1567 0
1568 0
1569 0
1570 0
1571 0
1572 0
1573 0
1574 1
1575 0
1576 0
1577 0
1578 0
1579 0
1580 0
1581 2
1582 1
1583 0
1584 0
1585 0
1586 1
1587 0
1588 0
1589 0
1590 0
1591 0
1592 0
1593 0
1594 1
1595 0
1626 0
1627 1
1628 0
1629 0
1630 0
1631 0
1632 0
1633 1
1634 0
1672 0
1673 1
1674 0
1675 0
1676 0
1677 0
1678 0
1679 0
1680 0
1681 0
1682 0
1683 0
1684 0
1685 0
1686 0
1687 0
1688 0
1689 0
1690 0
1691 0
1692 1
1693 0
1694 0
1695 0
1696 1
1697 0
1698 0
1699 0
1700 0
1701 0
1702 0
1703 0
1704 0
1705 0
1706 0
1707 0
1708 0
1709 1
1710 0
1733 0
1734 1
1735 0
1801 0
1802 1
1803 0
1883 0
1884 1
1885 0
1937 0
1938 1
1939 0
2054 0
2055 1
2056 0
2057 0
2058 0
2059 0
2060 0
2061 0
2062 0
2063 0
2064 0
2065 0
2066 0
2067 0
2068 0
2069 0
2070 0
2071 0
2072 0
2073 1
2074 0
2075 0
2076 0
2077 0
2078 0
2079 0
2080 0
2081 0
2082 0
2083 0
2084 0
2085 0
2086 0
2087 0
2088 0
2089 0
2090 1
2091 0
2127 0
2128 1
2129 0
2200 0
2201 1
2202 0
2203 0
2204 0
2205 0
2206 0
2207 0
2208 0
2209 0
2210 0
2211 0
2212 0
2213 0
2214 0
2215 0
2216 0
2217 0
2218 1
2219 0
2285 0
2286 1
2287 0
2534 0
2535 1
2536 0
2631 0
2632 1
2633 0
2864 0
2865 1
2866 0
2931 0
2932 1
2933 0
4094 0
4095 2651
OK
