Histogram of ADC2:
0 3129
1 4560
2 8873
3 14542
4 24064
5 36960
6 49550
7 57699
8 59029
9 52952
10 59651
11 88273
12 117577
13 101986
14 56117
15 32650
16 23998
17 19192
18 17274
19 16088
20 14056
21 9183
22 4386
23 1602
24 545
25 219
26 111
27 58
28 27
29 20
30 14
31 14
32 6
33 9
34 16
35 10
36 12
37 12
38 6
39 15
40 7
41 6
42 6
43 10
44 5
45 7
46 5
47 3
48 7
49 4
50 1
51 1
52 0
53 2
54 0
55 0
56 0
57 1
58 0
311 0
312 1
313 0
536 0
537 1
538 0
796 0
797 1
798 0
853 0
854 1
855 0
918 0
919 1
920 0
994 0
995 1
996 0
1052 0
1053 1
1054 0
1055 0
1056 0
1057 0
1058 0
1059 0
1060 0
1061 0
1062 0
1063 0
1064 0
1065 0
1066 0
1067 0
1068 0
1069 0
1070 0
1071 1
1072 0
1179 0
1180 1
1181 0
1220 0
1221 1
1222 0
1260 0
1261 1
1262 0
1263 0
1264 0
1265 0
1266 0
1267 0
1268 0
1269 0
1270 0
1271 0
1272 0
1273 0
1274 0
1275 1
1276 0
1277 0
1278 0
1279 0
1280 0
1281 1
1282 0
1308 0
1309 1
1310 0
1311 0
1312 0
1313 0
1314 0
1315 0
1316 0
1317 0
1318 0
1319 0
1320 0
1321 0
1322 1
1323 0
1460 0
1461 1
1462 0
1504 0
1505 1
1506 0
1507 0
1508 1
1509 0
1510 0
1511 0
1512 1
1513 0
1514 0
1515 0
1516 0
1517 1
1518 0
1542 0
1543 1
1544 1
1545 0
1546 1
1547 0
1574 0
1575 1
1576 0
1577 0
1578 0
1579 0
1580 0
1581 0
1582 0
1583 0
1584 0
1585 0
1586 0
1587 0
1588 0
1589 0
1590 1
1591 0
1592 0
1593 0
1594 0
1595 1
1596 0
1597 0
1598 0
1599 0
1600 0
1601 0
1602 0
1603 0
1604 0
1605 0
1606 0
1607 0
1608 0
1609 0
1610 1
1611 0
1612 0
1613 0
1614 0
1615 0
1616 0
1617 0
1618 0
1619 0
1620 0
1621 0
1622 1
1623 1
1624 0
1625 0
1626 0
1627 0
1628 0
1629 0
1630 1
1631 0
1684 0
1685 2
1686 0
1719 0
1720 1
1721 0
1722 0
1723 0
1724 0
1725 0
1726 0
1727 0
1728 1
1729 0
1730 0
1731 0
1732 0
1733 0
1734 0
1735 0
1736 1
1737 0
1738 0
1739 0
1740 0
1741 0
1742 0
1743 0
1744 0
1745 0
1746 0
1747 0
1748 0
1749 2
1750 0
1751 0
1752 1
1753 1
1754 0
1755 0
1756 1
1757 0
1758 0
1759 1
1760 1
1761 1
1762 0
1763 0
1764 0
1765 2
1766 1
1767 0
1768 2
1769 0
1770 1
1771 0
1772 0
1773 0
1774 1
1775 2
1776 1
1777 1
1778 1
1779 0
1780 1
1781 0
1782 1
1783 3
1784 1
1785 0
1786 1
1787 1
1788 0
1789 0
1790 2
1791 0
1792 4
1793 3
1794 0
1795 0
1796 1
1797 0
1798 2
1799 0
1800 0
1801 1
1802 0
1803 1
1804 0
1805 1
1806 4
1807 0
1808 2
1809 3
1810 3
1811 0
1812 0
1813 0
1814 0
1815 1
1816 2
1817 1
1818 1
1819 1
1820 1
1821 2
1822 1
1823 1
1824 0
1825 1
1826 0
1827 1
1828 0
1829 0
1830 2
1831 1
1832 2
1833 1
1834 0
1835 1
1836 0
1837 2
1838 1
1839 0
1840 1
1841 2
1842 0
1843 2
1844 1
1845 3
1846 0
1847 1
1848 0
1849 2
1850 3
1851 2
1852 2
1853 0
1854 2
1855 0
1856 1
1857 0
1858 1
1859 1
1860 0
1861 1
1862 1
1863 3
1864 1
1865 0
1866 1
1867 1
1868 0
1869 0
1870 0
1871 0
1872 1
1873 0
1874 0
1875 0
1876 0
1877 1
1878 0
1879 1
1880 0
1881 0
1882 0
1883 0
1884 0
1885 0
1886 0
1887 0
1888 0
1889 0
1890 1
1891 0
1892 0
1893 0
1894 0
1895 0
1896 0
1897 0
1898 0
1899 0
1900 1
1901 0
2055 0
2056 1
2057 0
OK
