Histogram of ADC0:
0 3427
1 71
2 80
3 86
4 88
5 117
6 100
7 99
8 100
9 95
10 94
11 93
12 97
13 116
14 114
15 103
16 120
17 110
18 127
19 125
20 126
21 141
22 156
23 127
24 153
25 122
26 161
27 133
28 143
29 156
30 180
31 134
32 185
33 187
34 181
35 197
36 164
37 197
38 181
39 182
40 193
41 196
42 212
43 225
44 225
45 217
46 221
47 247
48 237
49 221
50 233
51 239
52 247
53 245
54 262
55 234
56 266
57 262
58 294
59 283
60 275
61 311
62 297
63 249
64 278
65 307
66 297
67 306
68 326
69 327
70 321
71 321
72 367
73 342
74 360
75 347
76 354
77 372
78 359
79 338
80 354
81 400
82 352
83 407
84 374
85 390
86 431
87 427
88 401
89 415
90 479
91 448
92 444
93 460
94 432
95 370
96 461
97 457
98 491
99 453
100 489
101 499
102 504
103 500
104 504
105 455
106 507
107 502
108 567
109 499
110 580
111 570
112 516
113 582
114 563
115 563
116 615
117 594
118 587
119 624
120 639
121 603
122 611
123 643
124 654
125 676
126 670
127 674
128 691
129 680
130 693
131 671
132 739
133 693
134 744
135 759
136 713
137 719
138 774
139 776
140 785
141 797
142 770
143 820
144 831
145 813
146 817
147 755
148 853
149 908
150 864
151 876
152 870
153 846
154 872
155 884
156 968
157 972
158 899
159 856
160 913
161 916
162 961
163 933
164 958
165 975
166 970
167 969
168 965
169 989
170 970
171 992
172 1061
173 987
174 994
175 1083
176 1077
177 1025
178 1068
179 1033
180 1119
181 1143
182 1125
183 1103
184 1202
185 1153
186 1142
187 1150
188 1127
189 1193
190 1148
191 1089
192 1245
193 1225
194 1256
195 1211
196 1251
197 1262
198 1294
199 1255
200 1306
201 1284
202 1331
203 1306
204 1373
205 1382
206 1315
207 1324
208 1415
209 1338
210 1404
211 1386
212 1441
213 1431
214 1432
215 1490
216 1433
217 1482
218 1420
219 1514
220 1515
221 1608
222 1462
223 1473
224 1599
225 1612
226 1651
227 1566
228 1654
229 1714
230 1657
231 1641
232 1781
233 1791
234 1705
235 1649
236 1745
237 1699
238 1773
239 1822
240 1749
241 1862
242 1827
243 1698
244 1857
245 1944
246 1779
247 1958
248 1894
249 1944
250 1849
251 1849
252 1948
253 1918
254 1999
255 1830
256 2062
257 1958
258 2014
259 1924
260 2016
261 1997
262 2089
263 2016
264 2089
265 2041
266 2074
267 2096
268 2088
269 2131
270 2192
271 2035
272 2230
273 2202
274 2097
275 2099
276 2174
277 2206
278 2216
279 2162
280 2241
281 2191
282 2153
283 2217
284 2295
285 2241
286 2244
287 2001
288 2323
289 2223
290 2284
291 2164
292 2239
293 2286
294 2254
295 2242
296 2300
297 2237
298 2347
299 2263
300 2282
301 2350
302 2395
303 2298
304 2332
305 2284
306 2303
307 2183
308 2309
309 2332
310 2322
311 2324
312 2367
313 2327
314 2267
315 2353
316 2397
317 2438
318 2395
319 2100
320 2539
321 2428
322 2455
323 2279
324 2512
325 2440
326 2482
327 2451
328 2548
329 2469
330 2609
331 2465
332 2579
333 2658
334 2544
335 2508
336 2668
337 2605
338 2575
339 2470
340 2674
341 2586
342 2708
343 2654
344 2664
345 2701
346 2838
347 2697
348 2855
349 2831
350 2834
351 2539
352 2977
353 2921
354 2912
355 2888
356 2980
357 3139
358 2943
359 2944
360 3141
361 3047
362 3086
363 2980
364 3187
365 3117
366 3150
367 3150
368 3296
369 3243
370 3223
371 3102
372 3303
373 3430
374 3307
375 3400
376 3447
377 3300
378 3416
379 3377
380 3531
381 3421
382 3497
383 3249
384 3816
385 3562
386 3591
387 3368
388 3688
389 3521
390 3458
391 3440
392 3626
393 3581
394 3630
395 3407
396 3696
397 3687
398 3607
399 3503
400 3579
401 3426
402 3567
403 3333
404 3600
405 3408
406 3350
407 3275
408 3384
409 3207
410 3402
411 3122
412 3151
413 3158
414 3144
415 2721
416 3299
417 2923
418 3095
419 2784
420 2948
421 2866
422 2791
423 2699
424 2713
425 2465
426 2586
427 2342
428 2453
429 2402
430 2283
431 2343
432 2294
433 2150
434 2307
435 1943
436 2111
437 2042
438 1967
439 1831
440 1854
441 1768
442 1786
443 1608
444 1782
445 1683
446 1603
447 1381
448 1680
449 1487
450 1577
451 1367
452 1491
453 1444
454 1429
455 1287
456 1397
457 1278
458 1268
459 1167
460 1235
461 1207
462 1218
463 1132
464 1203
465 1130
466 1141
467 1078
468 1091
469 1076
470 1007
471 1056
472 995
473 987
474 988
475 1007
476 1004
477 1052
478 983
479 861
480 963
481 939
482 962
483 867
484 954
485 950
486 839
487 838
488 923
489 879
490 914
491 828
492 858
493 872
494 778
495 769
496 785
497 796
498 847
499 774
500 821
501 797
502 728
503 788
504 811
505 778
506 810
507 728
508 793
509 740
510 772
511 565
512 800
513 755
514 790
515 731
516 767
517 731
518 715
519 651
520 777
521 728
522 716
523 656
524 689
525 697
526 680
527 687
528 759
529 699
530 793
531 660
532 688
533 658
534 660
535 672
536 739
537 646
538 709
539 644
540 661
541 677
542 723
543 528
544 708
545 680
546 663
547 620
548 672
549 644
550 701
551 611
552 669
553 624
554 614
555 641
556 647
557 628
558 603
559 636
560 634
561 637
562 631
563 583
564 641
565 600
566 628
567 577
568 651
569 606
570 640
571 572
572 624
573 535
574 577
575 470
576 615
577 584
578 602
579 534
580 566
581 514
582 548
583 516
584 552
585 556
586 566
587 526
588 603
589 489
590 512
591 510
592 534
593 516
594 553
595 487
596 545
597 536
598 485
599 511
600 531
601 482
602 493
603 464
604 500
605 516
606 513
607 406
608 508
609 469
610 462
611 447
612 452
613 437
614 463
615 507
616 441
617 459
618 475
619 457
620 430
621 449
622 477
623 451
624 470
625 399
626 412
627 426
628 406
629 414
630 384
631 377
632 411
633 420
634 421
635 357
636 429
637 362
638 374
639 322
640 412
641 374
642 366
643 331
644 373
645 355
646 369
647 337
648 331
649 359
650 344
651 332
652 331
653 310
654 326
655 300
656 348
657 320
658 320
659 312
660 348
661 316
662 263
663 272
664 289
665 311
666 308
667 253
668 288
669 287
670 309
671 191
672 271
673 259
674 266
675 243
676 247
677 249
678 245
679 236
680 225
681 240
682 253
683 205
684 216
685 202
686 232
687 208
688 186
689 197
690 215
691 188
692 195
693 174
694 182
695 163
696 183
697 172
698 176
699 174
700 188
701 152
702 141
703 144
704 137
705 148
706 148
707 135
708 145
709 139
710 150
711 123
712 138
713 111
714 110
715 107
716 110
717 108
718 116
719 97
720 86
721 102
722 97
723 100
724 77
725 88
726 96
727 84
728 95
729 82
730 78
731 75
732 61
733 74
734 70
735 61
736 59
737 69
738 66
739 52
740 66
741 68
742 52
743 57
744 70
745 39
746 53
747 46
748 54
749 49
750 44
751 41
752 46
753 46
754 47
755 42
756 42
757 32
758 41
759 35
760 36
761 20
762 29
763 33
764 34
765 21
766 34
767 22
768 30
769 23
770 31
771 25
772 21
773 23
774 21
775 17
776 25
777 16
778 25
779 15
780 22
781 16
782 29
783 13
784 18
785 20
786 11
787 7
788 17
789 23
790 17
791 13
792 19
793 15
794 11
795 9
796 17
797 12
798 15
799 13
800 11
801 13
802 5
803 3
804 4
805 5
806 9
807 8
808 8
809 9
810 6
811 12
812 6
813 10
814 8
815 8
816 3
817 12
818 5
819 6
820 8
821 15
822 6
823 10
824 3
825 8
826 5
827 10
828 9
829 9
830 5
831 4
832 5
833 7
834 8
835 2
836 6
837 5
838 7
839 4
840 7
841 3
842 3
843 5
844 6
845 7
846 4
847 5
848 2
849 3
850 7
851 4
852 5
853 2
854 6
855 4
856 3
857 4
858 3
859 6
860 4
861 3
862 5
863 3
864 6
865 8
866 3
867 3
868 4
869 4
870 3
871 5
872 2
873 2
874 3
875 1
876 3
877 4
878 0
879 1
880 2
881 3
882 5
883 3
884 3
885 4
886 4
887 2
888 0
889 3
890 3
891 0
892 2
893 1
894 2
895 2
896 0
897 3
898 0
899 3
900 3
901 0
902 4
903 1
904 2
905 1
906 2
907 0
908 1
909 1
910 1
911 2
912 4
913 1
914 1
915 1
916 1
917 2
918 3
919 0
920 1
921 1
922 1
923 2
924 2
925 1
926 0
927 3
928 0
929 1
930 2
931 2
932 0
933 1
934 0
935 0
936 0
937 2
938 1
939 2
940 0
941 1
942 0
943 2
944 2
945 0
946 2
947 2
948 1
949 3
950 1
951 1
952 1
953 2
954 1
955 0
956 2
957 0
958 0
959 0
960 0
961 1
962 2
963 2
964 2
965 1
966 0
967 0
968 0
969 0
970 0
971 0
972 1
973 1
974 1
975 0
976 1
977 2
978 0
979 0
980 0
981 1
982 1
983 0
984 0
985 0
986 0
987 1
988 0
989 0
990 0
991 2
992 2
993 0
994 1
995 1
996 1
997 0
998 0
999 1
1000 2
1001 0
1002 1
1003 0
1004 0
1005 0
1006 0
1007 0
1008 0
1009 0
1010 1
1011 1
1012 1
1013 0
1014 0
1015 1
1016 0
1017 0
1018 0
1019 0
1020 0
1021 0
1022 0
1023 0
1024 0
1025 0
1026 0
1027 2
1028 0
1029 0
1030 1
1031 2
1032 1
1033 0
1034 0
1035 1
1036 1
1037 1
1038 1
1039 1
1040 0
1041 0
1042 1
1043 0
1044 0
1045 0
1046 0
1047 0
1048 2
1049 1
1050 1
1051 0
1052 0
1053 1
1054 1
1055 0
1056 1
1057 1
1058 0
1059 0
1060 0
1061 0
1062 0
1063 0
1064 0
1065 1
1066 3
1067 0
1068 0
1069 0
1070 0
1071 1
1072 1
1073 1
1074 0
1075 0
1076 0
1077 0
1078 0
1079 0
1080 0
1081 0
1082 1
1083 0
1084 1
1085 0
1086 0
1087 0
1088 1
1089 0
1090 1
1091 1
1092 0
1093 0
1094 0
1095 1
1096 1
1097 0
1098 0
1099 0
1100 1
1101 0
1102 0
1103 1
1104 2
1105 0
1106 0
1107 1
1108 0
1109 0
1110 0
1111 1
1112 0
1113 0
1114 0
1115 0
1116 0
1117 0
1118 3
1119 1
1120 0
1121 1
1122 1
1123 0
1124 0
1125 0
1126 0
1127 0
1128 0
1129 0
1130 0
1131 1
1132 0
1133 1
1134 0
1135 0
1136 0
1137 0
1138 1
1139 0
1140 0
1141 0
1142 0
1143 2
1144 1
1145 0
1146 0
1147 0
1148 0
1149 0
1150 0
1151 0
1152 1
1153 0
1154 0
1155 0
1156 0
1157 0
1158 1
1159 0
1160 0
1161 0
1162 0
1163 0
1164 1
1165 0
1166 0
1167 0
1168 0
1169 2
1170 0
1171 0
1172 0
1173 1
1174 0
1175 0
1176 0
1177 0
1178 0
1179 0
1180 0
1181 1
1182 0
1183 1
1184 0
1185 0
1186 0
1187 1
1188 0
1189 1
1190 0
1191 1
1192 0
1193 0
1194 0
1195 0
1196 0
1197 1
1198 1
1199 0
1200 0
1201 0
1202 1
1203 0
1204 0
1205 0
1206 0
1207 0
1208 0
1209 0
1210 0
1211 0
1212 0
1213 0
1214 1
1215 0
1216 0
1217 0
1218 0
1219 0
1220 1
1221 0
1222 0
1223 0
1224 0
1225 0
1226 0
1227 0
1228 0
1229 1
1230 0
1231 1
1232 1
1233 1
1234 0
1235 0
1236 0
1237 0
1238 1
1239 1
1240 0
1241 0
1242 0
1243 0
1244 1
1245 0
1246 1
1247 0
1248 0
1249 1
1250 0
1251 0
1252 0
1253 0
1254 0
1255 0
1256 0
1257 0
1258 1
1259 0
1260 3
1261 0
1281 0
1282 1
1283 1
1284 0
1285 0
1286 0
1287 1
1288 0
1289 0
1290 0
1291 0
1292 0
1293 0
1294 0
1295 0
1296 1
1297 1
1298 0
1299 0
1300 0
1301 0
1302 0
1303 0
1304 0
1305 0
1306 0
1307 0
1308 0
1309 0
1310 0
1311 0
1312 0
1313 2
1314 0
1315 0
1316 0
1317 0
1318 0
1319 0
1320 1
1321 0
1322 0
1323 0
1324 0
1325 0
1326 0
1327 0
1328 0
1329 0
1330 1
1331 0
1332 0
1333 0
1334 0
1335 0
1336 0
1337 0
1338 0
1339 0
1340 0
1341 0
1342 2
1343 0
1344 0
1345 0
1346 0
1347 0
1348 2
1349 1
1350 0
1351 0
1352 0
1353 0
1354 1
1355 0
1356 0
1357 0
1358 0
1359 0
1360 0
1361 0
1362 0
1363 0
1364 1
1365 0
1366 1
1367 0
1368 0
1369 0
1370 1
1371 0
1372 0
1373 0
1374 0
1375 0
1376 1
1377 0
1378 0
1379 0
1380 0
1381 0
1382 1
1383 0
1384 1
1385 0
1386 0
1387 0
1388 0
1389 0
1390 0
1391 0
1392 0
1393 0
1394 0
1395 0
1396 0
1397 0
1398 1
1399 0
1400 0
1401 1
1402 0
1422 0
1423 1
1424 0
1425 1
1426 0
1427 0
1428 0
1429 0
1430 0
1431 0
1432 1
1433 0
1516 0
1517 1
1518 0
1548 0
1549 1
1550 0
1551 0
1552 0
1553 0
1554 0
1555 0
1556 0
1557 1
1558 0
1706 0
1707 1
1708 0
2055 0
2056 1
2057 0
4094 0
4095 150
OK
