Histogram of ADC12:
7 0
8 32
9 1019
10 290714
11 538471
12 44157
13 154
14 2
15 1
16 0
17 0
18 0
19 0
20 0
21 0
22 0
23 0
24 0
25 0
26 0
27 0
28 0
29 0
30 0
31 0
32 0
33 0
34 0
35 1
36 0
37 0
38 0
39 0
40 0
41 0
42 0
43 0
44 0
45 0
46 0
47 0
48 0
49 0
50 0
51 0
52 0
53 0
54 1
55 0
56 0
57 0
58 0
59 0
60 0
61 0
62 0
63 0
64 0
65 0
66 0
67 0
68 0
69 0
70 0
71 0
72 0
73 0
74 0
75 1
76 0
77 0
78 0
79 0
80 1
81 0
82 0
83 0
84 1
85 0
86 0
87 0
88 0
89 0
90 1
91 0
92 0
93 0
94 1
95 0
96 1
97 0
98 0
99 0
100 0
101 0
102 0
103 0
104 1
105 0
106 0
107 1
108 0
109 0
110 1
111 1
112 1
113 0
114 1
115 1
116 0
117 0
118 0
119 0
120 0
121 0
122 0
123 0
124 0
125 0
126 1
127 0
128 0
129 1
130 3
131 0
132 1
133 2
134 0
135 1
136 1
137 1
138 1
139 2
140 1
141 0
142 0
143 0
144 2
145 0
146 0
147 1
148 2
149 2
150 6
151 6
152 11
153 15
154 15
155 10
156 8
157 14
158 16
159 7
160 3
161 1
162 1
163 0
2054 0
2055 1
2056 0
OK
