Histogram of ADC2:
0 2476
1 4057
2 8017
3 13326
4 22501
5 35585
6 48058
7 56139
8 58270
9 53463
10 58777
11 85099
12 114778
13 102271
14 59137
15 34575
16 25746
17 20318
18 17676
19 16213
20 13798
21 9101
22 4665
23 2007
24 950
25 625
26 506
27 381
28 313
29 289
30 307
31 231
32 260
33 232
34 205
35 260
36 208
37 207
38 185
39 200
40 167
41 171
42 144
43 142
44 147
45 121
46 134
47 114
48 122
49 112
50 107
51 76
52 68
53 80
54 75
55 58
56 67
57 65
58 46
59 68
60 49
61 45
62 34
63 37
64 26
65 28
66 23
67 27
68 12
69 9
70 13
71 4
72 4
73 5
74 2
75 3
76 1
77 1
78 4
79 0
80 0
81 0
82 0
83 0
84 0
85 0
86 0
87 0
88 1
89 0
143 0
144 1
145 0
256 0
257 1
258 0
535 0
536 1
537 0
705 0
706 1
707 0
950 0
951 1
952 0
953 0
954 0
955 0
956 0
957 0
958 0
959 0
960 0
961 0
962 1
963 0
1043 0
1044 1
1045 0
1372 0
1373 1
1374 0
1465 0
1466 1
1467 0
1468 0
1469 0
1470 0
1471 0
1472 0
1473 0
1474 0
1475 1
1476 0
1695 0
1696 1
1697 0
2000 0
2001 1
2002 0
2054 0
2055 1
2056 0
2229 0
2230 1
2231 0
2372 0
2373 1
2374 0
2570 0
2571 1
2572 0
2602 0
2603 1
2604 0
2932 0
2933 1
2934 0
3503 0
3504 1
3505 0
3538 0
3539 1
3540 0
3647 0
3648 1
3649 0
3650 0
3651 0
3652 0
3653 0
3654 0
3655 0
3656 0
3657 0
3658 0
3659 0
3660 0
3661 0
3662 0
3663 0
3664 1
3665 0
3685 0
3686 1
3687 0
3770 0
3771 1
3772 0
3773 0
3774 1
3775 0
3820 0
3821 1
3822 0
3845 0
3846 1
3847 0
3869 0
3870 1
3871 0
3970 0
3971 1
3972 0
3973 1
3974 2
3975 0
3976 1
3977 1
3978 1
3979 0
3980 1
3981 4
3982 3
3983 0
3984 5
3985 2
3986 7
3987 4
3988 8
3989 14
3990 11
3991 21
3992 11
3993 2
3994 2
3995 0
OK
