Histogram of ADC12:
7 0
8 30
9 848
10 277082
11 543976
12 47619
13 2433
14 1188
15 525
16 118
17 5
18 1
19 0
20 0
21 0
22 0
23 0
24 0
25 0
26 0
27 0
28 0
29 1
30 0
53 0
54 1
55 0
56 0
57 0
58 0
59 0
60 0
61 0
62 0
63 0
64 0
65 0
66 0
67 0
68 0
69 1
70 0
71 0
72 0
73 0
74 0
75 0
76 0
77 0
78 0
79 0
80 0
81 0
82 0
83 0
84 0
85 0
86 0
87 0
88 0
89 0
90 2
91 0
92 0
93 0
94 0
95 0
96 0
97 1
98 0
124 0
125 1
126 0
127 0
128 0
129 0
130 0
131 0
132 1
133 1
134 0
135 0
136 0
137 0
138 0
139 0
140 0
141 0
142 0
143 0
144 0
145 0
146 0
147 0
148 0
149 0
150 0
151 1
152 0
176 0
177 1
178 0
179 0
180 0
181 0
182 0
183 0
184 0
185 0
186 0
187 0
188 0
189 0
190 0
191 0
192 0
193 0
194 0
195 0
196 0
197 1
198 0
199 0
200 0
201 0
202 0
203 0
204 0
205 0
206 0
207 0
208 0
209 0
210 1
211 0
212 0
213 0
214 0
215 0
216 0
217 0
218 0
219 0
220 0
221 0
222 0
223 0
224 0
225 0
226 0
227 1
228 0
229 1
230 0
258 0
259 1
260 0
337 0
338 1
339 0
340 0
341 0
342 0
343 0
344 0
345 0
346 0
347 0
348 0
349 1
350 0
379 0
380 1
381 0
382 0
383 0
384 0
385 0
386 1
387 0
388 0
389 0
390 0
391 0
392 0
393 0
394 1
395 0
430 0
431 1
432 1
433 0
457 0
458 1
459 0
460 0
461 0
462 0
463 0
464 0
465 0
466 0
467 0
468 0
469 0
470 0
471 0
472 0
473 0
474 0
475 0
476 0
477 0
478 0
479 1
480 0
481 0
482 0
483 0
484 0
485 0
486 0
487 0
488 0
489 0
490 0
491 0
492 0
493 0
494 0
495 1
496 0
667 0
668 1
669 0
670 0
671 0
672 0
673 0
674 0
675 0
676 0
677 0
678 0
679 1
680 0
681 0
682 0
683 0
684 0
685 0
686 0
687 0
688 1
689 0
690 0
691 0
692 0
693 0
694 0
695 0
696 0
697 0
698 0
699 0
700 0
701 0
702 0
703 0
704 0
705 0
706 0
707 1
708 0
709 0
710 0
711 0
712 1
713 0
714 0
715 0
716 0
717 0
718 0
719 0
720 0
721 0
722 0
723 0
724 0
725 1
726 1
727 0
728 0
729 0
730 0
731 0
732 0
733 0
734 0
735 0
736 0
737 1
738 3
739 1
740 1
741 0
742 0
743 2
744 1
745 1
746 1
747 0
748 2
749 1
750 0
751 0
752 0
753 0
754 0
755 0
756 1
757 0
758 1
759 1
760 1
761 0
762 0
763 2
764 1
765 1
766 0
767 0
768 0
769 1
770 0
771 0
772 2
773 0
774 0
775 0
776 0
777 2
778 0
779 1
780 2
781 2
782 0
783 1
784 1
785 1
786 3
787 0
788 1
789 0
790 2
791 0
792 0
793 1
794 0
795 1
796 2
797 1
798 0
799 1
800 0
801 0
802 0
803 1
804 1
805 2
806 2
807 4
808 1
809 1
810 0
811 0
812 3
813 2
814 0
815 0
816 1
817 0
818 0
819 0
820 1
821 1
822 1
823 2
824 0
825 0
826 3
827 0
828 0
829 1
830 2
831 0
832 1
833 1
834 0
835 1
836 1
837 0
838 0
839 0
840 0
841 0
842 1
843 0
844 0
845 0
846 4
847 1
848 0
849 0
850 1
851 2
852 0
853 0
854 0
855 0
856 0
857 0
858 0
859 0
860 0
861 0
862 1
863 0
864 0
865 2
866 0
867 0
868 0
869 0
870 0
871 0
872 0
873 2
874 1
875 0
2054 0
2055 1
2056 0
OK
