Histogram of ADC0:
0 2700
1 60
2 60
3 68
4 56
5 76
6 80
7 78
8 64
9 71
10 81
11 87
12 87
13 81
14 67
15 96
16 98
17 91
18 90
19 69
20 91
21 96
22 112
23 109
24 96
25 113
26 102
27 129
28 122
29 103
30 126
31 109
32 133
33 124
34 136
35 128
36 132
37 135
38 153
39 144
40 153
41 166
42 168
43 167
44 150
45 177
46 180
47 187
48 154
49 193
50 191
51 175
52 206
53 190
54 192
55 224
56 206
57 206
58 214
59 223
60 230
61 233
62 226
63 257
64 283
65 264
66 260
67 240
68 267
69 253
70 270
71 269
72 262
73 282
74 312
75 313
76 320
77 306
78 317
79 340
80 311
81 291
82 326
83 346
84 311
85 344
86 347
87 366
88 389
89 344
90 394
91 384
92 380
93 419
94 408
95 372
96 450
97 399
98 434
99 403
100 445
101 459
102 446
103 479
104 453
105 439
106 464
107 482
108 512
109 498
110 498
111 457
112 501
113 509
114 519
115 532
116 523
117 558
118 605
119 530
120 577
121 540
122 552
123 597
124 563
125 607
126 606
127 555
128 619
129 602
130 612
131 619
132 640
133 655
134 648
135 707
136 685
137 687
138 695
139 688
140 749
141 762
142 670
143 761
144 772
145 766
146 765
147 711
148 774
149 774
150 753
151 786
152 771
153 811
154 839
155 803
156 811
157 857
158 769
159 837
160 847
161 880
162 926
163 856
164 900
165 945
166 884
167 916
168 907
169 914
170 976
171 913
172 977
173 968
174 988
175 1013
176 1080
177 1000
178 984
179 1043
180 1035
181 1058
182 1075
183 1100
184 1109
185 1046
186 1095
187 1100
188 1148
189 1164
190 1185
191 1059
192 1206
193 1160
194 1223
195 1148
196 1212
197 1232
198 1202
199 1177
200 1220
201 1272
202 1257
203 1195
204 1298
205 1323
206 1253
207 1269
208 1329
209 1317
210 1316
211 1376
212 1357
213 1389
214 1369
215 1444
216 1434
217 1375
218 1374
219 1417
220 1428
221 1434
222 1466
223 1346
224 1606
225 1494
226 1543
227 1545
228 1571
229 1529
230 1670
231 1626
232 1681
233 1705
234 1624
235 1640
236 1680
237 1719
238 1766
239 1711
240 1758
241 1718
242 1777
243 1796
244 1700
245 1929
246 1795
247 1903
248 1745
249 1819
250 1889
251 1908
252 1791
253 1926
254 1919
255 1837
256 2021
257 1992
258 1968
259 1927
260 1947
261 2027
262 1938
263 2021
264 2075
265 2036
266 2083
267 2024
268 2012
269 2108
270 2093
271 2069
272 2141
273 2077
274 2188
275 2116
276 2149
277 2148
278 2148
279 2168
280 2141
281 2168
282 2189
283 2104
284 2198
285 2247
286 2173
287 1928
288 2239
289 2227
290 2272
291 2133
292 2224
293 2337
294 2326
295 2222
296 2306
297 2320
298 2255
299 2229
300 2279
301 2205
302 2277
303 2347
304 2223
305 2263
306 2356
307 2263
308 2287
309 2290
310 2300
311 2364
312 2290
313 2308
314 2369
315 2430
316 2362
317 2386
318 2344
319 2100
320 2519
321 2425
322 2462
323 2309
324 2429
325 2442
326 2421
327 2305
328 2556
329 2493
330 2491
331 2370
332 2487
333 2467
334 2559
335 2573
336 2599
337 2573
338 2528
339 2523
340 2649
341 2761
342 2656
343 2578
344 2699
345 2791
346 2766
347 2723
348 2809
349 2793
350 2726
351 2443
352 2968
353 2796
354 2838
355 2833
356 2937
357 2920
358 2938
359 2807
360 3053
361 3038
362 2994
363 2945
364 3050
365 3144
366 3071
367 3080
368 3178
369 3193
370 3165
371 3087
372 3402
373 3265
374 3242
375 3229
376 3223
377 3204
378 3287
379 3227
380 3368
381 3358
382 3338
383 3254
384 3698
385 3399
386 3509
387 3381
388 3593
389 3506
390 3534
391 3403
392 3614
393 3419
394 3615
395 3431
396 3691
397 3427
398 3595
399 3457
400 3562
401 3390
402 3497
403 3378
404 3638
405 3526
406 3486
407 3296
408 3489
409 3264
410 3376
411 3017
412 3391
413 3251
414 3291
415 2651
416 3227
417 3023
418 3173
419 2875
420 3076
421 2914
422 2848
423 2754
424 2944
425 2722
426 2820
427 2509
428 2691
429 2573
430 2514
431 2332
432 2347
433 2210
434 2353
435 2149
436 2258
437 2126
438 2135
439 2062
440 2153
441 1960
442 2012
443 1832
444 1903
445 1778
446 1809
447 1543
448 1858
449 1566
450 1688
451 1540
452 1542
453 1550
454 1494
455 1431
456 1443
457 1423
458 1436
459 1289
460 1362
461 1272
462 1310
463 1224
464 1300
465 1183
466 1284
467 1119
468 1151
469 1186
470 1150
471 1113
472 1192
473 1125
474 1196
475 1068
476 1035
477 1069
478 1032
479 973
480 1028
481 1014
482 990
483 930
484 995
485 988
486 882
487 955
488 905
489 936
490 940
491 893
492 938
493 942
494 877
495 902
496 855
497 874
498 883
499 795
500 912
501 816
502 858
503 862
504 849
505 821
506 865
507 781
508 846
509 765
510 844
511 611
512 876
513 796
514 816
515 719
516 803
517 795
518 765
519 780
520 813
521 688
522 787
523 728
524 775
525 739
526 746
527 731
528 759
529 712
530 729
531 666
532 757
533 781
534 764
535 751
536 734
537 693
538 738
539 689
540 751
541 688
542 674
543 555
544 725
545 689
546 702
547 661
548 698
549 678
550 685
551 670
552 677
553 683
554 656
555 699
556 679
557 645
558 643
559 620
560 657
561 657
562 700
563 587
564 646
565 589
566 641
567 669
568 604
569 605
570 602
571 604
572 616
573 544
574 593
575 497
576 689
577 586
578 534
579 525
580 610
581 587
582 574
583 566
584 559
585 536
586 549
587 550
588 562
589 595
590 536
591 545
592 565
593 512
594 575
595 536
596 547
597 533
598 547
599 544
600 495
601 506
602 528
603 466
604 542
605 497
606 453
607 418
608 522
609 469
610 465
611 455
612 491
613 521
614 479
615 420
616 531
617 421
618 483
619 456
620 480
621 442
622 444
623 440
624 448
625 458
626 444
627 396
628 468
629 438
630 418
631 412
632 418
633 400
634 399
635 367
636 394
637 401
638 415
639 339
640 456
641 375
642 392
643 358
644 383
645 362
646 343
647 330
648 380
649 337
650 324
651 308
652 344
653 353
654 314
655 310
656 347
657 331
658 320
659 297
660 253
661 333
662 322
663 311
664 324
665 291
666 272
667 279
668 279
669 276
670 250
671 184
672 269
673 262
674 262
675 228
676 211
677 243
678 254
679 213
680 258
681 238
682 238
683 221
684 221
685 233
686 220
687 193
688 241
689 204
690 196
691 191
692 193
693 204
694 172
695 173
696 185
697 180
698 172
699 159
700 157
701 158
702 164
703 128
704 197
705 178
706 141
707 122
708 134
709 127
710 131
711 128
712 116
713 152
714 130
715 131
716 142
717 99
718 92
719 104
720 113
721 121
722 104
723 113
724 104
725 115
726 97
727 88
728 100
729 92
730 85
731 73
732 89
733 81
734 75
735 61
736 80
737 63
738 72
739 65
740 83
741 67
742 62
743 74
744 79
745 56
746 61
747 62
748 55
749 67
750 57
751 50
752 54
753 49
754 54
755 53
756 51
757 57
758 44
759 56
760 48
761 50
762 42
763 36
764 43
765 41
766 45
767 32
768 51
769 40
770 34
771 35
772 32
773 33
774 36
775 29
776 41
777 33
778 38
779 26
780 38
781 40
782 31
783 31
784 26
785 28
786 28
787 17
788 25
789 32
790 26
791 26
792 30
793 18
794 20
795 21
796 21
797 26
798 22
799 14
800 18
801 19
802 26
803 18
804 23
805 26
806 18
807 17
808 21
809 8
810 18
811 12
812 23
813 24
814 17
815 21
816 24
817 15
818 27
819 9
820 16
821 17
822 18
823 29
824 18
825 12
826 17
827 13
828 14
829 8
830 18
831 15
832 18
833 8
834 17
835 12
836 14
837 15
838 16
839 9
840 23
841 9
842 14
843 8
844 18
845 15
846 13
847 11
848 22
849 13
850 12
851 9
852 16
853 17
854 13
855 9
856 8
857 14
858 5
859 9
860 18
861 12
862 18
863 12
864 8
865 13
866 8
867 10
868 14
869 15
870 17
871 8
872 19
873 16
874 13
875 10
876 16
877 9
878 11
879 16
880 18
881 6
882 11
883 9
884 9
885 11
886 16
887 11
888 13
889 16
890 13
891 7
892 16
893 13
894 21
895 6
896 6
897 13
898 8
899 8
900 5
901 11
902 6
903 14
904 8
905 13
906 12
907 6
908 12
909 12
910 13
911 11
912 10
913 15
914 12
915 8
916 9
917 7
918 11
919 9
920 10
921 8
922 7
923 3
924 15
925 10
926 14
927 14
928 5
929 9
930 12
931 12
932 5
933 8
934 13
935 13
936 17
937 8
938 6
939 12
940 12
941 15
942 9
943 13
944 10
945 8
946 8
947 3
948 8
949 10
950 10
951 13
952 11
953 11
954 7
955 9
956 8
957 11
958 7
959 7
960 9
961 4
962 6
963 7
964 5
965 11
966 9
967 5
968 8
969 10
970 7
971 11
972 15
973 7
974 9
975 6
976 8
977 13
978 8
979 7
980 10
981 10
982 7
983 7
984 7
985 10
986 7
987 7
988 12
989 11
990 10
991 6
992 7
993 7
994 17
995 8
996 12
997 4
998 6
999 5
1000 9
1001 5
1002 12
1003 7
1004 8
1005 11
1006 10
1007 3
1008 7
1009 7
1010 10
1011 7
1012 10
1013 7
1014 8
1015 9
1016 10
1017 5
1018 6
1019 5
1020 6
1021 11
1022 13
1023 10
1024 11
1025 18
1026 9
1027 11
1028 6
1029 10
1030 8
1031 11
1032 9
1033 7
1034 9
1035 7
1036 5
1037 5
1038 10
1039 7
1040 7
1041 9
1042 9
1043 4
1044 9
1045 11
1046 4
1047 12
1048 7
1049 6
1050 7
1051 12
1052 4
1053 14
1054 7
1055 5
1056 4
1057 9
1058 8
1059 9
1060 6
1061 12
1062 7
1063 15
1064 14
1065 5
1066 11
1067 7
1068 9
1069 8
1070 13
1071 12
1072 13
1073 11
1074 4
1075 3
1076 16
1077 9
1078 10
1079 8
1080 7
1081 9
1082 6
1083 3
1084 7
1085 9
1086 6
1087 6
1088 13
1089 10
1090 14
1091 8
1092 8
1093 9
1094 2
1095 11
1096 7
1097 6
1098 9
1099 5
1100 7
1101 3
1102 4
1103 4
1104 10
1105 7
1106 12
1107 8
1108 6
1109 4
1110 4
1111 10
1112 9
1113 10
1114 5
1115 9
1116 9
1117 10
1118 14
1119 4
1120 11
1121 5
1122 4
1123 6
1124 7
1125 7
1126 10
1127 7
1128 9
1129 7
1130 6
1131 3
1132 8
1133 13
1134 11
1135 7
1136 2
1137 11
1138 6
1139 2
1140 5
1141 6
1142 8
1143 4
1144 9
1145 5
1146 7
1147 2
1148 13
1149 5
1150 12
1151 2
1152 7
1153 5
1154 4
1155 6
1156 12
1157 5
1158 5
1159 7
1160 9
1161 8
1162 8
1163 11
1164 8
1165 4
1166 10
1167 5
1168 3
1169 6
1170 10
1171 7
1172 7
1173 8
1174 5
1175 11
1176 7
1177 3
1178 5
1179 3
1180 7
1181 5
1182 8
1183 8
1184 9
1185 5
1186 4
1187 8
1188 4
1189 5
1190 6
1191 4
1192 8
1193 9
1194 4
1195 4
1196 3
1197 6
1198 5
1199 10
1200 11
1201 6
1202 5
1203 6
1204 6
1205 7
1206 3
1207 4
1208 7
1209 6
1210 4
1211 6
1212 7
1213 5
1214 11
1215 10
1216 7
1217 5
1218 5
1219 7
1220 9
1221 11
1222 9
1223 5
1224 6
1225 3
1226 3
1227 3
1228 9
1229 5
1230 9
1231 7
1232 8
1233 10
1234 4
1235 7
1236 5
1237 7
1238 5
1239 4
1240 6
1241 6
1242 8
1243 3
1244 2
1245 2
1246 11
1247 8
1248 4
1249 8
1250 3
1251 3
1252 6
1253 5
1254 6
1255 5
1256 8
1257 2
1258 6
1259 6
1260 5
1261 1
1262 3
1263 5
1264 3
1265 3
1266 8
1267 4
1268 6
1269 4
1270 4
1271 6
1272 2
1273 10
1274 2
1275 4
1276 11
1277 6
1278 5
1279 3
1280 7
1281 5
1282 2
1283 4
1284 1
1285 3
1286 4
1287 3
1288 4
1289 6
1290 6
1291 6
1292 5
1293 4
1294 5
1295 7
1296 5
1297 5
1298 7
1299 7
1300 4
1301 6
1302 7
1303 1
1304 3
1305 6
1306 4
1307 2
1308 3
1309 4
1310 6
1311 4
1312 2
1313 3
1314 8
1315 2
1316 5
1317 8
1318 4
1319 5
1320 5
1321 4
1322 5
1323 1
1324 7
1325 3
1326 7
1327 5
1328 5
1329 5
1330 3
1331 7
1332 3
1333 4
1334 3
1335 4
1336 5
1337 3
1338 1
1339 4
1340 4
1341 4
1342 4
1343 4
1344 1
1345 4
1346 3
1347 2
1348 5
1349 6
1350 6
1351 3
1352 3
1353 3
1354 2
1355 3
1356 3
1357 3
1358 2
1359 7
1360 2
1361 3
1362 4
1363 5
1364 1
1365 4
1366 5
1367 6
1368 1
1369 2
1370 0
1371 5
1372 2
1373 3
1374 2
1375 6
1376 4
1377 4
1378 3
1379 4
1380 0
1381 4
1382 4
1383 2
1384 3
1385 3
1386 3
1387 3
1388 1
1389 1
1390 4
1391 2
1392 6
1393 1
1394 1
1395 4
1396 4
1397 9
1398 3
1399 1
1400 0
1401 2
1402 2
1403 6
1404 3
1405 0
1406 2
1407 2
1408 5
1409 2
1410 7
1411 2
1412 3
1413 3
1414 2
1415 1
1416 3
1417 5
1418 1
1419 1
1420 1
1421 2
1422 3
1423 3
1424 2
1425 2
1426 3
1427 3
1428 4
1429 3
1430 3
1431 2
1432 6
1433 4
1434 1
1435 1
1436 2
1437 1
1438 3
1439 1
1440 7
1441 3
1442 1
1443 3
1444 1
1445 5
1446 4
1447 4
1448 3
1449 0
1450 2
1451 2
1452 0
1453 1
1454 2
1455 4
1456 0
1457 4
1458 3
1459 4
1460 0
1461 4
1462 3
1463 2
1464 2
1465 0
1466 5
1467 1
1468 2
1469 0
1470 2
1471 3
1472 2
1473 1
1474 3
1475 2
1476 6
1477 3
1478 1
1479 0
1480 4
1481 2
1482 5
1483 1
1484 3
1485 2
1486 4
1487 2
1488 4
1489 2
1490 3
1491 1
1492 3
1493 1
1494 1
1495 4
1496 3
1497 2
1498 2
1499 5
1500 1
1501 1
1502 2
1503 2
1504 2
1505 2
1506 0
1507 4
1508 3
1509 2
1510 3
1511 2
1512 3
1513 3
1514 3
1515 3
1516 3
1517 2
1518 3
1519 1
1520 2
1521 3
1522 3
1523 2
1524 0
1525 6
1526 3
1527 3
1528 4
1529 3
1530 4
1531 4
1532 4
1533 2
1534 1
1535 2
1536 2
1537 1
1538 1
1539 1
1540 2
1541 3
1542 2
1543 1
1544 1
1545 1
1546 0
1547 0
1548 2
1549 4
1550 3
1551 1
1552 3
1553 4
1554 2
1555 1
1556 0
1557 4
1558 1
1559 3
1560 0
1561 2
1562 3
1563 1
1564 0
1565 0
1566 2
1567 2
1568 2
1569 2
1570 2
1571 1
1572 3
1573 2
1574 1
1575 2
1576 3
1577 5
1578 4
1579 2
1580 2
1581 2
1582 0
1583 1
1584 2
1585 1
1586 3
1587 1
1588 1
1589 1
1590 3
1591 2
1592 2
1593 0
1594 2
1595 1
1596 1
1597 2
1598 3
1599 3
1600 2
1601 1
1602 0
1603 2
1604 1
1605 0
1606 2
1607 2
1608 2
1609 3
1610 2
1611 1
1612 5
1613 4
1614 1
1615 0
1616 2
1617 2
1618 0
1619 2
1620 1
1621 5
1622 3
1623 2
1624 1
1625 3
1626 2
1627 1
1628 2
1629 1
1630 3
1631 2
1632 2
1633 3
1634 3
1635 0
1636 1
1637 5
1638 4
1639 2
1640 7
1641 1
1642 1
1643 0
1644 4
1645 0
1646 2
1647 1
1648 3
1649 2
1650 1
1651 1
1652 1
1653 3
1654 1
1655 1
1656 0
1657 0
1658 1
1659 0
1660 1
1661 1
1662 2
1663 2
1664 2
1665 1
1666 3
1667 2
1668 2
1669 6
1670 3
1671 2
1672 2
1673 2
1674 2
1675 0
1676 2
1677 1
1678 1
1679 2
1680 1
1681 1
1682 4
1683 2
1684 1
1685 1
1686 3
1687 0
1688 3
1689 2
1690 3
1691 0
1692 3
1693 3
1694 1
1695 2
1696 1
1697 0
1698 0
1699 3
1700 2
1701 1
1702 0
1703 0
1704 3
1705 1
1706 1
1707 3
1708 1
1709 1
1710 0
1711 1
1712 2
1713 1
1714 1
1715 2
1716 2
1717 3
1718 4
1719 5
1720 0
1721 3
1722 0
1723 0
1724 0
1725 1
1726 2
1727 0
1728 0
1729 0
1730 1
1731 0
1732 1
1733 3
1734 3
1735 1
1736 2
1737 1
1738 0
1739 1
1740 0
1741 2
1742 3
1743 2
1744 1
1745 2
1746 2
1747 0
1748 1
1749 1
1750 2
1751 0
1752 3
1753 4
1754 2
1755 0
1756 1
1757 0
1758 2
1759 1
1760 3
1761 1
1762 0
1763 2
1764 1
1765 0
1766 1
1767 1
1768 0
1769 0
1770 4
1771 0
1772 2
1773 2
1774 0
1775 1
1776 0
1777 0
1778 1
1779 1
1780 0
1781 1
1782 0
1783 0
1784 1
1785 0
1786 2
1787 2
1788 3
1789 2
1790 0
1791 2
1792 0
1793 1
1794 1
1795 2
1796 1
1797 1
1798 2
1799 0
1800 2
1801 0
1802 2
1803 0
1804 2
1805 1
1806 2
1807 1
1808 1
1809 1
1810 2
1811 2
1812 1
1813 1
1814 3
1815 0
1816 1
1817 1
1818 1
1819 2
1820 1
1821 2
1822 1
1823 1
1824 0
1825 0
1826 2
1827 0
1828 3
1829 1
1830 1
1831 2
1832 0
1833 0
1834 1
1835 1
1836 1
1837 2
1838 2
1839 3
1840 2
1841 1
1842 1
1843 2
1844 0
1845 0
1846 0
1847 0
1848 1
1849 4
1850 1
1851 0
1852 0
1853 0
1854 0
1855 0
1856 1
1857 0
1858 0
1859 0
1860 1
1861 1
1862 1
1863 2
1864 1
1865 1
1866 1
1867 0
1868 1
1869 1
1870 0
1871 2
1872 1
1873 0
1874 0
1875 1
1876 0
1877 1
1878 1
1879 0
1880 1
1881 0
1882 1
1883 0
1884 2
1885 1
1886 0
1887 1
1888 1
1889 0
1890 0
1891 0
1892 0
1893 1
1894 1
1895 1
1896 0
1897 0
1898 2
1899 0
1900 0
1901 1
1902 2
1903 1
1904 1
1905 1
1906 1
1907 0
1908 0
1909 1
1910 1
1911 2
1912 0
1913 1
1914 1
1915 0
1916 1
1917 1
1918 0
1919 1
1920 2
1921 1
1922 0
1923 0
1924 1
1925 0
1926 1
1927 0
1928 0
1929 0
1930 0
1931 0
1932 0
1933 1
1934 1
1935 0
1936 0
1937 0
1938 3
1939 1
1940 1
1941 0
1942 1
1943 0
1944 0
1945 1
1946 1
1947 0
1948 0
1949 2
1950 0
1951 0
1952 0
1953 0
1954 0
1955 1
1956 0
1957 0
1958 0
1959 0
1960 0
1961 0
1962 0
1963 1
1964 1
1965 0
1966 0
1967 0
1968 0
1969 0
1970 0
1971 0
1972 0
1973 0
1974 0
1975 0
1976 0
1977 0
1978 0
1979 0
1980 0
1981 0
1982 0
1983 1
1984 0
1985 0
1986 0
1987 0
1988 0
1989 0
1990 0
1991 1
1992 0
1993 0
1994 0
1995 0
1996 0
1997 0
1998 0
1999 0
2000 0
2001 0
2002 1
2003 0
2004 0
2005 0
2006 0
2007 0
2008 0
2009 0
2010 1
2011 0
2012 0
2013 0
2014 0
2015 2
2016 0
2017 0
2018 0
2019 0
2020 0
2021 0
2022 0
2023 0
2024 0
2025 0
2026 0
2027 0
2028 0
2029 1
2030 0
2031 0
2032 1
2033 1
2034 0
2035 0
2036 0
2037 0
2038 0
2039 0
2040 0
2041 0
2042 0
2043 0
2044 0
2045 0
2046 1
2047 0
2048 0
2049 0
2050 0
2051 0
2052 0
2053 0
2054 1
2055 2
2056 0
2057 0
2058 0
2059 0
2060 0
2061 1
2062 0
2063 0
2064 0
2065 0
2066 0
2067 0
2068 0
2069 0
2070 0
2071 0
2072 0
2073 0
2074 0
2075 0
2076 0
2077 0
2078 1
2079 0
2080 0
2081 0
2082 0
2083 0
2084 0
2085 0
2086 0
2087 0
2088 0
2089 0
2090 0
2091 0
2092 0
2093 1
2094 0
2095 0
2096 0
2097 0
2098 0
2099 0
2100 0
2101 0
2102 0
2103 0
2104 0
2105 0
2106 0
2107 0
2108 0
2109 0
2110 0
2111 1
2112 0
2113 0
2114 0
2115 0
2116 0
2117 0
2118 1
2119 0
2120 0
2121 0
2122 0
2123 0
2124 0
2125 1
2126 0
2127 0
2128 0
2129 0
2130 0
2131 0
2132 0
2133 2
2134 1
2135 0
2136 0
2137 0
2138 0
2139 1
2140 0
2141 0
2142 0
2143 0
2144 0
2145 0
2146 0
2147 0
2148 0
2149 0
2150 0
2151 0
2152 0
2153 0
2154 0
2155 0
2156 1
2157 0
2216 0
2217 1
2218 0
2286 0
2287 1
2288 0
2398 0
2399 1
2400 0
4094 0
4095 129
OK
