Histogram of ADC2:
8 0
9 9
10 10
11 2
12 0
3353 0
3354 1
3355 0
3356 0
3357 0
3358 0
3359 0
3360 1
3361 0
3362 1
3363 1
3364 1
3365 0
3366 0
3367 0
3368 0
3369 0
3370 1
3371 0
3372 0
3373 1
3374 0
3375 0
3376 2
3377 0
3378 0
3379 0
3380 1
3381 2
3382 0
3383 1
3384 3
3385 7
3386 1
3387 2
3388 5
3389 2
3390 2
3391 2
3392 12
3393 4
3394 7
3395 3
3396 8
3397 6
3398 6
3399 15
3400 15
3401 13
3402 17
3403 16
3404 25
3405 30
3406 23
3407 17
3408 41
3409 39
3410 42
3411 47
3412 43
3413 56
3414 62
3415 67
3416 83
3417 57
3418 72
3419 85
3420 126
3421 113
3422 132
3423 72
3424 194
3425 137
3426 206
3427 177
3428 182
3429 172
3430 247
3431 209
3432 323
3433 203
3434 304
3435 282
3436 372
3437 333
3438 401
3439 288
3440 547
3441 390
3442 524
3443 417
3444 520
3445 531
3446 588
3447 516
3448 656
3449 533
3450 701
3451 633
3452 690
3453 651
3454 768
3455 312
3456 1269
3457 671
3458 803
3459 733
3460 788
3461 804
3462 901
3463 697
3464 926
3465 648
3466 914
3467 804
3468 841
3469 748
3470 875
3471 510
3472 920
3473 714
3474 703
3475 617
3476 736
3477 644
3478 706
3479 544
3480 704
3481 426
3482 584
3483 459
3484 493
3485 440
3486 481
3487 231
3488 497
3489 334
3490 357
3491 318
3492 270
3493 304
3494 260
3495 167
3496 243
3497 156
3498 178
3499 139
3500 141
3501 92
3502 112
3503 77
3504 109
3505 66
3506 66
3507 57
3508 61
3509 35
3510 35
3511 24
3512 31
3513 17
3514 22
3515 15
3516 10
3517 17
3518 11
3519 5
3520 10
3521 2
3522 6
3523 6
3524 4
3525 1
3526 2
3527 3
3528 4
3529 1
3530 3
3531 0
4094 0
4095 1
OK
