Histogram of ADC2:
37 0
38 104
39 1053
40 1632
41 1104
42 195
43 11
44 0
144 0
145 2
146 0
147 2
148 0
149 2
150 2
151 1
152 2
153 3
154 3
155 3
156 4
157 5
158 8
159 6
160 7
161 7
162 6
163 5
164 15
165 9
166 17
167 22
168 26
169 19
170 28
171 28
172 29
173 33
174 40
175 50
176 65
177 52
178 57
179 60
180 86
181 84
182 68
183 109
184 96
185 101
186 110
187 115
188 151
189 135
190 138
191 129
192 155
193 131
194 133
195 134
196 142
197 110
198 106
199 101
200 97
201 99
202 107
203 83
204 91
205 79
206 69
207 54
208 59
209 53
210 42
211 39
212 36
213 37
214 30
215 23
216 21
217 14
218 10
219 17
220 13
221 15
222 11
223 8
224 6
225 3
226 8
227 3
228 2
229 6
230 1
231 2
232 3
233 1
234 1
235 2
236 0
237 0
238 0
239 2
240 1
241 0
1196 0
1197 1
1198 0
1199 1
1200 1
1201 0
1202 1
1203 0
1204 0
1205 0
1206 0
1207 1
1208 0
1209 1
1210 0
1211 2
1212 0
1213 1
1214 0
1215 1
1216 0
1217 1
1218 2
1219 0
1220 2
1221 0
1222 0
1223 1
1224 1
1225 0
1226 0
1227 0
1228 0
1229 0
1230 1
1231 1
1232 0
1233 0
1234 0
1235 0
1236 0
1237 0
1238 0
1239 0
1240 0
1241 0
1242 0
1243 1
1244 0
4094 0
4095 1
OK
