Histogram of ADC0:
1048 0
1049 1
1050 0
1051 0
1052 0
1053 0
1054 0
1055 0
1056 0
1057 0
1058 0
1059 1
1060 1
1061 0
1062 1
1063 0
1064 0
1065 0
1066 0
1067 0
1068 0
1069 2
1070 1
1071 4
1072 3
1073 2
1074 2
1075 2
1076 1
1077 2
1078 3
1079 3
1080 2
1081 6
1082 6
1083 7
1084 11
1085 7
1086 7
1087 12
1088 19
1089 12
1090 16
1091 17
1092 23
1093 22
1094 26
1095 30
1096 28
1097 34
1098 45
1099 44
1100 43
1101 52
1102 39
1103 52
1104 38
1105 47
1106 43
1107 54
1108 50
1109 55
1110 62
1111 68
1112 56
1113 65
1114 63
1115 64
1116 65
1117 79
1118 68
1119 62
1120 72
1121 64
1122 62
1123 62
1124 76
1125 81
1126 66
1127 74
1128 70
1129 69
1130 72
1131 64
1132 73
1133 73
1134 67
1135 65
1136 62
1137 71
1138 57
1139 63
1140 64
1141 62
1142 62
1143 65
1144 56
1145 53
1146 60
1147 46
1148 51
1149 56
1150 38
1151 31
1152 40
1153 36
1154 48
1155 30
1156 34
1157 28
1158 24
1159 28
1160 34
1161 27
1162 22
1163 17
1164 16
1165 16
1166 16
1167 15
1168 9
1169 24
1170 12
1171 7
1172 14
1173 7
1174 6
1175 7
1176 2
1177 5
1178 6
1179 5
1180 4
1181 5
1182 1
1183 0
1184 0
1185 2
1186 3
1187 1
1188 2
1189 3
1190 0
1191 0
1192 0
1193 1
1194 2
1195 0
1196 1
1197 0
1198 2
1199 1
1200 0
1201 1
1202 0
2046 0
2047 1
2048 0
3629 0
3630 1
3631 0
3657 0
3658 1
3659 0
3729 0
3730 1
3731 0
3732 0
3733 1
3734 0
3735 0
3736 0
3737 0
3738 0
3739 1
3740 0
3741 0
3742 0
3743 0
3744 0
3745 0
3746 0
3747 0
3748 0
3749 0
3750 0
3751 0
3752 0
3753 1
3754 0
3755 0
3756 0
3757 0
3758 0
3759 0
3760 0
3761 0
3762 0
3763 0
3764 0
3765 0
3766 0
3767 0
3768 0
3769 0
3770 0
3771 1
3772 0
3805 0
3806 1
3807 0
3808 0
3809 0
3810 0
3811 0
3812 0
3813 0
3814 0
3815 0
3816 0
3817 1
3818 0
3819 0
3820 1
3821 0
3822 0
3823 0
3824 0
3825 0
3826 0
3827 0
3828 0
3829 0
3830 0
3831 0
3832 0
3833 0
3834 0
3835 0
3836 1
3837 0
3838 0
3839 0
3840 0
3841 0
3842 0
3843 0
3844 0
3845 0
3846 0
3847 0
3848 0
3849 0
3850 0
3851 0
3852 1
3853 0
3854 0
3855 0
3856 0
3857 0
3858 0
3859 0
3860 1
3861 0
3862 0
3863 0
3864 0
3865 0
3866 1
3867 0
3868 1
3869 0
3870 0
3871 0
3872 0
3873 0
3874 0
3875 0
3876 0
3877 0
3878 0
3879 0
3880 0
3881 0
3882 0
3883 1
3884 0
3885 0
3886 0
3887 0
3888 0
3889 1
3890 0
3891 0
3892 0
3893 0
3894 0
3895 0
3896 0
3897 1
3898 0
3899 0
3900 0
3901 0
3902 0
3903 0
3904 0
3905 0
3906 0
3907 0
3908 0
3909 0
3910 0
3911 0
3912 0
3913 0
3914 1
3915 0
3916 1
3917 1
3918 0
3919 0
3920 0
3921 0
3922 0
3923 0
3924 0
3925 0
3926 0
3927 0
3928 2
3929 0
3930 0
3931 0
3932 0
3933 0
3934 0
3935 0
3936 0
3937 0
3938 0
3939 0
3940 2
3941 0
3942 0
3943 0
3944 1
3945 1
3946 0
3967 0
3968 1
3969 0
3970 0
3971 0
3972 0
3973 0
3974 0
3975 0
3976 1
3977 1
3978 1
3979 0
3980 0
3981 1
3982 0
3983 0
3984 0
3985 1
3986 0
3987 0
3988 2
3989 0
3990 0
3991 0
3992 0
3993 0
3994 1
3995 0
3996 1
3997 1
3998 0
3999 0
4000 1
4001 0
4002 1
4003 0
4004 0
4005 0
4006 0
4007 0
4008 1
4009 0
4010 0
4011 0
4012 0
4013 0
4014 0
4015 0
4016 1
4017 1
4018 0
4019 0
4020 0
4021 0
4022 2
4023 0
4024 0
4025 1
4026 0
4027 0
4028 1
4029 0
4030 0
4031 0
4032 2
4033 1
4034 1
4035 0
4036 1
4037 0
4038 0
4039 0
4040 0
4041 0
4042 0
4043 0
4044 0
4045 0
4046 0
4047 0
4048 2
4049 1
4050 0
4051 0
4052 1
4053 0
4054 0
4055 0
4056 0
4057 0
4058 1
4059 0
4060 0
4061 0
4062 0
4063 0
4064 0
4065 0
4066 0
4067 0
4068 1
4069 0
4070 0
4071 0
4072 0
4073 0
4074 0
4075 0
4076 0
4077 2
4078 0
4079 0
4080 0
4081 1
4082 0
4083 0
4084 1
4085 0
4086 1
4087 0
4088 1
4089 0
4090 0
4091 0
4092 0
4093 1
4094 0
4095 4055
OK
