Histogram of ADC2:
9 0
10 20
11 1
12 0
13 0
14 0
15 0
16 0
17 0
18 0
19 0
20 0
21 0
22 0
23 2
24 25
25 181
26 342
27 390
28 375
29 339
30 290
31 232
32 227
33 246
34 198
35 164
36 146
37 151
38 101
39 117
40 88
41 86
42 77
43 68
44 65
45 51
46 34
47 42
48 46
49 33
50 25
51 32
52 35
53 21
54 21
55 19
56 24
57 15
58 23
59 17
60 11
61 9
62 13
63 2
64 18
65 13
66 12
67 7
68 13
69 10
70 6
71 5
72 3
73 8
74 7
75 6
76 7
77 7
78 3
79 5
80 2
81 6
82 1
83 2
84 2
85 2
86 6
87 4
88 1
89 1
90 5
91 2
92 3
93 4
94 2
95 2
96 2
97 0
98 0
99 2
100 2
101 3
102 2
103 0
104 0
105 2
106 1
107 1
108 2
109 2
110 4
111 1
112 1
113 0
114 2
115 0
116 2
117 2
118 1
119 1
120 0
121 1
122 0
123 0
124 0
125 0
126 0
127 1
128 0
129 2
130 0
131 0
132 0
133 0
134 1
135 0
136 2
137 1
138 0
139 2
140 0
141 0
142 0
143 0
144 0
145 0
146 1
147 0
148 1
149 0
150 1
151 0
152 1
153 0
154 0
155 1
156 0
157 0
158 1
159 0
160 0
161 0
162 0
163 1
164 0
165 0
166 0
167 0
168 0
169 0
170 0
171 0
172 0
173 0
174 0
175 0
176 0
177 0
178 0
179 0
180 0
181 0
182 1
183 0
184 0
185 0
186 1
187 0
188 0
189 0
190 0
191 0
192 1
193 0
194 0
195 0
196 0
197 0
198 0
199 0
200 0
201 1
202 0
203 0
204 0
205 0
206 0
207 0
208 0
209 0
210 0
211 0
212 0
213 0
214 0
215 1
216 0
217 0
218 0
219 0
220 0
221 0
222 0
223 0
224 0
225 0
226 0
227 1
228 0
248 0
249 1
250 0
251 0
252 0
253 0
254 0
255 0
256 0
257 0
258 0
259 0
260 0
261 0
262 0
263 0
264 0
265 0
266 0
267 0
268 0
269 0
270 1
271 0
272 0
273 0
274 0
275 0
276 0
277 0
278 0
279 0
280 0
281 0
282 0
283 0
284 0
285 1
286 0
287 0
288 0
289 0
290 0
291 0
292 0
293 0
294 0
295 0
296 1
297 0
324 0
325 1
326 0
346 0
347 1
348 0
400 0
401 1
402 0
403 0
404 0
405 0
406 0
407 0
408 0
409 0
410 0
411 2
412 0
413 0
414 2
415 0
416 0
417 3
418 1
419 0
420 5
421 8
422 2
423 4
424 11
425 3
426 7
427 11
428 18
429 15
430 17
431 20
432 40
433 37
434 34
435 47
436 46
437 57
438 76
439 92
440 115
441 119
442 126
443 133
444 162
445 190
446 207
447 190
448 297
449 282
450 326
451 356
452 414
453 438
454 465
455 521
456 562
457 557
458 644
459 715
460 651
461 735
462 855
463 795
464 909
465 932
466 948
467 961
468 927
469 958
470 1003
471 993
472 1152
473 1044
474 1026
475 964
476 1025
477 1071
478 1040
479 842
480 975
481 911
482 937
483 903
484 813
485 807
486 726
487 715
488 755
489 621
490 611
491 560
492 508
493 452
494 431
495 405
496 388
497 324
498 335
499 271
500 271
501 205
502 203
503 172
504 163
505 138
506 139
507 133
508 94
509 80
510 67
511 93
512 61
513 50
514 37
515 37
516 27
517 27
518 22
519 16
520 16
521 13
522 7
523 13
524 10
525 5
526 9
527 5
528 3
529 4
530 3
531 1
532 0
533 1
534 5
535 0
536 0
537 0
538 0
539 0
540 0
541 0
542 0
543 1
544 0
545 0
546 0
547 0
548 0
549 0
550 0
551 1
552 0
766 0
767 1
768 0
4094 0
4095 1
OK
