Histogram of ADC0:
297 0
298 1
299 0
300 0
301 0
302 0
303 1
304 2
305 0
306 2
307 2
308 4
309 1
310 3
311 0
312 0
313 1
314 0
315 0
316 0
317 0
318 1
319 0
320 0
321 0
322 1
323 0
324 1
325 0
326 0
327 0
328 0
329 1
330 0
636 0
637 1
638 1
639 0
640 0
641 0
642 0
643 1
644 1
645 1
646 0
647 0
648 1
649 0
650 0
651 1
652 3
653 4
654 1
655 0
656 5
657 7
658 1
659 3
660 6
661 3
662 3
663 3
664 5
665 6
666 1
667 5
668 5
669 7
670 7
671 3
672 6
673 5
674 14
675 7
676 8
677 11
678 13
679 4
680 5
681 8
682 10
683 4
684 12
685 10
686 12
687 9
688 8
689 16
690 10
691 15
692 16
693 12
694 9
695 17
696 15
697 13
698 17
699 8
700 15
701 14
702 14
703 8
704 24
705 14
706 12
707 16
708 21
709 13
710 13
711 15
712 13
713 16
714 15
715 13
716 20
717 16
718 16
719 13
720 14
721 18
722 16
723 17
724 15
725 14
726 22
727 17
728 23
729 12
730 13
731 20
732 20
733 13
734 20
735 12
736 18
737 10
738 15
739 15
740 14
741 19
742 16
743 10
744 17
745 13
746 16
747 15
748 12
749 19
750 9
751 16
752 14
753 13
754 11
755 18
756 20
757 9
758 27
759 16
760 16
761 18
762 22
763 14
764 18
765 15
766 16
767 7
768 16
769 8
770 17
771 15
772 16
773 14
774 13
775 13
776 17
777 14
778 11
779 16
780 9
781 11
782 21
783 16
784 11
785 6
786 13
787 12
788 9
789 10
790 8
791 19
792 11
793 15
794 11
795 10
796 12
797 15
798 13
799 10
800 14
801 13
802 16
803 15
804 4
805 7
806 12
807 8
808 15
809 15
810 11
811 10
812 10
813 16
814 7
815 11
816 13
817 3
818 14
819 8
820 14
821 13
822 15
823 11
824 7
825 10
826 9
827 7
828 12
829 9
830 10
831 6
832 10
833 16
834 9
835 10
836 9
837 7
838 14
839 15
840 13
841 11
842 12
843 8
844 11
845 10
846 11
847 7
848 11
849 13
850 12
851 9
852 7
853 12
854 8
855 8
856 9
857 7
858 5
859 11
860 6
861 10
862 6
863 8
864 16
865 7
866 9
867 13
868 7
869 12
870 17
871 14
872 8
873 12
874 10
875 11
876 8
877 12
878 6
879 10
880 6
881 11
882 7
883 7
884 11
885 11
886 4
887 10
888 5
889 10
890 7
891 10
892 7
893 5
894 9
895 4
896 3
897 6
898 11
899 10
900 8
901 7
902 10
903 4
904 4
905 4
906 9
907 5
908 6
909 7
910 7
911 9
912 2
913 8
914 10
915 5
916 7
917 10
918 10
919 7
920 13
921 10
922 6
923 9
924 6
925 8
926 8
927 7
928 9
929 3
930 4
931 5
932 4
933 8
934 4
935 2
936 6
937 5
938 4
939 5
940 11
941 5
942 7
943 8
944 9
945 4
946 5
947 7
948 7
949 9
950 4
951 5
952 4
953 8
954 8
955 6
956 9
957 5
958 7
959 4
960 9
961 10
962 5
963 6
964 5
965 5
966 6
967 4
968 7
969 4
970 9
971 6
972 6
973 4
974 9
975 3
976 4
977 5
978 4
979 5
980 5
981 10
982 2
983 8
984 6
985 4
986 1
987 4
988 4
989 4
990 7
991 3
992 6
993 4
994 5
995 3
996 3
997 6
998 6
999 3
1000 2
1001 5
1002 5
1003 5
1004 6
1005 5
1006 3
1007 6
1008 1
1009 3
1010 6
1011 3
1012 6
1013 2
1014 6
1015 4
1016 8
1017 1
1018 4
1019 4
1020 5
1021 5
1022 3
1023 2
1024 1
1025 3
1026 4
1027 2
1028 4
1029 6
1030 0
1031 2
1032 3
1033 5
1034 3
1035 4
1036 4
1037 5
1038 7
1039 3
1040 3
1041 8
1042 4
1043 1
1044 4
1045 2
1046 4
1047 4
1048 2
1049 2
1050 3
1051 4
1052 6
1053 1
1054 3
1055 3
1056 3
1057 2
1058 4
1059 5
1060 6
1061 5
1062 6
1063 6
1064 5
1065 3
1066 3
1067 0
1068 0
1069 7
1070 2
1071 2
1072 6
1073 5
1074 6
1075 4
1076 1
1077 3
1078 3
1079 5
1080 4
1081 2
1082 4
1083 4
1084 1
1085 2
1086 1
1087 0
1088 1
1089 2
1090 4
1091 3
1092 0
1093 3
1094 6
1095 3
1096 5
1097 7
1098 5
1099 1
1100 2
1101 1
1102 6
1103 4
1104 2
1105 3
1106 0
1107 4
1108 3
1109 3
1110 1
1111 3
1112 2
1113 5
1114 0
1115 4
1116 2
1117 3
1118 3
1119 1
1120 2
1121 4
1122 5
1123 4
1124 3
1125 0
1126 4
1127 2
1128 4
1129 6
1130 2
1131 1
1132 4
1133 4
1134 1
1135 0
1136 4
1137 2
1138 2
1139 2
1140 2
1141 3
1142 1
1143 5
1144 1
1145 3
1146 3
1147 1
1148 2
1149 2
1150 1
1151 1
1152 2
1153 2
1154 3
1155 2
1156 2
1157 2
1158 2
1159 3
1160 2
1161 4
1162 3
1163 2
1164 2
1165 2
1166 1
1167 0
1168 1
1169 3
1170 0
1171 1
1172 1
1173 2
1174 2
1175 3
1176 2
1177 1
1178 0
1179 1
1180 0
1181 1
1182 1
1183 1
1184 2
1185 0
1186 1
1187 1
1188 4
1189 2
1190 1
1191 0
1192 2
1193 1
1194 5
1195 3
1196 1
1197 1
1198 3
1199 1
1200 2
1201 4
1202 2
1203 0
1204 0
1205 3
1206 1
1207 1
1208 0
1209 5
1210 2
1211 2
1212 4
1213 3
1214 2
1215 1
1216 4
1217 0
1218 2
1219 0
1220 4
1221 0
1222 0
1223 3
1224 2
1225 3
1226 2
1227 0
1228 0
1229 1
1230 1
1231 3
1232 1
1233 0
1234 4
1235 2
1236 4
1237 3
1238 0
1239 0
1240 1
1241 1
1242 1
1243 2
1244 1
1245 4
1246 2
1247 1
1248 0
1249 1
1250 2
1251 0
1252 3
1253 1
1254 2
1255 0
1256 0
1257 3
1258 2
1259 2
1260 1
1261 1
1262 1
1263 1
1264 1
1265 1
1266 1
1267 0
1268 0
1269 0
1270 1
1271 0
1272 3
1273 1
1274 0
1275 2
1276 0
1277 1
1278 2
1279 3
1280 3
1281 1
1282 0
1283 1
1284 2
1285 1
1286 1
1287 2
1288 1
1289 2
1290 0
1291 2
1292 0
1293 4
1294 1
1295 0
1296 0
1297 1
1298 0
1299 2
1300 3
1301 2
1302 2
1303 1
1304 0
1305 0
1306 2
1307 3
1308 3
1309 2
1310 2
1311 2
1312 4
1313 4
1314 1
1315 1
1316 2
1317 1
1318 2
1319 0
1320 0
1321 2
1322 0
1323 0
1324 5
1325 0
1326 3
1327 1
1328 0
1329 2
1330 0
1331 1
1332 0
1333 0
1334 0
1335 0
1336 0
1337 0
1338 0
1339 1
1340 1
1341 1
1342 3
1343 1
1344 1
1345 1
1346 1
1347 2
1348 0
1349 0
1350 0
1351 3
1352 1
1353 2
1354 1
1355 0
1356 0
1357 0
1358 1
1359 2
1360 0
1361 0
1362 0
1363 0
1364 2
1365 0
1366 2
1367 2
1368 1
1369 3
1370 0
1371 0
1372 1
1373 0
1374 0
1375 1
1376 1
1377 0
1378 1
1379 0
1380 0
1381 1
1382 1
1383 0
1384 1
1385 1
1386 0
1387 1
1388 1
1389 1
1390 1
1391 0
1392 1
1393 2
1394 3
1395 1
1396 1
1397 0
1398 0
1399 3
1400 0
1401 0
1402 0
1403 2
1404 1
1405 0
1406 0
1407 0
1408 3
1409 0
1410 0
1411 1
1412 0
1413 3
1414 2
1415 0
1416 2
1417 2
1418 0
1419 0
1420 3
1421 4
1422 0
1423 1
1424 2
1425 0
1426 1
1427 1
1428 2
1429 0
1430 2
1431 0
1432 0
1433 0
1434 0
1435 1
1436 1
1437 0
1438 0
1439 2
1440 0
1441 1
1442 1
1443 0
1444 0
1445 1
1446 1
1447 0
1448 1
1449 2
1450 0
1451 0
1452 0
1453 1
1454 0
1455 0
1456 2
1457 1
1458 0
1459 0
1460 3
1461 2
1462 1
1463 0
1464 1
1465 0
1466 0
1467 2
1468 2
1469 0
1470 1
1471 0
1472 0
1473 0
1474 1
1475 1
1476 1
1477 1
1478 1
1479 1
1480 0
1481 3
1482 0
1483 1
1484 1
1485 0
1486 1
1487 4
1488 0
1489 0
1490 0
1491 1
1492 3
1493 0
1494 0
1495 0
1496 1
1497 0
1498 1
1499 0
1500 1
1501 0
1502 1
1503 0
1504 2
1505 0
1506 2
1507 0
1508 0
1509 0
1510 1
1511 0
1512 0
1513 0
1514 0
1515 2
1516 1
1517 2
1518 0
1519 0
1520 1
1521 0
1522 1
1523 0
1524 1
1525 0
1526 0
1527 0
1528 0
1529 0
1530 1
1531 0
1532 0
1533 0
1534 1
1535 0
1536 0
1537 0
1538 0
1539 0
1540 0
1541 1
1542 0
1543 0
1544 0
1545 0
1546 0
1547 0
1548 2
1549 0
1550 1
1551 2
1552 1
1553 1
1554 0
1555 1
1556 0
1557 0
1558 1
1559 2
1560 0
1561 2
1562 0
1563 0
1564 0
1565 1
1566 2
1567 0
1568 0
1569 1
1570 0
1571 0
1572 0
1573 0
1574 0
1575 0
1576 0
1577 0
1578 0
1579 0
1580 0
1581 2
1582 0
1583 0
1584 0
1585 0
1586 0
1587 0
1588 1
1589 0
1590 1
1591 0
1592 0
1593 0
1594 0
1595 0
1596 0
1597 0
1598 1
1599 0
1600 0
1601 1
1602 0
1603 0
1604 0
1605 3
1606 0
1607 2
1608 0
1609 1
1610 2
1611 0
1612 1
1613 0
1614 3
1615 1
1616 0
1617 1
1618 0
1619 0
1620 0
1621 1
1622 0
1623 0
1624 0
1625 0
1626 0
1627 1
1628 1
1629 1
1630 1
1631 0
1632 0
1633 0
1634 1
1635 2
1636 1
1637 1
1638 0
1639 0
1640 1
1641 0
1642 1
1643 1
1644 0
1645 2
1646 0
1647 0
1648 0
1649 0
1650 0
1651 0
1652 1
1653 1
1654 3
1655 0
1656 0
1657 1
1658 0
1659 0
1660 0
1661 0
1662 0
1663 0
1664 1
1665 0
1666 1
1667 1
1668 1
1669 0
1670 0
1671 0
1672 1
1673 0
1674 0
1675 1
1676 0
1677 0
1678 0
1679 1
1680 0
1681 0
1682 0
1683 0
1684 1
1685 1
1686 1
1687 0
1688 0
1689 0
1690 0
1691 0
1692 0
1693 1
1694 0
1695 0
1696 3
1697 0
1698 0
1699 0
1700 0
1701 2
1702 0
1703 2
1704 0
1705 0
1706 0
1707 0
1708 0
1709 0
1710 0
1711 2
1712 0
1713 4
1714 0
1715 0
1716 0
1717 0
1718 0
1719 1
1720 2
1721 0
1722 2
1723 0
1724 0
1725 2
1726 1
1727 0
1728 1
1729 0
1730 1
1731 0
1732 1
1733 0
1734 0
1735 0
1736 0
1737 0
1738 1
1739 0
1740 0
1741 0
1742 0
1743 0
1744 0
1745 0
1746 0
1747 0
1748 0
1749 0
1750 0
1751 0
1752 1
1753 1
1754 0
1755 1
1756 0
1757 0
1758 0
1759 1
1760 0
1761 0
1762 0
1763 1
1764 1
1765 0
1766 0
1767 0
1768 0
1769 0
1770 0
1771 1
1772 0
1773 2
1774 0
1775 0
1776 0
1777 0
1778 0
1779 0
1780 1
1781 0
1782 0
1783 0
1784 0
1785 0
1786 0
1787 0
1788 0
1789 0
1790 1
1791 0
1792 0
1793 0
1794 0
1795 0
1796 1
1797 0
1798 1
1799 0
1800 0
1801 0
1802 0
1803 0
1804 0
1805 0
1806 0
1807 0
1808 0
1809 0
1810 0
1811 0
1812 0
1813 0
1814 0
1815 0
1816 1
1817 0
1818 0
1819 0
1820 0
1821 0
1822 0
1823 0
1824 1
1825 2
1826 0
1827 0
1828 0
1829 0
1830 0
1831 1
1832 1
1833 0
1834 0
1835 2
1836 1
1837 0
1838 1
1839 0
1840 1
1841 0
1842 1
1843 0
1844 0
1845 1
1846 0
1847 0
1848 0
1849 0
1850 0
1851 0
1852 1
1853 0
1854 0
1855 0
1856 0
1857 0
1858 1
1859 0
1860 1
1861 0
1862 1
1863 0
1864 0
1865 0
1866 0
1867 0
1868 1
1869 0
1870 0
1871 0
1872 1
1873 0
1874 0
1875 0
1876 0
1877 1
1878 1
1879 0
1880 0
1881 0
1882 1
1883 0
1884 0
1885 0
1886 0
1887 0
1888 0
1889 0
1890 0
1891 0
1892 0
1893 0
1894 0
1895 0
1896 1
1897 2
1898 0
1899 0
1900 0
1901 0
1902 0
1903 0
1904 1
1905 0
1906 0
1907 1
1908 0
1909 0
1910 0
1911 1
1912 0
1913 0
1914 1
1915 0
1916 0
1917 0
1918 0
1919 1
1920 0
1921 0
1922 0
1923 0
1924 1
1925 2
1926 0
1927 0
1928 1
1929 1
1930 0
1931 0
1932 0
1933 0
1934 0
1935 0
1936 0
1937 0
1938 0
1939 0
1940 0
1941 0
1942 0
1943 0
1944 0
1945 1
1946 1
1947 0
1948 0
1949 0
1950 0
1951 0
1952 0
1953 1
1954 0
1955 0
1956 0
1957 0
1958 0
1959 0
1960 0
1961 1
1962 0
1963 0
1964 1
1965 0
1966 1
1967 0
1968 0
1969 0
1970 0
1971 0
1972 1
1973 0
1974 0
1975 0
1976 0
1977 0
1978 0
1979 0
1980 0
1981 0
1982 0
1983 0
1984 0
1985 0
1986 1
1987 1
1988 0
1989 0
1990 0
1991 0
1992 0
1993 0
1994 0
1995 0
1996 0
1997 0
1998 0
1999 0
2000 0
2001 0
2002 0
2003 0
2004 0
2005 1
2006 0
2007 0
2008 1
2009 0
2010 0
2011 0
2012 0
2013 0
2014 0
2015 0
2016 0
2017 1
2018 1
2019 2
2020 0
2021 0
2022 0
2023 1
2024 0
2048 0
2049 1
2050 0
2051 0
2052 0
2053 0
2054 0
2055 0
2056 0
2057 0
2058 0
2059 0
2060 0
2061 0
2062 0
2063 0
2064 0
2065 0
2066 1
2067 0
2068 0
2069 1
2070 0
2090 0
2091 1
2092 0
2093 0
2094 0
2095 0
2096 1
2097 0
2098 0
2099 0
2100 0
2101 0
2102 0
2103 0
2104 0
2105 1
2106 0
2107 0
2108 0
2109 0
2110 0
2111 0
2112 0
2113 1
2114 0
2115 0
2116 0
2117 0
2118 0
2119 0
2120 0
2121 0
2122 0
2123 0
2124 0
2125 0
2126 0
2127 0
2128 0
2129 0
2130 0
2131 0
2132 0
2133 2
2134 0
2135 0
2136 0
2137 0
2138 1
2139 0
2140 0
2141 0
2142 0
2143 0
2144 1
2145 0
2146 0
2147 1
2148 1
2149 0
2150 0
2151 0
2152 0
2153 0
2154 0
2155 0
2156 1
2157 0
2158 0
2159 0
2160 0
2161 0
2162 0
2163 0
2164 0
2165 0
2166 0
2167 1
2168 0
2169 1
2170 0
2171 0
2172 0
2173 1
2174 0
2175 0
2176 0
2177 1
2178 0
2207 0
2208 1
2209 0
2210 0
2211 0
2212 0
2213 0
2214 0
2215 0
2216 0
2217 0
2218 0
2219 0
2220 0
2221 0
2222 0
2223 0
2224 0
2225 1
2226 0
2227 0
2228 0
2229 0
2230 0
2231 0
2232 0
2233 0
2234 0
2235 0
2236 0
2237 1
2238 0
2239 2
2240 1
2241 0
2242 0
2243 0
2244 0
2245 0
2246 0
2247 0
2248 0
2249 0
2250 0
2251 0
2252 0
2253 1
2254 0
2255 0
2256 0
2257 0
2258 0
2259 0
2260 0
2261 0
2262 0
2263 0
2264 1
2265 0
2266 0
2267 0
2268 1
2269 0
2270 1
2271 0
2295 0
2296 1
2297 0
2298 0
2299 0
2300 1
2301 0
2302 0
2303 0
2304 1
2305 0
2306 1
2307 0
2308 0
2309 1
2310 1
2311 0
2341 0
2342 1
2343 0
2344 0
2345 0
2346 0
2347 0
2348 0
2349 0
2350 0
2351 0
2352 0
2353 0
2354 1
2355 0
2356 0
2357 0
2358 0
2359 0
2360 0
2361 0
2362 0
2363 0
2364 0
2365 1
2366 0
2367 1
2368 0
2369 0
2370 0
2371 0
2372 0
2373 0
2374 0
2375 0
2376 0
2377 0
2378 0
2379 0
2380 0
2381 0
2382 0
2383 0
2384 0
2385 1
2386 0
2448 0
2449 1
2450 0
2451 0
2452 1
2453 0
2454 0
2455 0
2456 0
2457 0
2458 0
2459 1
2460 0
2461 0
2462 0
2463 0
2464 0
2465 0
2466 0
2467 0
2468 1
2469 0
2470 0
2471 0
2472 0
2473 0
2474 0
2475 0
2476 0
2477 0
2478 0
2479 0
2480 1
2481 0
2482 0
2483 0
2484 0
2485 0
2486 0
2487 0
2488 0
2489 0
2490 0
2491 0
2492 0
2493 0
2494 1
2495 0
2496 0
2497 0
2498 0
2499 0
2500 0
2501 0
2502 0
2503 0
2504 0
2505 0
2506 0
2507 0
2508 0
2509 0
2510 0
2511 1
2512 0
2513 0
2514 0
2515 0
2516 0
2517 0
2518 2
2519 0
2582 0
2583 1
2584 0
2585 0
2586 0
2587 0
2588 0
2589 0
2590 0
2591 0
2592 0
2593 1
2594 0
2595 0
2596 0
2597 0
2598 0
2599 0
2600 0
2601 0
2602 0
2603 0
2604 1
2605 0
2635 0
2636 1
2637 0
2638 0
2639 0
2640 0
2641 0
2642 0
2643 0
2644 0
2645 0
2646 0
2647 0
2648 1
2649 0
2650 0
2651 0
2652 0
2653 0
2654 0
2655 0
2656 1
2657 0
2658 0
2659 0
2660 0
2661 0
2662 0
2663 0
2664 1
2665 0
2690 0
2691 1
2692 0
2693 0
2694 0
2695 0
2696 0
2697 0
2698 0
2699 0
2700 0
2701 0
2702 1
2703 0
2704 1
2705 0
2706 0
2707 0
2708 0
2709 0
2710 0
2711 0
2712 0
2713 1
2714 1
2715 0
2736 0
2737 1
2738 0
2762 0
2763 1
2764 0
2809 0
2810 1
2811 0
2837 0
2838 1
2839 0
2840 0
2841 0
2842 0
2843 0
2844 0
2845 0
2846 0
2847 0
2848 0
2849 0
2850 0
2851 0
2852 0
2853 0
2854 1
2855 0
2856 0
2857 0
2858 0
2859 0
2860 0
2861 0
2862 0
2863 0
2864 0
2865 0
2866 1
2867 0
2868 0
2869 0
2870 0
2871 0
2872 1
2873 0
2912 0
2913 1
2914 0
2915 0
2916 0
2917 0
2918 0
2919 0
2920 0
2921 0
2922 0
2923 0
2924 0
2925 0
2926 0
2927 0
2928 0
2929 0
2930 1
2931 0
2963 0
2964 1
2965 0
3017 0
3018 1
3019 0
3114 0
3115 1
3116 0
3167 0
3168 1
3169 0
3170 1
3171 0
3277 0
3278 1
3279 0
3315 0
3316 1
3317 0
3340 0
3341 1
3342 0
3343 0
3344 0
3345 0
3346 0
3347 0
3348 0
3349 0
3350 0
3351 0
3352 0
3353 0
3354 0
3355 0
3356 0
3357 0
3358 0
3359 0
3360 1
3361 0
3388 0
3389 1
3390 0
3391 0
3392 0
3393 0
3394 0
3395 0
3396 0
3397 0
3398 0
3399 0
3400 0
3401 0
3402 0
3403 0
3404 0
3405 0
3406 1
3407 0
3563 0
3564 1
3565 0
3627 0
3628 1
3629 0
3670 0
3671 1
3672 0
3727 0
3728 1
3729 0
3787 0
3788 1
3789 0
3849 0
3850 1
3851 0
3975 0
3976 1
3977 0
4094 0
4095 40803
OK
