Histogram of ADC0:
0 557828
1 1
2 1
3 0
27 0
28 1
29 0
30 0
31 0
32 1
33 0
34 0
35 0
36 0
37 0
38 0
39 0
40 0
41 0
42 0
43 1
44 0
45 0
46 0
47 0
48 0
49 1
50 0
152 0
153 1
154 0
155 0
156 1
157 0
158 0
159 0
160 0
161 1
162 0
211 0
212 1
213 0
214 0
215 0
216 1
217 0
304 0
305 1
306 0
307 0
308 0
309 0
310 0
311 0
312 0
313 0
314 0
315 0
316 0
317 0
318 0
319 0
320 0
321 0
322 0
323 1
324 0
519 0
520 1
521 0
621 0
622 1
623 0
815 0
816 1
817 0
999 0
1000 1
1001 0
1191 0
1192 1
1193 0
1243 0
1244 1
1245 0
1338 0
1339 1
1340 0
1341 0
1342 0
1343 0
1344 0
1345 0
1346 0
1347 0
1348 0
1349 0
1350 0
1351 0
1352 1
1353 0
1354 0
1355 0
1356 0
1357 0
1358 0
1359 0
1360 0
1361 0
1362 0
1363 0
1364 0
1365 0
1366 0
1367 1
1368 0
1369 0
1370 0
1371 0
1372 1
1373 0
1374 0
1375 1
1376 0
1377 0
1378 0
1379 0
1380 0
1381 0
1382 0
1383 0
1384 0
1385 1
1386 0
1387 0
1388 1
1389 0
1467 0
1468 1
1469 1
1470 0
1495 0
1496 1
1497 0
1551 0
1552 3
1553 0
1554 0
1555 0
1556 0
1557 0
1558 0
1559 0
1560 0
1561 0
1562 0
1563 0
1564 0
1565 0
1566 1
1567 0
1568 0
1569 1
1570 0
1571 0
1572 0
1573 0
1574 0
1575 0
1576 0
1577 0
1578 0
1579 0
1580 1
1581 0
1582 0
1583 0
1584 0
1585 0
1586 0
1587 0
1588 0
1589 1
1590 0
1591 0
1592 1
1593 0
1594 0
1595 0
1596 1
1597 1
1598 0
1599 0
1600 0
1601 0
1602 0
1603 0
1604 0
1605 0
1606 0
1607 0
1608 0
1609 0
1610 0
1611 0
1612 1
1613 0
1614 0
1615 0
1616 0
1617 1
1618 0
1619 0
1620 0
1621 0
1622 0
1623 0
1624 1
1625 0
1626 1
1627 0
1628 1
1629 0
1630 0
1631 0
1632 0
1633 0
1634 0
1635 0
1636 0
1637 0
1638 0
1639 0
1640 0
1641 0
1642 0
1643 0
1644 0
1645 0
1646 1
1647 0
1648 2
1649 1
1650 1
1651 0
1652 0
1653 0
1654 0
1655 0
1656 0
1657 0
1658 1
1659 0
1660 1
1661 1
1662 0
1663 0
1664 0
1665 0
1666 1
1667 0
1668 0
1669 0
1670 0
1671 0
1672 2
1673 0
1674 0
1675 0
1676 1
1677 0
1678 0
1679 0
1680 4
1681 0
1682 2
1683 0
1684 2
1685 0
1686 1
1687 0
1688 1
1689 0
1690 0
1691 0
1692 5
1693 0
1694 1
1695 0
1696 1
1697 1
1698 0
1699 0
1700 0
1701 0
1702 0
1703 0
1704 2
1705 0
1706 0
1707 1
1708 0
1709 0
1710 1
1711 0
1712 5
1713 1
1714 0
1715 0
1716 0
1717 0
1718 1
1719 0
1720 0
1721 4
1722 0
1723 0
1724 1
1725 3
1726 0
1727 0
1728 2
1729 0
1730 1
1731 0
1732 0
1733 0
1734 0
1735 0
1736 0
1737 0
1738 0
1739 0
1740 0
1741 0
1742 0
1743 0
1744 3
1745 2
1746 1
1747 0
1748 1
1749 0
1750 0
1751 0
1752 4
1753 0
1754 0
1755 0
1756 1
1757 0
1758 2
1759 1
1760 1
1761 0
1762 0
1763 0
1764 1
1765 0
1766 0
1767 0
1768 1
1769 0
1770 1
1771 0
1772 0
1773 0
1774 0
1775 1
1776 7
1777 5
1778 1
1779 1
1780 2
1781 1
1782 0
1783 1
1784 0
1785 1
1786 0
1787 0
1788 3
1789 2
1790 0
1791 0
1792 5
1793 2
1794 0
1795 1
1796 0
1797 0
1798 2
1799 0
1800 1
1801 0
1802 0
1803 0
1804 0
1805 1
1806 0
1807 1
1808 6
1809 3
1810 2
1811 0
1812 2
1813 0
1814 3
1815 2
1816 9
1817 0
1818 2
1819 0
1820 0
1821 0
1822 2
1823 1
1824 2
1825 3
1826 1
1827 4
1828 0
1829 1
1830 0
1831 1
1832 1
1833 0
1834 0
1835 0
1836 0
1837 1
1838 0
1839 1
1840 3
1841 4
1842 2
1843 1
1844 4
1845 1
1846 2
1847 1
1848 4
1849 3
1850 2
1851 1
1852 4
1853 8
1854 0
1855 2
1856 1
1857 0
1858 1
1859 3
1860 0
1861 0
1862 2
1863 2
1864 2
1865 1
1866 1
1867 0
1868 0
1869 1
1870 0
1871 0
1872 7
1873 3
1874 1
1875 1
1876 3
1877 2
1878 2
1879 5
1880 7
1881 1
1882 1
1883 0
1884 2
1885 0
1886 5
1887 2
1888 3
1889 9
1890 2
1891 3
1892 0
1893 1
1894 1
1895 2
1896 0
1897 2
1898 1
1899 0
1900 0
1901 0
1902 0
1903 0
1904 9
1905 8
1906 1
1907 4
1908 2
1909 1
1910 0
1911 1
1912 7
1913 8
1914 1
1915 7
1916 4
1917 4
1918 2
1919 3
1920 3
1921 1
1922 2
1923 4
1924 0
1925 0
1926 1
1927 3
1928 1
1929 0
1930 0
1931 0
1932 1
1933 0
1934 2
1935 0
1936 7
1937 1
1938 7
1939 3
1940 0
1941 0
1942 5
1943 5
1944 3
1945 0
1946 3
1947 0
1948 5
1949 2
1950 5
1951 2
1952 9
1953 8
1954 3
1955 9
1956 2
1957 1
1958 1
1959 2
1960 4
1961 0
1962 0
1963 1
1964 0
1965 1
1966 0
1967 2
1968 5
1969 6
1970 4
1971 3
1972 3
1973 3
1974 3
1975 5
1976 3
1977 4
1978 0
1979 1
1980 6
1981 4
1982 7
1983 5
1984 4
1985 1
1986 7
1987 8
1988 0
1989 2
1990 4
1991 2
1992 3
1993 1
1994 0
1995 3
1996 1
1997 3
1998 1
1999 2
2000 4
2001 6
2002 4
2003 3
2004 4
2005 2
2006 2
2007 4
2008 2
2009 0
2010 2
2011 2
2012 4
2013 0
2014 3
2015 8
2016 5
2017 9
2018 5
2019 6
2020 3
2021 1
2022 6
2023 3
2024 1
2025 3
2026 1
2027 3
2028 1
2029 2
2030 1
2031 1
2032 4
2033 2
2034 0
2035 3
2036 1
2037 0
2038 5
2039 11
2040 1
2041 3
2042 0
2043 2
2044 3
2045 0
2046 1
2047 6
2048 7
2049 4
2050 2
2051 7
2052 0
2053 1
2054 1
2055 5
2056 1
2057 2
2058 1
2059 4
2060 2
2061 1
2062 1
2063 1
2064 6
2065 0
2066 6
2067 7
2068 3
2069 2
2070 1
2071 7
2072 3
2073 0
2074 2
2075 1
2076 4
2077 0
2078 6
2079 5
2080 8
2081 8
2082 3
2083 10
2084 2
2085 2
2086 4
2087 5
2088 1
2089 2
2090 0
2091 6
2092 1
2093 3
2094 1
2095 7
2096 2
2097 5
2098 1
2099 2
2100 2
2101 0
2102 2
2103 6
2104 4
2105 4
2106 1
2107 0
2108 3
2109 0
2110 4
2111 4
2112 6
2113 4
2114 3
2115 9
2116 2
2117 4
2118 4
2119 5
2120 3
2121 7
2122 1
2123 4
2124 2
2125 0
2126 5
2127 6
2128 1
2129 1
2130 0
2131 2
2132 3
2133 0
2134 2
2135 7
2136 4
2137 1
2138 2
2139 2
2140 4
2141 1
2142 1
2143 4
2144 2
2145 7
2146 3
2147 4
2148 2
2149 4
2150 3
2151 2
2152 5
2153 1
2154 1
2155 8
2156 1
2157 2
2158 1
2159 3
2160 0
2161 1
2162 1
2163 3
2164 1
2165 1
2166 2
2167 2
2168 4
2169 2
2170 1
2171 1
2172 3
2173 4
2174 2
2175 4
2176 4
2177 2
2178 1
2179 0
2180 4
2181 1
2182 5
2183 10
2184 1
2185 2
2186 0
2187 4
2188 7
2189 4
2190 5
2191 7
2192 0
2193 0
2194 0
2195 1
2196 0
2197 0
2198 0
2199 2
2200 2
2201 1
2202 2
2203 5
2204 1
2205 2
2206 5
2207 2
2208 4
2209 4
2210 2
2211 7
2212 5
2213 0
2214 2
2215 3
2216 0
2217 1
2218 0
2219 1
2220 4
2221 1
2222 5
2223 9
2224 0
2225 4
2226 0
2227 0
2228 0
2229 0
2230 0
2231 2
2232 2
2233 1
2234 0
2235 2
2236 2
2237 0
2238 0
2239 2
2240 6
2241 1
2242 3
2243 6
2244 5
2245 3
2246 4
2247 11
2248 4
2249 0
2250 2
2251 3
2252 2
2253 5
2254 5
2255 8
2256 0
2257 0
2258 0
2259 2
2260 0
2261 2
2262 1
2263 2
2264 2
2265 2
2266 0
2267 1
2268 3
2269 3
2270 1
2271 5
2272 0
2273 1
2274 2
2275 0
2276 0
2277 2
2278 4
2279 5
2280 0
2281 1
2282 0
2283 2
2284 1
2285 2
2286 2
2287 9
2288 0
2289 0
2290 0
2291 3
2292 0
2293 0
2294 0
2295 3
2296 0
2297 1
2298 0
2299 1
2300 0
2301 2
2302 0
2303 2
2304 2
2305 1
2306 2
2307 0
2308 5
2309 0
2310 2
2311 3
2312 5
2313 1
2314 1
2315 3
2316 7
2317 6
2318 5
2319 10
2320 0
2321 0
2322 0
2323 0
2324 2
2325 0
2326 0
2327 0
2328 0
2329 0
2330 0
2331 1
2332 4
2333 0
2334 2
2335 1
2336 1
2337 0
2338 1
2339 1
2340 2
2341 0
2342 1
2343 3
2344 0
2345 3
2346 0
2347 0
2348 2
2349 5
2350 2
2351 12
2352 0
2353 0
2354 0
2355 0
2356 0
2357 0
2358 0
2359 0
2360 0
2361 0
2362 0
2363 1
2364 3
2365 0
2366 2
2367 1
2368 2
2369 2
2370 0
2371 2
2372 1
2373 3
2374 2
2375 3
2376 1
2377 1
2378 0
2379 0
2380 3
2381 1
2382 10
2383 7
2384 0
2385 1
2386 0
2387 0
2388 0
2389 0
2390 0
2391 1
2392 1
2393 0
2394 0
2395 0
2396 0
2397 2
2398 1
2399 3
2400 1
2401 0
2402 0
2403 0
2404 3
2405 2
2406 0
2407 2
2408 0
2409 1
2410 0
2411 0
2412 1
2413 1
2414 2
2415 4
2416 0
2417 0
2418 0
2419 1
2420 0
2421 0
2422 0
2423 1
2424 0
2425 0
2426 0
2427 0
2428 2
2429 0
2430 0
2431 1
2432 2
2433 0
2434 1
2435 0
2436 4
2437 0
2438 2
2439 1
2440 1
2441 1
2442 1
2443 0
2444 4
2445 1
2446 1
2447 4
2448 0
2449 0
2450 0
2451 0
2452 0
2453 0
2454 0
2455 0
2456 0
2457 0
2458 1
2459 0
2460 1
2461 1
2462 3
2463 0
2464 0
2465 0
2466 0
2467 0
2468 1
2469 0
2470 4
2471 1
2472 0
2473 0
2474 0
2475 0
2476 2
2477 0
2478 3
2479 2
2480 0
2481 0
2482 0
2483 1
2484 0
2485 0
2486 0
2487 0
2488 0
2489 0
2490 0
2491 0
2492 0
2493 0
2494 0
2495 0
2496 0
2497 0
2498 0
2499 0
2500 0
2501 0
2502 1
2503 1
2504 0
2505 0
2506 0
2507 0
2508 2
2509 0
2510 0
2511 0
2512 0
2513 0
2514 0
2515 0
2516 0
2517 0
2518 0
2519 0
2520 0
2521 0
2522 0
2523 0
2524 0
2525 0
2526 0
2527 0
2528 0
2529 1
2530 0
2531 0
2532 1
2533 1
2534 0
2535 0
2536 0
2537 0
2538 0
2539 0
2540 0
2541 1
2542 0
2543 2
2544 0
2545 0
2546 0
2547 0
2548 0
2549 0
2550 0
2551 0
2552 0
2553 0
2554 0
2555 0
2556 0
2557 1
2558 0
2559 0
2560 0
2561 0
2562 0
2563 0
2564 0
2565 0
2566 0
2567 0
2568 0
2569 0
2570 0
2571 0
2572 0
2573 0
2574 1
2575 1
2576 0
2645 0
2646 1
2647 0
2732 0
2733 1
2734 0
OK
