Histogram of ADC2:
0 557834
1 0
2 0
3 0
4 1
5 1
6 2
7 0
8 1
9 1
10 1
11 1
12 0
13 0
14 0
15 0
16 0
17 0
18 0
19 1
20 0
21 0
22 0
23 0
24 0
25 0
26 1
27 0
28 0
29 0
30 1
31 0
32 0
33 0
34 0
35 0
36 1
37 0
38 0
39 0
40 0
41 0
42 0
43 0
44 0
45 0
46 1
47 0
48 2
49 0
50 0
51 1
52 0
53 1
54 0
55 1
56 0
57 1
58 0
59 1
60 3
61 2
62 6
63 3
64 9
65 8
66 14
67 14
68 15
69 29
70 23
71 38
72 38
73 60
74 58
75 51
76 64
77 88
78 60
79 67
80 72
81 75
82 76
83 78
84 62
85 63
86 69
87 64
88 57
89 50
90 47
91 43
92 36
93 42
94 26
95 29
96 17
97 20
98 12
99 4
100 2
101 2
102 0
103 1
104 0
105 0
106 1
107 0
2569 0
2570 1
2571 0
OK
