Histogram of ADC2:
0 2456
1 3607
2 7116
3 11963
4 18710
5 28249
6 41893
7 53269
8 60790
9 61002
10 59734
11 63914
12 82806
13 101062
14 85856
15 55370
16 36857
17 25706
18 18475
19 14859
20 13077
21 10934
22 7453
23 3703
24 1666
25 745
26 408
27 220
28 143
29 79
30 73
31 79
32 89
33 82
34 73
35 99
36 85
37 89
38 104
39 106
40 88
41 119
42 108
43 99
44 99
45 93
46 78
47 66
48 47
49 39
50 24
51 15
52 8
53 7
54 3
55 6
56 5
57 3
58 1
59 0
60 1
61 1
62 0
63 1
64 0
65 1
66 0
67 0
68 0
69 0
70 1
71 0
72 0
73 0
74 0
75 1
76 0
77 2
78 0
79 1
80 0
81 0
82 0
83 1
84 1
85 0
86 1
87 0
88 1
89 2
90 0
91 0
92 0
93 0
94 1
95 0
96 0
97 0
98 0
99 1
100 1
101 0
102 0
103 1
104 0
105 0
106 0
107 0
108 0
109 0
110 0
111 0
112 0
113 1
114 0
115 0
116 0
117 0
118 0
119 0
120 0
121 1
122 0
123 1
124 1
125 0
126 0
127 0
128 1
129 0
130 0
131 0
132 0
133 0
134 0
135 0
136 1
137 0
138 0
139 0
140 0
141 0
142 1
143 0
144 0
145 0
146 0
147 1
148 0
149 1
150 0
151 0
152 0
153 0
154 0
155 0
156 1
157 0
158 0
159 0
160 0
161 0
162 0
163 0
164 0
165 0
166 1
167 1
168 0
169 0
170 0
171 0
172 0
173 0
174 0
175 1
176 0
177 0
178 0
179 0
180 0
181 0
182 1
183 0
184 1
185 1
186 0
187 0
188 0
189 0
190 1
191 0
192 0
193 0
194 0
195 0
196 0
197 0
198 0
199 1
200 0
201 0
202 0
203 1
204 0
205 0
206 0
207 0
208 0
209 0
210 0
211 0
212 1
213 0
214 0
215 1
216 0
217 0
218 0
219 0
220 0
221 0
222 0
223 1
224 0
225 1
226 0
227 0
228 1
229 0
256 0
257 1
258 0
259 0
260 0
261 1
262 0
263 1
264 0
265 0
266 0
267 0
268 0
269 1
270 0
271 0
272 0
273 1
274 0
320 0
321 1
322 0
323 0
324 0
325 0
326 1
327 0
360 0
361 1
362 0
363 0
364 0
365 0
366 0
367 0
368 1
369 0
370 0
371 0
372 0
373 0
374 0
375 0
376 0
377 0
378 0
379 0
380 0
381 1
382 0
383 0
384 1
385 1
386 0
410 0
411 1
412 0
413 0
414 0
415 0
416 1
417 0
441 0
442 1
443 0
444 1
445 0
446 0
447 0
448 0
449 0
450 0
451 0
452 1
453 0
473 0
474 1
475 0
476 0
477 0
478 1
479 0
480 0
481 1
482 0
483 1
484 0
485 0
486 0
487 0
488 0
489 0
490 0
491 0
492 0
493 0
494 0
495 0
496 0
497 0
498 0
499 0
500 1
501 0
502 0
503 0
504 0
505 0
506 0
507 0
508 0
509 0
510 0
511 0
512 0
513 2
514 0
515 0
516 0
517 0
518 0
519 0
520 0
521 0
522 0
523 1
524 0
525 0
526 1
527 0
528 0
529 0
530 0
531 1
532 0
559 0
560 1
561 0
562 2
563 0
564 0
565 0
566 0
567 0
568 0
569 0
570 0
571 0
572 1
573 0
574 0
575 0
576 0
577 0
578 0
579 0
580 0
581 0
582 0
583 0
584 0
585 0
586 0
587 1
588 1
589 0
590 0
591 0
592 0
593 0
594 0
595 0
596 0
597 0
598 0
599 0
600 0
601 0
602 0
603 0
604 0
605 0
606 1
607 0
608 0
609 1
610 0
611 0
612 0
613 0
614 0
615 0
616 0
617 0
618 0
619 0
620 0
621 0
622 0
623 0
624 0
625 1
626 0
627 0
628 0
629 0
630 0
631 0
632 1
633 0
634 0
635 1
636 0
676 0
677 1
678 0
714 0
715 1
716 0
717 0
718 1
719 1
720 0
721 0
722 0
723 0
724 0
725 0
726 0
727 0
728 0
729 0
730 1
731 0
732 0
733 0
734 0
735 0
736 0
737 0
738 0
739 1
740 0
741 1
742 0
790 0
791 1
792 1
793 0
794 0
795 0
796 0
797 0
798 1
799 0
800 0
801 0
802 0
803 2
804 0
805 0
806 1
807 1
808 0
809 0
810 0
811 0
812 0
813 0
814 1
815 1
816 0
817 0
818 0
819 0
820 0
821 0
822 0
823 0
824 0
825 0
826 0
827 0
828 0
829 0
830 0
831 0
832 0
833 0
834 0
835 0
836 1
837 0
867 0
868 1
869 0
870 0
871 0
872 0
873 0
874 0
875 1
876 0
877 0
878 0
879 0
880 0
881 1
882 0
883 0
884 0
885 0
886 0
887 0
888 0
889 1
890 0
891 0
892 1
893 0
894 0
895 0
896 0
897 0
898 0
899 0
900 0
901 0
902 0
903 0
904 0
905 0
906 0
907 0
908 0
909 0
910 1
911 0
912 0
913 0
914 0
915 0
916 0
917 0
918 0
919 0
920 1
921 0
922 0
923 0
924 0
925 0
926 0
927 0
928 1
929 0
930 0
931 0
932 0
933 0
934 0
935 0
936 0
937 1
938 0
939 0
940 0
941 0
942 0
943 0
944 0
945 0
946 0
947 0
948 0
949 0
950 0
951 0
952 0
953 0
954 1
955 0
956 0
957 1
958 0
959 0
960 0
961 1
962 0
963 0
964 1
965 1
966 0
967 0
968 0
969 0
970 0
971 0
972 0
973 0
974 0
975 0
976 0
977 0
978 0
979 0
980 0
981 0
982 0
983 0
984 0
985 0
986 2
987 0
988 0
989 0
990 0
991 0
992 0
993 0
994 0
995 0
996 0
997 0
998 0
999 0
1000 0
1001 0
1002 0
1003 0
1004 1
1005 0
1035 0
1036 1
1037 0
1038 0
1039 1
1040 0
1041 0
1042 0
1043 0
1044 0
1045 0
1046 1
1047 0
1048 1
1049 0
1050 0
1051 0
1052 0
1053 0
1054 0
1055 0
1056 0
1057 1
1058 0
1059 0
1060 0
1061 0
1062 0
1063 0
1064 0
1065 0
1066 1
1067 0
1068 0
1069 0
1070 1
1071 0
1072 0
1073 0
1074 0
1075 1
1076 0
1077 0
1078 1
1079 1
1080 0
1081 0
1082 0
1083 0
1084 1
1085 0
1086 0
1087 0
1088 1
1089 0
1090 0
1091 1
1092 0
1093 0
1094 0
1095 0
1096 0
1097 1
1098 0
1099 1
1100 0
1101 1
1102 1
1103 1
1104 0
1105 1
1106 0
1107 0
1108 0
1109 2
1110 0
1111 1
1112 0
1113 0
1114 0
1115 1
1116 1
1117 1
1118 1
1119 1
1120 0
1121 1
1122 2
1123 0
1124 0
1125 2
1126 0
1127 0
1128 2
1129 0
1130 1
1131 0
1132 0
1133 0
1134 0
1135 0
1136 0
1137 0
1138 0
1139 1
1140 1
1141 1
1142 0
1143 1
1144 0
1145 0
1146 0
1147 1
1148 0
1149 0
1150 1
1151 0
1152 0
1153 0
1154 0
1155 1
1156 0
1157 0
1158 1
1159 1
1160 0
1251 0
1252 1
1253 0
1254 0
1255 0
1256 0
1257 0
1258 0
1259 0
1260 0
1261 0
1262 0
1263 0
1264 0
1265 0
1266 0
1267 0
1268 1
1269 1
1270 0
1271 0
1272 0
1273 0
1274 0
1275 0
1276 0
1277 0
1278 0
1279 0
1280 2
1281 0
1282 0
1283 0
1284 0
1285 0
1286 0
1287 0
1288 0
1289 0
1290 0
1291 0
1292 0
1293 0
1294 0
1295 0
1296 1
1297 0
1318 0
1319 1
1320 0
1321 0
1322 0
1323 0
1324 0
1325 0
1326 0
1327 0
1328 0
1329 0
1330 0
1331 0
1332 0
1333 0
1334 0
1335 0
1336 0
1337 0
1338 1
1339 0
1340 0
1341 0
1342 0
1343 0
1344 0
1345 0
1346 0
1347 0
1348 1
1349 0
1350 0
1351 0
1352 0
1353 0
1354 0
1355 0
1356 0
1357 0
1358 0
1359 3
1360 1
1361 0
1362 0
1363 0
1364 1
1365 0
1366 0
1367 0
1368 0
1369 0
1370 1
1371 0
1372 2
1373 0
1374 0
1375 0
1376 0
1377 1
1378 0
1379 0
1380 0
1381 0
1382 1
1383 1
1384 0
1385 0
1386 0
1387 1
1388 0
1389 0
1390 0
1391 1
1392 0
1393 0
1394 2
1395 1
1396 0
1397 0
1398 0
1399 1
1400 0
1401 0
1402 1
1403 0
1404 0
1405 0
1406 0
1407 0
1408 0
1409 0
1410 0
1411 1
1412 0
1413 0
1414 0
1415 0
1416 2
1417 0
1418 2
1419 0
1420 0
1421 0
1422 0
1423 1
1424 0
1425 0
1426 0
1427 0
1428 0
1429 0
1430 0
1431 2
1432 0
1433 0
1434 0
1435 0
1436 2
1437 0
1438 0
1439 1
1440 1
1441 1
1442 0
1443 0
1444 0
1445 2
1446 0
1447 0
1448 1
1449 0
1450 2
1451 2
1452 1
1453 0
1454 0
1455 0
1456 0
1457 0
1458 0
1459 0
1460 0
1461 1
1462 0
1463 1
1464 0
1465 0
1466 1
1467 0
1468 1
1469 1
1470 2
1471 0
1472 0
1473 0
1474 0
1475 0
1476 0
1477 0
1478 0
1479 0
1480 0
1481 1
1482 0
1483 0
1484 0
1485 0
1486 0
1487 2
1488 0
1489 0
1490 0
1491 0
1492 2
1493 1
1494 0
1495 0
1496 1
1497 0
1498 2
1499 0
1500 0
1501 0
1502 0
1503 0
1504 0
1505 0
1506 0
1507 0
1508 0
1509 0
1510 0
1511 1
1512 0
1513 0
1514 0
1515 0
1516 0
1517 0
1518 0
1519 1
1520 0
1521 0
1522 0
1523 1
1524 0
1525 0
1526 0
1527 0
1528 0
1529 0
1530 0
1531 0
1532 0
1533 1
1534 0
1535 0
1536 0
1537 1
1538 0
1539 0
1540 0
1541 0
1542 1
1543 0
1544 1
1545 0
1546 1
1547 0
1548 0
1549 0
1550 0
1551 0
1552 0
1553 0
1554 0
1555 0
1556 0
1557 1
1558 0
1559 1
1560 0
1561 0
1562 0
1563 0
1564 0
1565 0
1566 0
1567 0
1568 1
1569 0
1597 0
1598 2
1599 0
1600 0
1601 0
1602 1
1603 0
1604 0
1605 0
1606 0
1607 0
1608 0
1609 0
1610 0
1611 0
1612 1
1613 0
1614 0
1615 0
1616 0
1617 0
1618 0
1619 0
1620 0
1621 0
1622 0
1623 0
1624 0
1625 0
1626 0
1627 0
1628 0
1629 0
1630 0
1631 0
1632 0
1633 1
1634 0
1635 1
1636 0
1637 0
1638 0
1639 0
1640 1
1641 0
1642 0
1643 0
1644 0
1645 1
1646 2
1647 2
1648 0
1649 0
1650 0
1651 0
1652 0
1653 2
1654 0
1655 2
1656 0
1657 0
1658 1
1659 0
1660 1
1661 1
1662 1
1663 0
1664 0
1665 1
1666 0
1667 0
1668 4
1669 3
1670 0
1671 0
1672 3
1673 0
1674 3
1675 3
1676 0
1677 5
1678 3
1679 0
1680 3
1681 2
1682 1
1683 1
1684 3
1685 2
1686 3
1687 2
1688 2
1689 3
1690 3
1691 2
1692 2
1693 3
1694 2
1695 2
1696 3
1697 3
1698 5
1699 2
1700 2
1701 3
1702 7
1703 0
1704 8
1705 5
1706 7
1707 4
1708 1
1709 5
1710 5
1711 7
1712 3
1713 1
1714 4
1715 8
1716 8
1717 3
1718 9
1719 6
1720 3
1721 5
1722 8
1723 9
1724 15
1725 4
1726 1
1727 7
1728 9
1729 7
1730 10
1731 5
1732 10
1733 5
1734 7
1735 7
1736 5
1737 6
1738 8
1739 7
1740 8
1741 4
1742 8
1743 6
1744 8
1745 8
1746 11
1747 4
1748 8
1749 6
1750 9
1751 2
1752 8
1753 7
1754 7
1755 9
1756 9
1757 8
1758 3
1759 8
1760 9
1761 7
1762 5
1763 3
1764 8
1765 5
1766 6
1767 4
1768 8
1769 6
1770 9
1771 8
1772 7
1773 5
1774 10
1775 8
1776 5
1777 8
1778 8
1779 8
1780 6
1781 3
1782 6
1783 6
1784 10
1785 10
1786 11
1787 9
1788 12
1789 8
1790 11
1791 3
1792 6
1793 6
1794 9
1795 12
1796 11
1797 4
1798 7
1799 2
1800 3
1801 6
1802 8
1803 4
1804 9
1805 9
1806 1
1807 3
1808 8
1809 6
1810 4
1811 10
1812 4
1813 7
1814 7
1815 5
1816 4
1817 3
1818 10
1819 7
1820 6
1821 5
1822 5
1823 4
1824 2
1825 2
1826 4
1827 5
1828 3
1829 2
1830 3
1831 5
1832 6
1833 2
1834 3
1835 1
1836 4
1837 1
1838 1
1839 2
1840 3
1841 2
1842 6
1843 1
1844 5
1845 4
1846 0
1847 0
1848 5
1849 1
1850 3
1851 1
1852 0
1853 2
1854 0
1855 1
1856 3
1857 1
1858 1
1859 0
1860 1
1861 1
1862 1
1863 0
1864 1
1865 0
1866 3
1867 0
1868 0
1869 0
1870 2
1871 0
1872 0
1873 0
1874 0
1875 0
1876 1
1877 0
1878 0
1879 0
1880 3
1881 0
1882 1
1883 0
1884 0
1885 0
1886 0
1887 0
1888 0
1889 0
1890 1
1891 0
1892 0
1893 0
1894 0
1895 0
1896 0
1897 0
1898 0
1899 0
1900 0
1901 0
1902 0
1903 1
1904 0
2046 0
2047 1
2048 0
OK
