Histogram of ADC12:
7 0
8 12
9 895
10 259918
11 557867
12 53567
13 1482
14 166
15 7
16 18
17 5
18 0
19 1
20 0
21 2
22 1
23 3
24 3
25 2
26 2
27 1
28 0
29 1
30 4
31 0
32 0
33 0
34 0
35 2
36 0
37 0
38 1
39 1
40 1
41 2
42 1
43 1
44 0
45 0
46 3
47 0
48 2
49 2
50 1
51 2
52 2
53 1
54 0
55 0
56 3
57 1
58 2
59 0
60 2
61 1
62 2
63 0
64 0
65 0
66 1
67 0
68 1
69 2
70 1
71 2
72 0
73 0
74 0
75 5
76 3
77 1
78 1
79 0
80 0
81 2
82 2
83 1
84 1
85 2
86 1
87 0
88 5
89 0
90 2
91 1
92 0
93 1
94 3
95 1
96 2
97 5
98 4
99 8
100 9
101 4
102 5
103 2
104 0
105 0
106 0
107 0
108 0
109 0
110 1
111 2
112 2
113 1
114 0
115 1
116 1
117 1
118 4
119 4
120 4
121 5
122 2
123 5
124 5
125 8
126 4
127 5
128 3
129 6
130 0
131 3
132 3
133 3
134 1
135 1
136 0
137 3
138 1
139 0
140 3
141 7
142 6
143 22
144 24
145 35
146 61
147 75
148 88
149 84
150 82
151 84
152 93
153 91
154 76
155 65
156 38
157 34
158 13
159 5
160 5
161 1
162 1
163 0
2054 0
2055 1
2056 0
OK
