Histogram of ADC0:
0 5840
1 136
2 137
3 123
4 112
5 148
6 127
7 146
8 151
9 134
10 132
11 165
12 137
13 148
14 153
15 152
16 160
17 154
18 149
19 179
20 138
21 164
22 181
23 174
24 183
25 178
26 211
27 175
28 208
29 180
30 216
31 187
32 274
33 202
34 200
35 208
36 242
37 232
38 212
39 249
40 211
41 254
42 266
43 261
44 261
45 258
46 291
47 278
48 298
49 293
50 288
51 270
52 295
53 297
54 319
55 308
56 301
57 325
58 299
59 320
60 316
61 326
62 337
63 319
64 323
65 359
66 342
67 365
68 328
69 356
70 356
71 379
72 409
73 388
74 420
75 402
76 407
77 416
78 439
79 434
80 437
81 421
82 420
83 448
84 438
85 456
86 472
87 463
88 433
89 489
90 494
91 494
92 513
93 481
94 567
95 435
96 514
97 521
98 511
99 520
100 625
101 520
102 543
103 567
104 571
105 601
106 554
107 519
108 626
109 593
110 612
111 614
112 658
113 675
114 643
115 592
116 644
117 671
118 685
119 680
120 667
121 656
122 717
123 659
124 687
125 764
126 762
127 722
128 746
129 735
130 783
131 743
132 753
133 773
134 835
135 886
136 906
137 824
138 869
139 868
140 848
141 897
142 828
143 925
144 898
145 908
146 878
147 911
148 929
149 936
150 1012
151 1025
152 1015
153 966
154 978
155 967
156 1047
157 1062
158 1042
159 962
160 1069
161 1060
162 1094
163 1097
164 1084
165 1123
166 1102
167 1118
168 1197
169 1087
170 1144
171 1107
172 1162
173 1160
174 1153
175 1221
176 1142
177 1212
178 1170
179 1210
180 1235
181 1254
182 1286
183 1291
184 1210
185 1312
186 1280
187 1286
188 1349
189 1281
190 1373
191 1254
192 1313
193 1321
194 1430
195 1351
196 1407
197 1416
198 1399
199 1383
200 1427
201 1468
202 1476
203 1447
204 1451
205 1477
206 1432
207 1497
208 1554
209 1471
210 1518
211 1475
212 1617
213 1571
214 1583
215 1579
216 1530
217 1622
218 1675
219 1611
220 1667
221 1683
222 1645
223 1555
224 1721
225 1669
226 1704
227 1662
228 1738
229 1706
230 1772
231 1736
232 1722
233 1678
234 1784
235 1741
236 1766
237 1869
238 1844
239 1887
240 1861
241 1863
242 1905
243 1830
244 1936
245 1883
246 1911
247 1973
248 1990
249 1833
250 2021
251 1891
252 2000
253 1928
254 1973
255 1880
256 2142
257 2001
258 1991
259 1986
260 1993
261 2051
262 2139
263 2073
264 2174
265 2126
266 2117
267 2011
268 2189
269 2109
270 2192
271 2199
272 2187
273 2171
274 2169
275 2104
276 2247
277 2250
278 2248
279 2245
280 2228
281 2180
282 2170
283 2173
284 2217
285 2216
286 2227
287 2007
288 2291
289 2343
290 2313
291 2168
292 2328
293 2295
294 2358
295 2327
296 2406
297 2336
298 2320
299 2283
300 2300
301 2281
302 2387
303 2346
304 2496
305 2326
306 2443
307 2306
308 2491
309 2500
310 2449
311 2366
312 2485
313 2454
314 2459
315 2339
316 2502
317 2486
318 2378
319 2253
320 2464
321 2530
322 2585
323 2427
324 2475
325 2487
326 2449
327 2476
328 2529
329 2462
330 2599
331 2526
332 2482
333 2491
334 2593
335 2558
336 2609
337 2506
338 2616
339 2610
340 2597
341 2547
342 2628
343 2716
344 2717
345 2603
346 2687
347 2623
348 2697
349 2753
350 2812
351 2395
352 2875
353 2783
354 2759
355 2771
356 2831
357 2823
358 2858
359 2783
360 2977
361 2842
362 3003
363 2797
364 2969
365 3008
366 2974
367 2915
368 3092
369 3072
370 3107
371 2937
372 3109
373 3172
374 3033
375 3010
376 3218
377 3122
378 3288
379 3019
380 3156
381 3185
382 3195
383 2925
384 3261
385 3069
386 3284
387 2990
388 3323
389 3238
390 3237
391 3055
392 3163
393 3158
394 3196
395 2969
396 3148
397 3067
398 3087
399 3001
400 3107
401 3046
402 3073
403 2833
404 3043
405 2894
406 2898
407 2852
408 2934
409 2698
410 2836
411 2690
412 2709
413 2737
414 2684
415 2241
416 2759
417 2442
418 2568
419 2358
420 2463
421 2350
422 2360
423 2246
424 2356
425 2248
426 2185
427 2163
428 2109
429 2114
430 2076
431 2089
432 2024
433 1962
434 1978
435 1845
436 1880
437 1931
438 1749
439 1734
440 1745
441 1656
442 1660
443 1623
444 1607
445 1596
446 1609
447 1398
448 1648
449 1546
450 1520
451 1423
452 1467
453 1425
454 1452
455 1359
456 1471
457 1387
458 1346
459 1300
460 1338
461 1288
462 1294
463 1248
464 1273
465 1180
466 1303
467 1168
468 1207
469 1176
470 1211
471 1133
472 1137
473 1054
474 1174
475 1079
476 1093
477 998
478 1091
479 876
480 1112
481 1010
482 1044
483 948
484 974
485 946
486 973
487 922
488 968
489 890
490 944
491 888
492 930
493 935
494 871
495 917
496 880
497 876
498 846
499 804
500 857
501 843
502 766
503 811
504 792
505 791
506 835
507 798
508 777
509 803
510 748
511 573
512 860
513 786
514 784
515 722
516 776
517 719
518 775
519 645
520 807
521 697
522 751
523 716
524 718
525 709
526 757
527 745
528 716
529 674
530 674
531 668
532 694
533 692
534 688
535 666
536 685
537 700
538 676
539 660
540 776
541 677
542 673
543 531
544 727
545 607
546 646
547 620
548 638
549 644
550 642
551 584
552 669
553 647
554 624
555 576
556 605
557 618
558 551
559 611
560 591
561 604
562 589
563 540
564 615
565 590
566 579
567 601
568 616
569 527
570 570
571 545
572 581
573 560
574 555
575 456
576 568
577 494
578 548
579 503
580 572
581 516
582 568
583 472
584 526
585 453
586 558
587 529
588 536
589 498
590 513
591 528
592 537
593 517
594 500
595 435
596 476
597 478
598 460
599 438
600 452
601 457
602 485
603 443
604 453
605 468
606 460
607 401
608 509
609 426
610 454
611 458
612 433
613 453
614 462
615 437
616 479
617 431
618 422
619 400
620 418
621 386
622 455
623 417
624 442
625 413
626 413
627 373
628 417
629 396
630 402
631 383
632 395
633 387
634 394
635 365
636 368
637 361
638 367
639 319
640 387
641 323
642 375
643 373
644 348
645 349
646 334
647 366
648 333
649 301
650 311
651 287
652 325
653 331
654 308
655 344
656 313
657 273
658 306
659 282
660 303
661 299
662 257
663 273
664 297
665 262
666 281
667 259
668 266
669 252
670 245
671 194
672 285
673 252
674 219
675 219
676 251
677 245
678 213
679 231
680 216
681 224
682 219
683 200
684 207
685 212
686 204
687 189
688 198
689 196
690 190
691 179
692 190
693 156
694 166
695 143
696 175
697 190
698 151
699 161
700 161
701 167
702 157
703 130
704 151
705 155
706 128
707 138
708 129
709 127
710 109
711 136
712 132
713 123
714 105
715 124
716 127
717 101
718 103
719 100
720 119
721 101
722 93
723 101
724 110
725 97
726 92
727 79
728 94
729 86
730 90
731 74
732 94
733 91
734 75
735 69
736 75
737 83
738 55
739 63
740 65
741 72
742 60
743 80
744 70
745 46
746 64
747 55
748 60
749 54
750 46
751 54
752 55
753 49
754 60
755 45
756 57
757 58
758 40
759 52
760 40
761 45
762 53
763 49
764 33
765 39
766 52
767 39
768 44
769 44
770 43
771 37
772 34
773 29
774 25
775 23
776 27
777 33
778 39
779 30
780 45
781 30
782 28
783 28
784 33
785 23
786 27
787 29
788 32
789 23
790 27
791 15
792 21
793 15
794 28
795 29
796 32
797 28
798 19
799 23
800 23
801 11
802 22
803 13
804 19
805 17
806 18
807 20
808 18
809 23
810 12
811 13
812 18
813 25
814 13
815 10
816 13
817 19
818 19
819 21
820 12
821 18
822 10
823 16
824 14
825 14
826 10
827 15
828 17
829 9
830 16
831 11
832 15
833 4
834 13
835 7
836 11
837 14
838 8
839 7
840 15
841 9
842 8
843 9
844 8
845 7
846 10
847 13
848 9
849 9
850 6
851 5
852 11
853 3
854 9
855 8
856 5
857 9
858 5
859 3
860 7
861 5
862 4
863 9
864 11
865 6
866 6
867 7
868 7
869 7
870 10
871 6
872 8
873 6
874 12
875 8
876 9
877 5
878 8
879 11
880 5
881 4
882 6
883 5
884 8
885 3
886 4
887 5
888 6
889 1
890 1
891 2
892 6
893 5
894 3
895 2
896 3
897 3
898 5
899 3
900 5
901 2
902 2
903 4
904 1
905 8
906 2
907 2
908 2
909 6
910 4
911 11
912 6
913 4
914 8
915 3
916 3
917 2
918 3
919 3
920 2
921 3
922 4
923 3
924 4
925 1
926 6
927 5
928 4
929 5
930 4
931 5
932 2
933 5
934 1
935 3
936 4
937 0
938 3
939 4
940 7
941 2
942 7
943 3
944 2
945 3
946 4
947 4
948 5
949 2
950 3
951 4
952 2
953 3
954 6
955 3
956 1
957 3
958 4
959 3
960 3
961 2
962 3
963 5
964 3
965 0
966 3
967 3
968 3
969 3
970 3
971 1
972 4
973 5
974 2
975 1
976 1
977 5
978 2
979 4
980 5
981 2
982 3
983 4
984 6
985 4
986 4
987 2
988 1
989 6
990 3
991 5
992 5
993 1
994 2
995 1
996 2
997 4
998 3
999 3
1000 4
1001 3
1002 2
1003 4
1004 3
1005 4
1006 4
1007 5
1008 5
1009 4
1010 4
1011 3
1012 1
1013 5
1014 5
1015 2
1016 5
1017 2
1018 7
1019 3
1020 2
1021 2
1022 4
1023 3
1024 3
1025 5
1026 6
1027 3
1028 7
1029 1
1030 3
1031 3
1032 2
1033 6
1034 3
1035 2
1036 5
1037 2
1038 4
1039 4
1040 5
1041 4
1042 6
1043 4
1044 4
1045 7
1046 7
1047 6
1048 2
1049 5
1050 2
1051 5
1052 8
1053 2
1054 3
1055 5
1056 3
1057 5
1058 2
1059 4
1060 2
1061 3
1062 1
1063 0
1064 2
1065 6
1066 3
1067 7
1068 7
1069 8
1070 3
1071 2
1072 3
1073 6
1074 3
1075 8
1076 2
1077 1
1078 2
1079 4
1080 6
1081 3
1082 2
1083 3
1084 7
1085 4
1086 5
1087 1
1088 7
1089 4
1090 2
1091 1
1092 3
1093 6
1094 2
1095 1
1096 2
1097 7
1098 2
1099 2
1100 3
1101 2
1102 3
1103 2
1104 3
1105 5
1106 3
1107 2
1108 5
1109 5
1110 6
1111 3
1112 3
1113 2
1114 1
1115 2
1116 4
1117 3
1118 4
1119 4
1120 6
1121 4
1122 3
1123 2
1124 2
1125 8
1126 5
1127 5
1128 7
1129 3
1130 3
1131 4
1132 6
1133 5
1134 1
1135 5
1136 2
1137 3
1138 5
1139 7
1140 4
1141 4
1142 8
1143 3
1144 5
1145 6
1146 1
1147 3
1148 4
1149 3
1150 4
1151 3
1152 5
1153 4
1154 2
1155 0
1156 8
1157 4
1158 2
1159 6
1160 5
1161 4
1162 6
1163 3
1164 5
1165 4
1166 2
1167 4
1168 3
1169 4
1170 3
1171 5
1172 6
1173 8
1174 3
1175 3
1176 5
1177 4
1178 3
1179 6
1180 10
1181 5
1182 3
1183 3
1184 2
1185 6
1186 3
1187 3
1188 2
1189 7
1190 2
1191 1
1192 3
1193 6
1194 7
1195 2
1196 5
1197 4
1198 5
1199 7
1200 4
1201 8
1202 1
1203 1
1204 5
1205 7
1206 1
1207 3
1208 5
1209 4
1210 3
1211 6
1212 2
1213 5
1214 3
1215 4
1216 3
1217 3
1218 5
1219 4
1220 3
1221 2
1222 6
1223 1
1224 3
1225 4
1226 5
1227 1
1228 3
1229 7
1230 3
1231 1
1232 3
1233 5
1234 1
1235 5
1236 6
1237 4
1238 2
1239 3
1240 4
1241 3
1242 2
1243 2
1244 4
1245 4
1246 6
1247 1
1248 1
1249 4
1250 7
1251 4
1252 7
1253 3
1254 5
1255 3
1256 2
1257 2
1258 4
1259 2
1260 3
1261 4
1262 0
1263 2
1264 3
1265 3
1266 4
1267 1
1268 2
1269 4
1270 3
1271 1
1272 2
1273 3
1274 3
1275 1
1276 6
1277 5
1278 3
1279 2
1280 8
1281 2
1282 0
1283 3
1284 4
1285 1
1286 3
1287 1
1288 4
1289 1
1290 3
1291 3
1292 2
1293 1
1294 4
1295 3
1296 3
1297 4
1298 2
1299 1
1300 6
1301 4
1302 1
1303 4
1304 3
1305 2
1306 0
1307 0
1308 2
1309 1
1310 4
1311 2
1312 3
1313 0
1314 0
1315 4
1316 4
1317 1
1318 3
1319 3
1320 1
1321 1
1322 3
1323 5
1324 0
1325 5
1326 1
1327 3
1328 3
1329 2
1330 2
1331 2
1332 4
1333 2
1334 1
1335 3
1336 7
1337 2
1338 1
1339 0
1340 2
1341 0
1342 1
1343 0
1344 3
1345 2
1346 4
1347 1
1348 1
1349 0
1350 1
1351 2
1352 1
1353 1
1354 3
1355 1
1356 2
1357 3
1358 4
1359 1
1360 2
1361 3
1362 3
1363 1
1364 2
1365 2
1366 2
1367 2
1368 1
1369 3
1370 0
1371 1
1372 1
1373 2
1374 1
1375 0
1376 0
1377 1
1378 0
1379 1
1380 1
1381 1
1382 0
1383 0
1384 1
1385 1
1386 2
1387 2
1388 1
1389 0
1390 1
1391 1
1392 1
1393 2
1394 0
1395 1
1396 1
1397 1
1398 1
1399 0
1400 0
1401 1
1402 0
1403 2
1404 0
1405 4
1406 0
1407 2
1408 1
1409 3
1410 0
1411 1
1412 1
1413 0
1414 0
1415 0
1416 1
1417 1
1418 1
1419 2
1420 0
1421 0
1422 1
1423 0
1424 1
1425 0
1426 1
1427 1
1428 1
1429 0
1430 0
1431 1
1432 1
1433 0
1434 1
1435 1
1436 0
1437 0
1438 0
1439 0
1440 0
1441 0
1442 0
1443 0
1444 0
1445 1
1446 1
1447 0
1448 2
1449 0
1450 2
1451 0
1452 0
1453 2
1454 0
1455 0
1456 0
1457 0
1458 0
1459 0
1460 1
1461 0
1462 1
1463 0
1464 0
1465 0
1466 0
1467 0
1468 0
1469 0
1470 0
1471 0
1472 0
1473 1
1474 0
1475 0
1476 1
1477 0
1478 1
1479 0
1480 0
1481 0
1482 1
1483 0
1484 0
1485 0
1486 0
1487 0
1488 0
1489 0
1490 1
1491 0
1492 0
1493 0
1494 0
1495 0
1496 1
1497 0
1498 0
1499 0
1500 0
1501 0
1502 0
1503 1
1504 0
1505 0
1506 1
1507 1
1508 0
1509 1
1510 0
1511 0
1512 0
1513 1
1514 0
1515 1
1516 0
1517 0
1518 0
1519 0
1520 0
1521 0
1522 0
1523 1
1524 0
1525 0
1526 0
1527 0
1528 0
1529 0
1530 0
1531 0
1532 0
1533 0
1534 0
1535 0
1536 0
1537 1
1538 0
1539 0
1540 0
1541 0
1542 0
1543 0
1544 0
1545 0
1546 0
1547 0
1548 1
1549 0
1576 0
1577 1
1578 0
1579 0
1580 0
1581 0
1582 0
1583 0
1584 0
1585 0
1586 0
1587 0
1588 0
1589 1
1590 0
1642 0
1643 1
1644 0
1645 0
1646 0
1647 0
1648 0
1649 0
1650 0
1651 0
1652 0
1653 0
1654 0
1655 0
1656 0
1657 0
1658 0
1659 0
1660 0
1661 0
1662 0
1663 0
1664 1
1665 0
1666 0
1667 0
1668 0
1669 0
1670 0
1671 0
1672 0
1673 0
1674 1
1675 0
1676 0
1677 0
1678 0
1679 0
1680 0
1681 0
1682 1
1683 0
1749 0
1750 1
1751 0
1872 0
1873 1
1874 0
1900 0
1901 1
1902 0
1933 0
1934 1
1935 0
1957 0
1958 1
1959 0
2055 0
2056 1
2057 0
2058 0
2059 0
2060 0
2061 0
2062 0
2063 0
2064 0
2065 0
2066 0
2067 0
2068 0
2069 1
2070 0
2071 0
2072 0
2073 0
2074 0
2075 0
2076 0
2077 0
2078 0
2079 0
2080 0
2081 1
2082 0
2121 0
2122 1
2123 0
2170 0
2171 1
2172 0
2173 0
2174 0
2175 0
2176 0
2177 0
2178 0
2179 0
2180 1
2181 0
2182 0
2183 0
2184 0
2185 0
2186 1
2187 0
2324 0
2325 1
2326 0
2455 0
2456 1
2457 0
2878 0
2879 1
2880 0
4094 0
4095 1212
OK
