Histogram of ADC0:
0 5572
1 124
2 120
3 127
4 140
5 129
6 133
7 120
8 133
9 134
10 154
11 118
12 147
13 147
14 155
15 152
16 141
17 150
18 142
19 163
20 171
21 168
22 177
23 169
24 174
25 154
26 189
27 184
28 170
29 171
30 189
31 178
32 192
33 173
34 221
35 184
36 224
37 218
38 214
39 204
40 237
41 215
42 228
43 225
44 219
45 270
46 249
47 245
48 254
49 274
50 258
51 251
52 269
53 283
54 262
55 284
56 298
57 307
58 313
59 263
60 296
61 299
62 309
63 268
64 314
65 305
66 351
67 344
68 329
69 315
70 359
71 347
72 394
73 372
74 365
75 347
76 351
77 384
78 361
79 386
80 414
81 371
82 382
83 369
84 379
85 397
86 426
87 427
88 440
89 439
90 460
91 434
92 424
93 467
94 437
95 441
96 453
97 449
98 498
99 441
100 485
101 455
102 521
103 510
104 533
105 504
106 556
107 507
108 552
109 553
110 546
111 576
112 588
113 541
114 607
115 573
116 589
117 565
118 634
119 611
120 645
121 662
122 651
123 641
124 592
125 647
126 631
127 641
128 714
129 736
130 699
131 686
132 778
133 722
134 739
135 778
136 746
137 778
138 752
139 705
140 791
141 776
142 844
143 816
144 841
145 840
146 876
147 852
148 753
149 896
150 901
151 878
152 897
153 929
154 950
155 905
156 913
157 911
158 950
159 899
160 964
161 999
162 1039
163 1004
164 1033
165 1000
166 1038
167 1048
168 1090
169 1060
170 1089
171 1116
172 1076
173 1103
174 1109
175 1102
176 1075
177 1110
178 1131
179 1108
180 1235
181 1131
182 1181
183 1209
184 1138
185 1182
186 1209
187 1205
188 1232
189 1260
190 1302
191 1173
192 1257
193 1295
194 1311
195 1243
196 1369
197 1345
198 1263
199 1429
200 1326
201 1352
202 1413
203 1292
204 1436
205 1408
206 1405
207 1466
208 1495
209 1446
210 1598
211 1407
212 1538
213 1538
214 1525
215 1570
216 1537
217 1498
218 1641
219 1577
220 1661
221 1585
222 1647
223 1467
224 1661
225 1639
226 1707
227 1627
228 1659
229 1692
230 1679
231 1703
232 1759
233 1799
234 1760
235 1629
236 1780
237 1734
238 1781
239 1812
240 1831
241 1880
242 1834
243 1876
244 1920
245 1871
246 1893
247 1886
248 1871
249 1872
250 1930
251 1907
252 1928
253 1923
254 1929
255 1889
256 2068
257 1968
258 2046
259 1978
260 2085
261 1974
262 1950
263 2008
264 2113
265 2056
266 2137
267 2023
268 2158
269 2152
270 2107
271 2064
272 2179
273 2147
274 2292
275 2129
276 2190
277 2224
278 2156
279 2246
280 2293
281 2254
282 2223
283 2200
284 2222
285 2221
286 2187
287 2004
288 2324
289 2328
290 2245
291 2312
292 2327
293 2319
294 2319
295 2223
296 2403
297 2285
298 2413
299 2359
300 2468
301 2349
302 2482
303 2397
304 2462
305 2457
306 2516
307 2412
308 2417
309 2408
310 2489
311 2357
312 2472
313 2382
314 2562
315 2467
316 2497
317 2480
318 2427
319 2287
320 2682
321 2497
322 2510
323 2495
324 2610
325 2479
326 2595
327 2492
328 2595
329 2475
330 2594
331 2566
332 2683
333 2550
334 2657
335 2629
336 2674
337 2520
338 2601
339 2564
340 2746
341 2704
342 2701
343 2720
344 2623
345 2664
346 2788
347 2675
348 2728
349 2745
350 2846
351 2552
352 2965
353 2874
354 2964
355 2783
356 3056
357 2913
358 2955
359 2824
360 3063
361 2920
362 3121
363 3003
364 3194
365 3208
366 3130
367 3162
368 3284
369 3099
370 3152
371 3024
372 3303
373 3292
374 3305
375 3151
376 3263
377 3323
378 3450
379 3226
380 3406
381 3363
382 3526
383 3251
384 3603
385 3404
386 3393
387 3281
388 3556
389 3516
390 3460
391 3273
392 3626
393 3372
394 3569
395 3363
396 3428
397 3333
398 3443
399 3304
400 3528
401 3292
402 3394
403 3127
404 3245
405 3228
406 3292
407 3161
408 3295
409 3127
410 3069
411 2950
412 3149
413 3003
414 2852
415 2538
416 3106
417 2741
418 2923
419 2667
420 2827
421 2587
422 2698
423 2360
424 2574
425 2394
426 2520
427 2319
428 2391
429 2254
430 2274
431 2207
432 2139
433 2127
434 2188
435 2000
436 2149
437 2019
438 1944
439 1883
440 1959
441 1835
442 1899
443 1747
444 1831
445 1794
446 1743
447 1522
448 1751
449 1647
450 1642
451 1502
452 1613
453 1585
454 1590
455 1463
456 1527
457 1427
458 1463
459 1335
460 1410
461 1369
462 1410
463 1297
464 1368
465 1324
466 1376
467 1221
468 1316
469 1326
470 1264
471 1181
472 1150
473 1165
474 1089
475 1111
476 1150
477 1073
478 1124
479 942
480 1044
481 1081
482 994
483 1025
484 1058
485 997
486 986
487 978
488 979
489 899
490 954
491 893
492 911
493 874
494 900
495 842
496 870
497 829
498 851
499 824
500 833
501 812
502 858
503 778
504 798
505 764
506 785
507 752
508 772
509 734
510 734
511 521
512 814
513 718
514 739
515 655
516 687
517 733
518 716
519 626
520 698
521 730
522 676
523 632
524 670
525 659
526 622
527 612
528 630
529 594
530 656
531 579
532 626
533 584
534 611
535 564
536 583
537 576
538 604
539 598
540 596
541 558
542 617
543 499
544 583
545 521
546 575
547 546
548 574
549 571
550 605
551 490
552 514
553 522
554 540
555 482
556 534
557 532
558 514
559 530
560 523
561 497
562 538
563 474
564 492
565 504
566 482
567 499
568 498
569 472
570 491
571 485
572 495
573 495
574 450
575 428
576 539
577 467
578 518
579 396
580 466
581 468
582 420
583 452
584 474
585 470
586 442
587 432
588 467
589 441
590 452
591 421
592 457
593 381
594 413
595 410
596 427
597 423
598 408
599 409
600 427
601 414
602 403
603 399
604 434
605 418
606 378
607 321
608 393
609 386
610 384
611 348
612 355
613 391
614 381
615 350
616 373
617 377
618 367
619 324
620 347
621 355
622 327
623 341
624 378
625 318
626 362
627 320
628 353
629 353
630 320
631 319
632 342
633 307
634 294
635 288
636 310
637 283
638 314
639 266
640 341
641 298
642 307
643 265
644 328
645 306
646 267
647 283
648 281
649 273
650 269
651 297
652 297
653 255
654 248
655 268
656 269
657 254
658 246
659 244
660 261
661 249
662 246
663 227
664 244
665 229
666 226
667 251
668 238
669 224
670 247
671 187
672 239
673 207
674 224
675 201
676 186
677 200
678 224
679 186
680 202
681 185
682 196
683 160
684 177
685 191
686 197
687 158
688 191
689 183
690 187
691 151
692 203
693 142
694 150
695 167
696 193
697 163
698 144
699 137
700 127
701 137
702 124
703 123
704 149
705 116
706 129
707 113
708 126
709 105
710 127
711 110
712 148
713 125
714 120
715 116
716 111
717 99
718 91
719 112
720 100
721 127
722 96
723 87
724 106
725 95
726 89
727 100
728 77
729 86
730 82
731 76
732 89
733 111
734 80
735 74
736 84
737 68
738 80
739 83
740 71
741 70
742 79
743 61
744 73
745 61
746 65
747 47
748 53
749 68
750 66
751 54
752 69
753 55
754 49
755 53
756 50
757 68
758 52
759 44
760 42
761 46
762 57
763 40
764 54
765 46
766 35
767 35
768 47
769 53
770 37
771 45
772 56
773 34
774 40
775 38
776 55
777 40
778 36
779 42
780 45
781 42
782 31
783 40
784 40
785 27
786 31
787 30
788 26
789 31
790 34
791 31
792 27
793 32
794 31
795 34
796 29
797 32
798 32
799 21
800 29
801 24
802 31
803 24
804 29
805 20
806 23
807 19
808 28
809 19
810 16
811 29
812 22
813 28
814 22
815 16
816 24
817 26
818 17
819 25
820 18
821 18
822 27
823 20
824 12
825 22
826 11
827 18
828 10
829 17
830 14
831 11
832 22
833 11
834 20
835 16
836 17
837 9
838 21
839 14
840 19
841 12
842 15
843 11
844 11
845 9
846 18
847 15
848 13
849 15
850 12
851 13
852 14
853 14
854 16
855 10
856 12
857 3
858 12
859 10
860 12
861 10
862 10
863 7
864 12
865 9
866 5
867 21
868 7
869 5
870 8
871 7
872 15
873 9
874 10
875 13
876 6
877 8
878 8
879 6
880 12
881 8
882 16
883 4
884 10
885 13
886 7
887 4
888 9
889 11
890 5
891 14
892 6
893 11
894 7
895 15
896 10
897 9
898 9
899 3
900 10
901 8
902 9
903 5
904 4
905 9
906 6
907 5
908 6
909 7
910 5
911 8
912 7
913 13
914 8
915 1
916 4
917 9
918 6
919 6
920 6
921 5
922 8
923 8
924 6
925 2
926 6
927 6
928 6
929 4
930 4
931 1
932 5
933 5
934 7
935 6
936 4
937 8
938 4
939 5
940 8
941 6
942 3
943 7
944 7
945 1
946 4
947 4
948 3
949 8
950 4
951 2
952 5
953 0
954 10
955 2
956 5
957 3
958 4
959 4
960 5
961 5
962 3
963 5
964 8
965 9
966 3
967 5
968 8
969 2
970 3
971 2
972 4
973 8
974 6
975 6
976 6
977 3
978 3
979 5
980 4
981 5
982 3
983 4
984 4
985 6
986 5
987 1
988 4
989 4
990 4
991 3
992 8
993 6
994 7
995 7
996 4
997 3
998 4
999 2
1000 5
1001 4
1002 4
1003 2
1004 9
1005 2
1006 3
1007 6
1008 4
1009 5
1010 3
1011 3
1012 8
1013 2
1014 2
1015 4
1016 2
1017 3
1018 3
1019 5
1020 7
1021 8
1022 7
1023 3
1024 6
1025 0
1026 4
1027 4
1028 5
1029 4
1030 7
1031 5
1032 4
1033 6
1034 8
1035 5
1036 1
1037 3
1038 5
1039 8
1040 3
1041 3
1042 2
1043 7
1044 5
1045 5
1046 3
1047 4
1048 4
1049 5
1050 4
1051 6
1052 5
1053 4
1054 6
1055 9
1056 7
1057 2
1058 6
1059 6
1060 1
1061 3
1062 4
1063 0
1064 3
1065 3
1066 5
1067 7
1068 7
1069 5
1070 5
1071 3
1072 4
1073 6
1074 3
1075 7
1076 7
1077 3
1078 4
1079 4
1080 6
1081 3
1082 3
1083 7
1084 6
1085 6
1086 5
1087 3
1088 5
1089 1
1090 2
1091 2
1092 6
1093 7
1094 3
1095 6
1096 7
1097 5
1098 5
1099 6
1100 3
1101 4
1102 9
1103 3
1104 7
1105 6
1106 6
1107 5
1108 4
1109 3
1110 4
1111 5
1112 6
1113 4
1114 5
1115 10
1116 2
1117 5
1118 5
1119 2
1120 7
1121 10
1122 4
1123 2
1124 9
1125 7
1126 11
1127 6
1128 4
1129 6
1130 6
1131 3
1132 7
1133 7
1134 7
1135 5
1136 7
1137 7
1138 6
1139 2
1140 7
1141 3
1142 7
1143 6
1144 3
1145 6
1146 5
1147 5
1148 11
1149 5
1150 9
1151 7
1152 7
1153 5
1154 6
1155 2
1156 4
1157 4
1158 5
1159 7
1160 8
1161 3
1162 5
1163 8
1164 6
1165 2
1166 2
1167 5
1168 3
1169 2
1170 6
1171 5
1172 10
1173 6
1174 4
1175 8
1176 1
1177 7
1178 7
1179 7
1180 7
1181 7
1182 5
1183 4
1184 7
1185 8
1186 6
1187 3
1188 3
1189 3
1190 5
1191 6
1192 3
1193 4
1194 8
1195 5
1196 5
1197 8
1198 6
1199 3
1200 9
1201 4
1202 4
1203 6
1204 9
1205 8
1206 4
1207 4
1208 3
1209 3
1210 8
1211 2
1212 7
1213 7
1214 4
1215 1
1216 8
1217 5
1218 4
1219 5
1220 6
1221 4
1222 9
1223 4
1224 6
1225 5
1226 7
1227 5
1228 6
1229 6
1230 5
1231 5
1232 5
1233 3
1234 4
1235 6
1236 4
1237 7
1238 4
1239 6
1240 6
1241 8
1242 5
1243 4
1244 8
1245 9
1246 3
1247 3
1248 3
1249 6
1250 9
1251 7
1252 4
1253 4
1254 4
1255 2
1256 3
1257 3
1258 2
1259 4
1260 4
1261 1
1262 3
1263 4
1264 5
1265 2
1266 2
1267 5
1268 6
1269 9
1270 5
1271 6
1272 3
1273 2
1274 1
1275 3
1276 5
1277 6
1278 0
1279 4
1280 7
1281 3
1282 2
1283 6
1284 6
1285 1
1286 4
1287 3
1288 2
1289 2
1290 4
1291 5
1292 3
1293 5
1294 5
1295 3
1296 4
1297 3
1298 2
1299 1
1300 2
1301 4
1302 2
1303 4
1304 3
1305 1
1306 1
1307 3
1308 9
1309 4
1310 5
1311 2
1312 5
1313 2
1314 5
1315 1
1316 4
1317 3
1318 1
1319 2
1320 6
1321 4
1322 5
1323 2
1324 1
1325 1
1326 2
1327 3
1328 2
1329 3
1330 4
1331 2
1332 0
1333 7
1334 4
1335 2
1336 2
1337 5
1338 4
1339 4
1340 3
1341 5
1342 5
1343 2
1344 5
1345 3
1346 2
1347 2
1348 1
1349 1
1350 5
1351 3
1352 2
1353 4
1354 0
1355 3
1356 5
1357 4
1358 1
1359 1
1360 5
1361 1
1362 2
1363 0
1364 1
1365 2
1366 1
1367 1
1368 3
1369 1
1370 1
1371 0
1372 3
1373 1
1374 2
1375 0
1376 2
1377 1
1378 1
1379 0
1380 1
1381 0
1382 1
1383 5
1384 4
1385 0
1386 1
1387 3
1388 0
1389 0
1390 1
1391 3
1392 2
1393 0
1394 0
1395 1
1396 1
1397 0
1398 3
1399 0
1400 1
1401 0
1402 1
1403 2
1404 2
1405 1
1406 0
1407 0
1408 1
1409 3
1410 1
1411 1
1412 1
1413 0
1414 2
1415 4
1416 1
1417 0
1418 1
1419 1
1420 0
1421 0
1422 1
1423 1
1424 2
1425 2
1426 1
1427 1
1428 0
1429 3
1430 1
1431 1
1432 0
1433 1
1434 0
1435 2
1436 0
1437 1
1438 0
1439 0
1440 2
1441 1
1442 0
1443 0
1444 0
1445 1
1446 2
1447 0
1448 0
1449 0
1450 0
1451 0
1452 1
1453 2
1454 0
1455 0
1456 1
1457 0
1458 0
1459 0
1460 1
1461 1
1462 0
1463 0
1464 3
1465 2
1466 1
1467 0
1468 1
1469 0
1470 0
1471 0
1472 0
1473 0
1474 1
1475 2
1476 1
1477 0
1478 0
1479 1
1480 1
1481 2
1482 0
1483 0
1484 1
1485 0
1486 0
1487 0
1488 0
1489 1
1490 0
1491 0
1492 0
1493 1
1494 1
1495 0
1496 1
1497 0
1498 2
1499 1
1500 0
1501 0
1502 0
1503 1
1504 0
1505 1
1506 1
1507 0
1508 0
1509 0
1510 0
1511 1
1512 1
1513 0
1514 0
1515 0
1516 0
1517 1
1518 0
1519 0
1520 0
1521 1
1522 0
1523 1
1524 1
1525 0
1526 0
1527 1
1528 0
1529 0
1530 1
1531 0
1532 0
1533 0
1534 0
1535 0
1536 0
1537 1
1538 1
1539 0
1540 0
1541 0
1542 1
1543 0
1544 0
1545 0
1546 0
1547 0
1548 0
1549 1
1550 0
1575 0
1576 1
1577 0
1578 0
1579 0
1580 0
1581 0
1582 0
1583 0
1584 0
1585 0
1586 0
1587 0
1588 0
1589 2
1590 0
1591 0
1592 0
1593 0
1594 0
1595 0
1596 0
1597 0
1598 0
1599 1
1600 0
1601 0
1602 0
1603 0
1604 1
1605 0
1634 0
1635 1
1636 0
1637 0
1638 0
1639 0
1640 0
1641 0
1642 0
1643 0
1644 0
1645 0
1646 0
1647 1
1648 0
1649 0
1650 0
1651 0
1652 0
1653 0
1654 0
1655 0
1656 0
1657 0
1658 0
1659 0
1660 1
1661 0
1662 0
1663 0
1664 0
1665 1
1666 0
1667 0
1668 0
1669 0
1670 0
1671 0
1672 0
1673 0
1674 0
1675 1
1676 0
1677 0
1678 0
1679 0
1680 0
1681 0
1682 0
1683 0
1684 0
1685 1
1686 0
1687 0
1688 1
1689 0
1690 0
1691 0
1692 1
1693 0
1694 0
1695 0
1696 0
1697 0
1698 0
1699 0
1700 0
1701 0
1702 0
1703 0
1704 0
1705 0
1706 0
1707 1
1708 0
1709 1
1710 0
1779 0
1780 1
1781 0
1857 0
1858 1
1859 0
1942 0
1943 1
1944 0
2042 0
2043 1
2044 0
2045 0
2046 0
2047 0
2048 0
2049 0
2050 0
2051 0
2052 0
2053 0
2054 0
2055 1
2056 0
2057 0
2058 0
2059 0
2060 0
2061 0
2062 0
2063 0
2064 0
2065 0
2066 0
2067 0
2068 0
2069 0
2070 1
2071 0
2331 0
2332 1
2333 0
2423 0
2424 1
2425 0
2461 0
2462 1
2463 0
2512 0
2513 1
2514 0
2564 0
2565 1
2566 0
2567 0
2568 0
2569 0
2570 0
2571 0
2572 0
2573 0
2574 0
2575 0
2576 1
2577 0
2799 0
2800 1
2801 0
2924 0
2925 1
2926 0
3838 0
3839 1
3840 0
4094 0
4095 1069
OK
