Histogram of ADC12:
7 0
8 25
9 710
10 252338
11 573077
12 48663
13 1195
14 1445
15 214
16 20
17 4
18 0
19 0
20 1
21 0
22 2
23 0
24 2
25 2
26 2
27 6
28 2
29 0
30 0
31 0
32 0
33 0
34 1
35 0
36 1
37 0
38 0
39 1
40 2
41 1
42 1
43 1
44 3
45 2
46 0
47 4
48 2
49 2
50 0
51 0
52 0
53 2
54 0
55 3
56 2
57 1
58 3
59 0
60 1
61 0
62 4
63 1
64 0
65 1
66 2
67 0
68 3
69 1
70 0
71 0
72 1
73 0
74 0
75 1
76 1
77 0
78 0
79 0
80 0
81 3
82 0
83 0
84 0
85 0
86 1
87 1
88 0
89 1
90 0
91 0
92 1
93 0
94 0
95 0
96 2
97 0
98 2
99 0
100 0
101 1
102 0
103 1
104 2
105 1
106 1
107 1
108 0
109 3
110 1
111 3
112 1
113 1
114 1
115 7
116 1
117 3
118 2
119 0
120 2
121 3
122 2
123 1
124 2
125 1
126 2
127 0
128 0
129 0
130 0
131 0
132 0
133 1
134 0
135 0
136 0
137 1
138 0
139 0
140 0
141 1
142 1
143 0
144 0
145 0
146 0
147 0
148 0
149 0
150 0
151 0
152 0
153 0
154 0
155 0
156 1
157 0
158 0
159 1
160 1
161 1
162 0
163 1
164 1
165 0
166 1
167 1
168 1
169 2
170 1
171 0
172 0
173 0
174 1
175 2
176 0
177 1
178 2
179 1
180 2
181 1
182 3
183 3
184 6
185 0
186 5
187 3
188 1
189 5
190 2
191 3
192 2
193 2
194 2
195 0
196 0
197 5
198 0
199 3
200 2
201 1
202 2
203 2
204 0
205 0
206 0
207 2
208 0
209 0
210 0
211 0
212 1
213 1
214 0
215 0
216 0
217 0
218 0
219 0
220 0
221 0
222 2
223 3
224 1
225 1
226 2
227 1
228 10
229 7
230 8
231 16
232 11
233 16
234 27
235 34
236 47
237 44
238 39
239 43
240 29
241 40
242 30
243 46
244 37
245 39
246 52
247 30
248 36
249 37
250 46
251 26
252 31
253 24
254 19
255 7
256 6
257 4
258 8
259 0
260 0
261 1
262 0
263 1
264 0
2054 0
2055 1
2056 0
OK
