Histogram of ADC2:
0 2152
1 3487
2 6524
3 11143
4 17310
5 26373
6 39363
7 51751
8 61270
9 63029
10 59592
11 62506
12 82437
13 106960
14 91579
15 58085
16 39745
17 25638
18 17741
19 13121
20 10813
21 9164
22 6611
23 3961
24 2121
25 1138
26 652
27 430
28 311
29 209
30 184
31 108
32 113
33 125
34 114
35 82
36 114
37 122
38 98
39 129
40 135
41 142
42 144
43 138
44 119
45 134
46 99
47 98
48 74
49 54
50 47
51 21
52 23
53 8
54 5
55 6
56 3
57 1
58 2
59 3
60 0
61 0
62 2
63 2
64 0
65 1
66 0
67 1
68 1
69 0
70 1
71 2
72 0
73 1
74 1
75 0
76 0
77 0
78 0
79 0
80 1
81 0
82 0
83 0
84 0
85 0
86 0
87 1
88 0
89 0
90 0
91 0
92 0
93 0
94 1
95 0
96 1
97 0
98 0
99 1
100 0
101 0
102 0
103 1
104 0
105 1
106 1
107 0
108 0
109 0
110 1
111 0
112 0
113 1
114 0
115 0
116 0
117 0
118 0
119 1
120 0
121 2
122 0
123 0
124 0
125 0
126 0
127 2
128 0
129 0
130 0
131 0
132 0
133 1
134 1
135 0
136 0
137 0
138 0
139 0
140 0
141 0
142 0
143 0
144 0
145 0
146 0
147 0
148 0
149 1
150 0
151 0
152 0
153 0
154 0
155 0
156 0
157 0
158 0
159 0
160 0
161 0
162 0
163 0
164 0
165 0
166 1
167 0
168 0
169 0
170 0
171 0
172 0
173 0
174 2
175 0
176 0
177 0
178 0
179 0
180 0
181 0
182 0
183 0
184 0
185 0
186 1
187 0
188 0
189 0
190 0
191 0
192 0
193 0
194 0
195 0
196 0
197 0
198 1
199 0
200 0
201 0
202 0
203 0
204 0
205 0
206 0
207 0
208 0
209 1
210 0
211 0
212 1
213 0
214 0
215 0
216 0
217 0
218 1
219 0
220 0
221 1
222 0
223 0
224 0
225 0
226 0
227 0
228 0
229 0
230 1
231 3
232 0
233 0
234 0
235 0
236 0
237 0
238 1
239 0
240 1
241 1
242 1
243 0
316 0
317 1
318 0
319 0
320 0
321 0
322 0
323 0
324 0
325 0
326 0
327 0
328 0
329 0
330 0
331 0
332 0
333 0
334 0
335 0
336 1
337 0
370 0
371 1
372 1
373 0
374 0
375 0
376 0
377 0
378 0
379 0
380 1
381 0
382 0
383 0
384 0
385 0
386 0
387 0
388 0
389 0
390 0
391 0
392 0
393 1
394 0
395 0
396 0
397 0
398 0
399 0
400 0
401 0
402 0
403 0
404 0
405 1
406 0
407 1
408 0
409 0
410 0
411 0
412 0
413 0
414 0
415 0
416 0
417 0
418 0
419 0
420 1
421 0
422 0
423 0
424 0
425 2
426 0
427 0
428 0
429 0
430 0
431 1
432 0
433 0
434 0
435 0
436 0
437 1
438 0
459 0
460 1
461 0
462 1
463 0
464 1
465 1
466 0
467 0
468 0
469 0
470 0
471 0
472 1
473 0
474 0
475 0
476 2
477 0
478 0
479 0
480 0
481 0
482 0
483 0
484 0
485 0
486 1
487 0
530 0
531 1
532 0
533 1
534 0
535 0
536 0
537 0
538 0
539 0
540 0
541 0
542 0
543 0
544 0
545 1
546 0
547 0
548 1
549 0
550 0
551 0
552 0
553 1
554 0
555 0
556 0
557 1
558 0
559 0
560 0
561 1
562 0
563 0
564 0
565 0
566 0
567 0
568 1
569 0
570 0
571 0
572 0
573 0
574 0
575 0
576 0
577 0
578 0
579 0
580 0
581 0
582 0
583 0
584 1
585 0
586 0
587 0
588 1
589 0
590 1
591 0
614 0
615 1
616 0
617 0
618 0
619 0
620 0
621 0
622 0
623 0
624 0
625 0
626 0
627 1
628 0
629 0
630 0
631 0
632 0
633 0
634 1
635 1
636 1
637 0
638 0
639 0
640 0
641 0
642 0
643 0
644 0
645 0
646 0
647 1
648 0
649 0
650 0
651 0
652 0
653 0
654 0
655 0
656 0
657 0
658 0
659 0
660 0
661 0
662 0
663 0
664 0
665 1
666 0
667 0
668 0
669 0
670 0
671 0
672 0
673 0
674 0
675 0
676 0
677 0
678 1
679 0
680 0
681 0
682 0
683 0
684 1
685 0
686 0
687 0
688 0
689 0
690 0
691 0
692 0
693 0
694 0
695 0
696 0
697 0
698 0
699 0
700 1
701 0
702 0
703 0
704 1
705 0
706 1
707 0
708 0
709 0
710 0
711 0
712 0
713 0
714 0
715 0
716 0
717 0
718 1
719 0
754 0
755 1
756 0
784 0
785 1
786 0
807 0
808 1
809 0
860 0
861 1
862 0
863 0
864 0
865 2
866 0
918 0
919 1
920 0
942 0
943 1
944 0
945 0
946 0
947 0
948 0
949 0
950 0
951 0
952 0
953 0
954 0
955 0
956 0
957 0
958 0
959 0
960 0
961 0
962 1
963 0
999 0
1000 1
1001 0
1034 0
1035 1
1036 0
1037 0
1038 0
1039 0
1040 1
1041 0
1067 0
1068 1
1069 1
1070 0
1096 0
1097 1
1098 0
1130 0
1131 1
1132 0
1133 0
1134 0
1135 0
1136 0
1137 0
1138 0
1139 0
1140 0
1141 0
1142 1
1143 1
1144 0
1145 0
1146 1
1147 0
1148 0
1149 0
1150 0
1151 0
1152 0
1153 0
1154 0
1155 0
1156 0
1157 0
1158 0
1159 0
1160 0
1161 0
1162 0
1163 0
1164 0
1165 0
1166 1
1167 0
1168 0
1169 0
1170 0
1171 0
1172 0
1173 0
1174 0
1175 0
1176 0
1177 0
1178 0
1179 0
1180 0
1181 0
1182 0
1183 0
1184 1
1185 0
1186 0
1187 0
1188 0
1189 0
1190 0
1191 0
1192 0
1193 0
1194 0
1195 0
1196 1
1197 1
1198 0
1199 0
1200 0
1201 0
1202 0
1203 1
1204 0
1205 0
1206 0
1207 0
1208 0
1209 0
1210 0
1211 0
1212 0
1213 0
1214 0
1215 0
1216 0
1217 0
1218 0
1219 0
1220 0
1221 1
1222 1
1223 0
1224 0
1225 0
1226 1
1227 0
1228 0
1229 1
1230 0
1231 0
1232 0
1233 0
1234 0
1235 0
1236 0
1237 0
1238 0
1239 1
1240 0
1241 0
1242 1
1243 0
1244 0
1245 0
1246 0
1247 0
1248 0
1249 0
1250 0
1251 0
1252 0
1253 0
1254 0
1255 0
1256 1
1257 0
1258 0
1259 0
1260 0
1261 0
1262 0
1263 0
1264 0
1265 0
1266 0
1267 1
1268 0
1269 0
1270 1
1271 0
1272 0
1273 1
1274 1
1275 0
1276 0
1277 0
1278 2
1279 0
1280 0
1281 1
1282 0
1283 0
1284 0
1285 1
1286 0
1287 0
1288 0
1289 0
1290 0
1291 0
1292 0
1293 1
1294 0
1295 0
1296 0
1297 0
1298 0
1299 1
1300 0
1301 0
1302 2
1303 0
1304 0
1305 0
1306 0
1307 0
1308 0
1309 0
1310 0
1311 0
1312 1
1313 0
1314 0
1315 0
1316 0
1317 0
1318 0
1319 0
1320 0
1321 0
1322 0
1323 0
1324 0
1325 0
1326 0
1327 0
1328 1
1329 0
1330 1
1331 0
1332 0
1333 0
1334 0
1335 0
1336 0
1337 1
1338 0
1339 0
1340 0
1341 0
1342 1
1343 0
1344 0
1345 0
1346 0
1347 0
1348 0
1349 0
1350 2
1351 0
1352 1
1353 0
1354 0
1355 0
1356 0
1357 0
1358 0
1359 0
1360 0
1361 0
1362 0
1363 0
1364 1
1365 0
1366 0
1367 0
1368 0
1369 0
1370 0
1371 0
1372 0
1373 0
1374 0
1375 0
1376 0
1377 0
1378 0
1379 0
1380 1
1381 0
1382 0
1383 0
1384 0
1385 0
1386 2
1387 0
1388 0
1389 0
1390 0
1391 0
1392 0
1393 0
1394 0
1395 0
1396 0
1397 0
1398 0
1399 0
1400 0
1401 0
1402 1
1403 0
1404 1
1405 0
1491 0
1492 1
1493 0
1539 0
1540 1
1541 0
1580 0
1581 1
1582 0
1602 0
1603 1
1604 0
1783 0
1784 1
1785 0
1829 0
1830 1
1831 0
1832 0
1833 0
1834 1
1835 0
1836 0
1837 0
1838 0
1839 0
1840 0
1841 0
1842 1
1843 0
1876 0
1877 1
1878 0
1879 0
1880 0
1881 0
1882 0
1883 0
1884 0
1885 0
1886 0
1887 0
1888 0
1889 0
1890 0
1891 0
1892 0
1893 0
1894 0
1895 0
1896 1
1897 0
1918 0
1919 1
1920 0
1921 0
1922 0
1923 0
1924 0
1925 0
1926 0
1927 0
1928 0
1929 0
1930 0
1931 0
1932 0
1933 1
1934 0
1935 0
1936 0
1937 0
1938 0
1939 0
1940 0
1941 0
1942 0
1943 0
1944 0
1945 0
1946 0
1947 0
1948 0
1949 0
1950 0
1951 0
1952 0
1953 1
1954 0
1955 0
1956 0
1957 0
1958 0
1959 1
1960 0
1961 0
1962 0
1963 0
1964 0
1965 1
1966 0
1967 0
1968 0
1969 1
1970 0
2011 0
2012 1
2013 0
2014 0
2015 0
2016 0
2017 0
2018 0
2019 0
2020 0
2021 0
2022 0
2023 0
2024 0
2025 1
2026 0
2027 0
2028 0
2029 0
2030 1
2031 0
2054 0
2055 1
2056 0
2057 0
2058 0
2059 0
2060 0
2061 0
2062 0
2063 0
2064 0
2065 0
2066 0
2067 0
2068 0
2069 1
2070 0
2071 0
2072 1
2073 0
2074 0
2075 0
2076 0
2077 1
2078 0
2079 0
2080 0
2081 0
2082 0
2083 0
2084 1
2085 0
2086 0
2087 0
2088 0
2089 0
2090 0
2091 0
2092 0
2093 0
2094 0
2095 0
2096 1
2097 0
2098 0
2099 0
2100 0
2101 0
2102 0
2103 0
2104 0
2105 0
2106 0
2107 0
2108 1
2109 0
2110 0
2111 0
2112 0
2113 0
2114 0
2115 0
2116 0
2117 1
2118 0
2119 0
2120 0
2121 0
2122 0
2123 0
2124 0
2125 0
2126 1
2127 1
2128 1
2129 0
2130 0
2131 0
2132 0
2133 0
2134 1
2135 0
2136 1
2137 0
2138 0
2139 0
2140 0
2141 0
2142 0
2143 0
2144 0
2145 0
2146 0
2147 0
2148 1
2149 1
2150 1
2151 0
2152 0
2153 0
2154 1
2155 1
2156 0
2157 0
2158 0
2159 1
2160 0
2161 0
2162 1
2163 0
2164 0
2165 0
2166 0
2167 0
2168 0
2169 0
2170 0
2171 0
2172 0
2173 1
2174 0
2175 0
2176 0
2177 0
2178 0
2179 0
2180 0
2181 0
2182 2
2183 0
2184 0
2185 1
2186 1
2187 0
2188 1
2189 0
2190 0
2191 0
2192 0
2193 0
2194 0
2195 0
2196 0
2197 0
2198 1
2199 1
2200 0
2201 0
2202 0
2203 0
2204 0
2205 0
2206 0
2207 0
2208 0
2209 1
2210 0
2211 0
2212 0
2213 0
2214 1
2215 0
2216 0
2217 0
2218 0
2219 2
2220 1
2221 1
2222 0
2223 1
2224 0
2225 0
2226 0
2227 0
2228 0
2229 1
2230 0
2231 0
2232 0
2233 0
2234 0
2235 0
2236 0
2237 0
2238 0
2239 1
2240 0
2241 0
2242 0
2243 0
2244 1
2245 0
2246 0
2247 1
2248 0
2249 0
2250 0
2251 0
2252 0
2253 0
2254 0
2255 0
2256 0
2257 1
2258 0
2259 1
2260 0
2261 0
2262 0
2263 0
2264 0
2265 0
2266 0
2267 0
2268 1
2269 0
2270 0
2271 0
2272 0
2273 0
2274 0
2275 0
2276 0
2277 1
2278 0
2279 0
2280 1
2281 0
2282 0
2283 0
2284 0
2285 0
2286 0
2287 0
2288 0
2289 0
2290 0
2291 0
2292 0
2293 0
2294 1
2295 0
2318 0
2319 2
2320 0
2321 0
2322 1
2323 0
2324 1
2325 0
2326 0
2327 0
2328 0
2329 0
2330 1
2331 0
2332 0
2333 0
2334 0
2335 0
2336 0
2337 0
2338 0
2339 0
2340 0
2341 0
2342 0
2343 0
2344 0
2345 0
2346 1
2347 0
2348 0
2349 0
2350 0
2351 0
2352 1
2353 0
2354 0
2355 0
2356 1
2357 0
2358 0
2359 0
2360 0
2361 0
2362 0
2363 0
2364 0
2365 0
2366 1
2367 1
2368 1
2369 0
2390 0
2391 1
2392 0
2393 0
2394 1
2395 0
2396 1
2397 0
2398 0
2399 0
2400 0
2401 0
2402 0
2403 1
2404 0
2452 0
2453 1
2454 0
2455 1
2456 0
2512 0
2513 1
2514 0
2539 0
2540 1
2541 0
2647 0
2648 1
2649 0
2650 0
2651 0
2652 0
2653 1
2654 0
2655 0
2656 0
2657 0
2658 0
2659 0
2660 0
2661 0
2662 2
2663 0
2664 0
2665 0
2666 0
2667 1
2668 0
2669 0
2670 0
2671 0
2672 0
2673 0
2674 0
2675 0
2676 0
2677 0
2678 0
2679 0
2680 0
2681 1
2682 0
2683 0
2684 0
2685 0
2686 1
2687 0
2688 0
2689 0
2690 0
2691 0
2692 0
2693 0
2694 1
2695 0
2696 0
2697 0
2698 0
2699 0
2700 0
2701 0
2702 0
2703 0
2704 1
2705 0
2706 0
2707 0
2708 0
2709 0
2710 0
2711 0
2712 0
2713 0
2714 0
2715 0
2716 0
2717 1
2718 1
2719 1
2720 0
2721 1
2722 2
2723 0
2724 2
2725 0
2726 2
2727 0
2728 0
2729 0
2730 0
2731 1
2732 2
2733 0
2734 0
2735 0
2736 2
2737 1
2738 1
2739 0
2740 0
2741 0
2742 1
2743 0
2744 1
2745 1
2746 2
2747 0
2748 1
2749 0
2750 1
2751 0
2752 0
2753 1
2754 3
2755 1
2756 1
2757 3
2758 3
2759 1
2760 0
2761 0
2762 2
2763 0
2764 2
2765 0
2766 0
2767 0
2768 0
2769 1
2770 0
2771 2
2772 2
2773 0
2774 2
2775 3
2776 1
2777 0
2778 1
2779 1
2780 1
2781 0
2782 0
2783 2
2784 1
2785 0
2786 1
2787 3
2788 2
2789 3
2790 0
2791 1
2792 2
2793 3
2794 4
2795 2
2796 3
2797 1
2798 1
2799 1
2800 4
2801 3
2802 2
2803 1
2804 2
2805 3
2806 2
2807 1
2808 8
2809 2
2810 0
2811 4
2812 5
2813 2
2814 2
2815 5
2816 5
2817 2
2818 2
2819 1
2820 2
2821 4
2822 5
2823 3
2824 6
2825 3
2826 3
2827 6
2828 3
2829 3
2830 6
2831 2
2832 7
2833 5
2834 1
2835 4
2836 4
2837 4
2838 3
2839 2
2840 4
2841 2
2842 6
2843 2
2844 3
2845 0
2846 6
2847 2
2848 6
2849 2
2850 2
2851 4
2852 2
2853 2
2854 4
2855 1
2856 3
2857 3
2858 3
2859 7
2860 4
2861 1
2862 2
2863 4
2864 6
2865 4
2866 4
2867 2
2868 5
2869 4
2870 3
2871 3
2872 0
2873 3
2874 3
2875 3
2876 3
2877 8
2878 1
2879 2
2880 4
2881 1
2882 3
2883 3
2884 0
2885 4
2886 4
2887 5
2888 4
2889 2
2890 0
2891 0
2892 1
2893 0
2894 5
2895 2
2896 6
2897 5
2898 1
2899 1
2900 4
2901 3
2902 3
2903 4
2904 8
2905 1
2906 6
2907 6
2908 2
2909 6
2910 1
2911 3
2912 3
2913 2
2914 7
2915 4
2916 5
2917 5
2918 3
2919 3
2920 2
2921 2
2922 4
2923 1
2924 2
2925 1
2926 3
2927 1
2928 4
2929 2
2930 4
2931 3
2932 1
2933 4
2934 5
2935 5
2936 4
2937 2
2938 9
2939 2
2940 6
2941 7
2942 4
2943 3
2944 9
2945 5
2946 3
2947 3
2948 5
2949 2
2950 3
2951 0
2952 4
2953 4
2954 4
2955 2
2956 3
2957 2
2958 0
2959 0
2960 6
2961 1
2962 1
2963 2
2964 2
2965 2
2966 3
2967 3
2968 7
2969 4
2970 4
2971 3
2972 4
2973 4
2974 3
2975 0
2976 5
2977 0
2978 4
2979 4
2980 0
2981 1
2982 5
2983 1
2984 6
2985 4
2986 5
2987 5
2988 4
2989 1
2990 4
2991 5
2992 2
2993 5
2994 6
2995 1
2996 3
2997 2
2998 1
2999 2
3000 4
3001 0
3002 3
3003 2
3004 4
3005 2
3006 4
3007 2
3008 4
3009 2
3010 5
3011 2
3012 4
3013 2
3014 1
3015 2
3016 3
3017 2
3018 3
3019 1
3020 1
3021 3
3022 2
3023 1
3024 4
3025 3
3026 3
3027 1
3028 3
3029 1
3030 2
3031 2
3032 0
3033 3
3034 1
3035 0
3036 0
3037 3
3038 2
3039 0
3040 1
3041 2
3042 0
3043 1
3044 2
3045 2
3046 1
3047 0
3048 1
3049 1
3050 0
3051 1
3052 2
3053 1
3054 1
3055 0
3056 0
3057 1
3058 0
3059 0
3060 0
3061 0
3062 0
3063 0
3064 2
3065 1
3066 0
3067 1
3068 0
3069 0
3070 0
3071 0
3072 1
3073 0
3074 0
3075 2
3076 0
3077 0
3078 0
3079 1
3080 1
3081 1
3082 0
3083 1
3084 0
3085 2
3086 0
3087 0
3088 2
3089 0
3125 0
3126 1
3127 0
3128 0
3129 0
3130 0
3131 0
3132 0
3133 0
3134 0
3135 0
3136 0
3137 0
3138 0
3139 0
3140 0
3141 0
3142 0
3143 0
3144 0
3145 1
3146 0
OK
