Histogram of ADC0:
292 0
293 1
294 0
295 0
296 0
297 0
298 1
299 0
300 1
301 2
302 1
303 0
304 2
305 4
306 1
307 1
308 1
309 2
310 0
311 0
312 1
313 1
314 0
315 0
316 0
317 0
318 1
319 0
320 0
321 1
322 0
639 0
640 1
641 0
642 1
643 1
644 0
645 0
646 1
647 0
648 5
649 0
650 0
651 2
652 2
653 0
654 0
655 2
656 0
657 2
658 3
659 2
660 0
661 3
662 2
663 2
664 3
665 4
666 4
667 3
668 2
669 9
670 11
671 3
672 6
673 5
674 11
675 7
676 8
677 14
678 12
679 5
680 9
681 8
682 13
683 7
684 15
685 12
686 7
687 10
688 16
689 18
690 15
691 13
692 13
693 15
694 16
695 16
696 13
697 14
698 15
699 16
700 11
701 16
702 14
703 16
704 14
705 17
706 12
707 14
708 13
709 17
710 12
711 14
712 15
713 18
714 25
715 16
716 8
717 22
718 17
719 19
720 19
721 26
722 22
723 12
724 17
725 14
726 11
727 18
728 19
729 14
730 23
731 17
732 11
733 13
734 12
735 15
736 16
737 11
738 12
739 21
740 12
741 9
742 19
743 13
744 13
745 12
746 17
747 21
748 15
749 9
750 12
751 14
752 17
753 11
754 20
755 11
756 15
757 9
758 15
759 19
760 13
761 13
762 12
763 8
764 14
765 13
766 12
767 9
768 18
769 8
770 8
771 7
772 18
773 10
774 13
775 15
776 19
777 12
778 26
779 14
780 12
781 19
782 15
783 16
784 16
785 22
786 6
787 25
788 12
789 14
790 10
791 11
792 13
793 24
794 13
795 13
796 15
797 20
798 12
799 13
800 12
801 17
802 11
803 14
804 6
805 12
806 16
807 14
808 13
809 15
810 13
811 8
812 16
813 12
814 19
815 10
816 11
817 14
818 9
819 15
820 12
821 11
822 10
823 9
824 13
825 12
826 7
827 12
828 12
829 12
830 11
831 10
832 6
833 8
834 18
835 7
836 9
837 16
838 8
839 11
840 2
841 6
842 8
843 8
844 8
845 11
846 9
847 13
848 11
849 12
850 8
851 11
852 5
853 13
854 12
855 11
856 11
857 9
858 17
859 12
860 20
861 8
862 8
863 5
864 6
865 12
866 9
867 8
868 15
869 11
870 14
871 15
872 13
873 7
874 10
875 13
876 10
877 9
878 3
879 10
880 13
881 7
882 10
883 13
884 10
885 8
886 12
887 6
888 11
889 10
890 8
891 12
892 11
893 9
894 8
895 5
896 13
897 7
898 12
899 9
900 11
901 9
902 13
903 8
904 8
905 10
906 9
907 8
908 11
909 8
910 7
911 3
912 4
913 9
914 6
915 3
916 7
917 10
918 8
919 9
920 5
921 9
922 7
923 2
924 7
925 7
926 12
927 3
928 7
929 9
930 9
931 6
932 8
933 5
934 6
935 8
936 4
937 8
938 6
939 5
940 6
941 8
942 3
943 7
944 6
945 5
946 10
947 6
948 5
949 8
950 3
951 8
952 9
953 3
954 7
955 12
956 6
957 5
958 3
959 2
960 7
961 5
962 4
963 3
964 2
965 6
966 5
967 7
968 3
969 7
970 6
971 7
972 4
973 6
974 7
975 2
976 4
977 6
978 5
979 5
980 7
981 6
982 3
983 8
984 5
985 5
986 7
987 4
988 4
989 4
990 3
991 3
992 3
993 4
994 5
995 6
996 5
997 4
998 6
999 3
1000 3
1001 4
1002 1
1003 6
1004 5
1005 4
1006 5
1007 7
1008 7
1009 5
1010 4
1011 7
1012 2
1013 7
1014 1
1015 4
1016 0
1017 3
1018 3
1019 2
1020 4
1021 5
1022 1
1023 2
1024 5
1025 6
1026 7
1027 5
1028 6
1029 4
1030 5
1031 6
1032 0
1033 2
1034 5
1035 2
1036 4
1037 2
1038 4
1039 7
1040 3
1041 4
1042 1
1043 2
1044 3
1045 2
1046 3
1047 5
1048 0
1049 0
1050 2
1051 1
1052 4
1053 6
1054 4
1055 1
1056 2
1057 2
1058 8
1059 5
1060 2
1061 2
1062 5
1063 3
1064 2
1065 6
1066 1
1067 2
1068 2
1069 5
1070 4
1071 3
1072 1
1073 5
1074 3
1075 4
1076 3
1077 2
1078 3
1079 4
1080 3
1081 2
1082 5
1083 0
1084 3
1085 4
1086 2
1087 0
1088 1
1089 4
1090 2
1091 2
1092 6
1093 3
1094 1
1095 3
1096 0
1097 4
1098 4
1099 2
1100 7
1101 4
1102 5
1103 7
1104 2
1105 3
1106 2
1107 2
1108 5
1109 4
1110 2
1111 1
1112 3
1113 1
1114 4
1115 1
1116 1
1117 1
1118 3
1119 2
1120 3
1121 4
1122 4
1123 1
1124 5
1125 1
1126 4
1127 3
1128 3
1129 1
1130 1
1131 1
1132 2
1133 4
1134 2
1135 1
1136 2
1137 3
1138 4
1139 2
1140 2
1141 1
1142 2
1143 3
1144 1
1145 1
1146 3
1147 0
1148 2
1149 1
1150 1
1151 4
1152 3
1153 0
1154 5
1155 1
1156 3
1157 2
1158 5
1159 2
1160 3
1161 2
1162 5
1163 5
1164 5
1165 1
1166 1
1167 2
1168 1
1169 4
1170 0
1171 7
1172 2
1173 1
1174 2
1175 1
1176 2
1177 3
1178 1
1179 2
1180 5
1181 4
1182 3
1183 3
1184 0
1185 0
1186 4
1187 2
1188 2
1189 1
1190 2
1191 4
1192 0
1193 4
1194 2
1195 2
1196 3
1197 2
1198 1
1199 6
1200 1
1201 2
1202 3
1203 2
1204 2
1205 2
1206 1
1207 3
1208 4
1209 1
1210 2
1211 0
1212 1
1213 0
1214 1
1215 2
1216 4
1217 1
1218 2
1219 0
1220 4
1221 2
1222 4
1223 0
1224 1
1225 1
1226 2
1227 3
1228 2
1229 0
1230 4
1231 0
1232 3
1233 2
1234 3
1235 2
1236 2
1237 1
1238 5
1239 4
1240 2
1241 3
1242 2
1243 1
1244 2
1245 1
1246 2
1247 1
1248 2
1249 3
1250 2
1251 0
1252 1
1253 1
1254 1
1255 1
1256 1
1257 1
1258 2
1259 1
1260 1
1261 0
1262 2
1263 2
1264 3
1265 2
1266 1
1267 0
1268 0
1269 2
1270 0
1271 0
1272 3
1273 4
1274 3
1275 4
1276 4
1277 3
1278 1
1279 1
1280 2
1281 0
1282 1
1283 0
1284 3
1285 1
1286 0
1287 2
1288 2
1289 3
1290 3
1291 0
1292 4
1293 3
1294 2
1295 0
1296 1
1297 0
1298 2
1299 0
1300 4
1301 3
1302 0
1303 2
1304 0
1305 0
1306 3
1307 0
1308 2
1309 2
1310 2
1311 1
1312 1
1313 2
1314 1
1315 2
1316 1
1317 0
1318 1
1319 1
1320 3
1321 1
1322 0
1323 0
1324 0
1325 1
1326 3
1327 1
1328 0
1329 1
1330 1
1331 1
1332 2
1333 1
1334 0
1335 1
1336 2
1337 2
1338 1
1339 1
1340 3
1341 1
1342 2
1343 3
1344 1
1345 1
1346 2
1347 1
1348 0
1349 1
1350 2
1351 1
1352 3
1353 2
1354 0
1355 2
1356 3
1357 2
1358 3
1359 0
1360 1
1361 0
1362 1
1363 1
1364 1
1365 1
1366 1
1367 1
1368 1
1369 1
1370 0
1371 1
1372 0
1373 0
1374 1
1375 1
1376 1
1377 1
1378 1
1379 0
1380 0
1381 0
1382 0
1383 0
1384 0
1385 0
1386 1
1387 1
1388 2
1389 0
1390 1
1391 1
1392 0
1393 2
1394 1
1395 0
1396 4
1397 0
1398 0
1399 0
1400 0
1401 0
1402 0
1403 1
1404 1
1405 2
1406 0
1407 0
1408 1
1409 1
1410 0
1411 0
1412 1
1413 2
1414 1
1415 0
1416 0
1417 0
1418 2
1419 0
1420 3
1421 0
1422 1
1423 2
1424 1
1425 1
1426 0
1427 0
1428 1
1429 1
1430 0
1431 0
1432 0
1433 0
1434 0
1435 2
1436 1
1437 0
1438 1
1439 1
1440 1
1441 2
1442 0
1443 2
1444 1
1445 0
1446 2
1447 0
1448 1
1449 1
1450 0
1451 0
1452 0
1453 0
1454 0
1455 3
1456 0
1457 1
1458 2
1459 3
1460 0
1461 1
1462 0
1463 1
1464 0
1465 1
1466 0
1467 0
1468 2
1469 1
1470 2
1471 0
1472 2
1473 1
1474 0
1475 0
1476 0
1477 0
1478 0
1479 0
1480 0
1481 0
1482 2
1483 1
1484 1
1485 0
1486 1
1487 0
1488 0
1489 2
1490 0
1491 1
1492 2
1493 1
1494 0
1495 3
1496 1
1497 0
1498 0
1499 0
1500 1
1501 0
1502 0
1503 0
1504 2
1505 1
1506 0
1507 0
1508 0
1509 0
1510 0
1511 1
1512 2
1513 3
1514 1
1515 0
1516 0
1517 0
1518 2
1519 1
1520 1
1521 0
1522 1
1523 0
1524 1
1525 0
1526 0
1527 1
1528 0
1529 0
1530 1
1531 1
1532 2
1533 0
1534 0
1535 1
1536 2
1537 2
1538 1
1539 1
1540 0
1541 0
1542 0
1543 0
1544 2
1545 1
1546 0
1547 0
1548 0
1549 0
1550 1
1551 3
1552 0
1553 0
1554 1
1555 1
1556 1
1557 0
1558 1
1559 0
1560 1
1561 0
1562 1
1563 1
1564 0
1565 0
1566 0
1567 0
1568 2
1569 0
1570 0
1571 0
1572 0
1573 1
1574 0
1575 0
1576 1
1577 1
1578 2
1579 0
1580 0
1581 2
1582 0
1583 1
1584 0
1585 1
1586 0
1587 1
1588 2
1589 0
1590 1
1591 0
1592 0
1593 0
1594 0
1595 1
1596 1
1597 0
1598 1
1599 1
1600 0
1601 0
1602 0
1603 1
1604 0
1605 0
1606 0
1607 0
1608 0
1609 0
1610 0
1611 0
1612 0
1613 0
1614 1
1615 1
1616 0
1617 1
1618 1
1619 1
1620 0
1621 1
1622 1
1623 1
1624 0
1625 0
1626 1
1627 0
1628 0
1629 0
1630 0
1631 0
1632 1
1633 0
1634 0
1635 0
1636 0
1637 1
1638 1
1639 0
1640 0
1641 0
1642 0
1643 0
1644 1
1645 0
1646 1
1647 1
1648 0
1649 0
1650 2
1651 0
1652 0
1653 1
1654 0
1655 1
1656 0
1657 1
1658 0
1659 0
1660 1
1661 0
1662 0
1663 1
1664 0
1665 1
1666 1
1667 0
1668 0
1669 1
1670 0
1671 0
1672 0
1673 3
1674 2
1675 1
1676 0
1677 3
1678 2
1679 0
1680 0
1681 1
1682 0
1683 0
1684 0
1685 0
1686 1
1687 0
1688 0
1689 1
1690 0
1691 1
1692 1
1693 0
1694 0
1695 0
1696 1
1697 0
1698 1
1699 0
1700 1
1701 1
1702 1
1703 0
1704 1
1705 1
1706 1
1707 1
1708 0
1709 1
1710 2
1711 0
1712 1
1713 0
1714 0
1715 0
1716 1
1717 1
1718 1
1719 0
1720 0
1721 0
1722 0
1723 0
1724 0
1725 1
1726 1
1727 0
1728 0
1729 0
1730 0
1731 0
1732 0
1733 0
1734 0
1735 0
1736 0
1737 1
1738 1
1739 0
1740 0
1741 0
1742 0
1743 0
1744 2
1745 1
1746 0
1747 2
1748 1
1749 1
1750 0
1751 1
1752 0
1753 0
1754 0
1755 0
1756 0
1757 0
1758 0
1759 1
1760 1
1761 0
1762 1
1763 3
1764 0
1765 1
1766 0
1767 0
1768 0
1769 1
1770 1
1771 1
1772 0
1773 0
1774 0
1775 0
1776 0
1777 1
1778 0
1779 1
1780 0
1781 0
1782 2
1783 0
1784 1
1785 0
1786 0
1787 0
1788 0
1789 0
1790 0
1791 1
1792 0
1793 0
1794 0
1795 1
1796 0
1797 0
1798 0
1799 0
1800 0
1801 0
1802 0
1803 2
1804 1
1805 1
1806 0
1807 0
1808 0
1809 0
1810 0
1811 0
1812 0
1813 0
1814 0
1815 0
1816 0
1817 1
1818 1
1819 2
1820 2
1821 1
1822 0
1823 0
1824 0
1825 0
1826 0
1827 0
1828 0
1829 3
1830 0
1831 1
1832 0
1833 0
1834 0
1835 0
1836 0
1837 0
1838 0
1839 1
1840 0
1841 0
1842 0
1843 0
1844 0
1845 0
1846 0
1847 1
1848 0
1849 1
1850 0
1851 0
1852 0
1853 0
1854 0
1855 0
1856 1
1857 0
1858 1
1859 0
1860 0
1861 2
1862 0
1863 0
1864 0
1865 0
1866 0
1867 0
1868 0
1869 2
1870 0
1871 0
1872 3
1873 2
1874 1
1875 2
1876 0
1877 1
1878 0
1879 0
1880 1
1881 0
1882 0
1883 0
1884 5
1885 0
1886 0
1887 0
1888 0
1889 0
1890 0
1891 0
1892 1
1893 1
1894 0
1895 0
1896 0
1897 1
1898 0
1899 0
1900 1
1901 0
1902 0
1903 1
1904 1
1905 1
1906 1
1907 0
1908 0
1909 1
1910 2
1911 0
1912 1
1913 1
1914 2
1915 0
1916 1
1917 0
1918 0
1919 1
1920 0
1921 1
1922 0
1923 0
1924 0
1925 0
1926 0
1927 0
1928 0
1929 1
1930 0
1931 0
1932 0
1933 1
1934 1
1935 0
1936 2
1937 1
1938 0
1939 1
1940 0
1941 0
1942 0
1943 0
1944 0
1945 2
1946 0
1947 0
1948 1
1949 0
1950 0
1951 1
1952 0
1953 0
1954 1
1955 0
1956 2
1957 2
1958 0
1959 1
1960 3
1961 1
1962 1
1963 1
1964 0
1965 0
1966 2
1967 1
1968 2
1969 2
1970 0
1971 3
1972 1
1973 0
1974 2
1975 0
1976 2
1977 1
1978 2
1979 2
1980 1
1981 1
1982 0
1983 0
1984 1
1985 2
1986 4
1987 1
1988 1
1989 1
1990 4
1991 0
1992 1
1993 1
1994 0
1995 0
1996 4
1997 1
1998 0
1999 2
2000 1
2001 4
2002 2
2003 2
2004 2
2005 1
2006 1
2007 3
2008 2
2009 1
2010 2
2011 2
2012 0
2013 3
2014 1
2015 0
2016 3
2017 1
2018 0
2019 0
2020 3
2021 1
2022 0
2023 0
2024 4
2025 1
2026 1
2027 0
2028 4
2029 2
2030 2
2031 2
2032 4
2033 2
2034 3
2035 1
2036 3
2037 0
2038 3
2039 1
2040 3
2041 4
2042 4
2043 3
2044 3
2045 2
2046 5
2047 0
2048 6
2049 2
2050 1
2051 3
2052 4
2053 2
2054 3
2055 2
2056 8
2057 1
2058 5
2059 2
2060 5
2061 2
2062 5
2063 2
2064 2
2065 6
2066 5
2067 4
2068 4
2069 1
2070 1
2071 3
2072 5
2073 1
2074 4
2075 6
2076 2
2077 2
2078 5
2079 1
2080 3
2081 4
2082 4
2083 1
2084 2
2085 5
2086 5
2087 4
2088 1
2089 11
2090 3
2091 5
2092 6
2093 4
2094 6
2095 6
2096 5
2097 4
2098 4
2099 5
2100 7
2101 7
2102 5
2103 6
2104 8
2105 6
2106 7
2107 4
2108 8
2109 5
2110 5
2111 5
2112 8
2113 9
2114 11
2115 2
2116 8
2117 6
2118 12
2119 3
2120 12
2121 8
2122 6
2123 5
2124 4
2125 5
2126 8
2127 7
2128 5
2129 11
2130 11
2131 10
2132 7
2133 10
2134 4
2135 7
2136 9
2137 2
2138 5
2139 6
2140 12
2141 8
2142 9
2143 4
2144 7
2145 12
2146 6
2147 10
2148 9
2149 5
2150 9
2151 6
2152 13
2153 7
2154 8
2155 11
2156 14
2157 15
2158 6
2159 6
2160 6
2161 10
2162 8
2163 9
2164 5
2165 16
2166 4
2167 12
2168 11
2169 12
2170 18
2171 8
2172 10
2173 13
2174 14
2175 10
2176 13
2177 12
2178 13
2179 15
2180 14
2181 13
2182 11
2183 10
2184 13
2185 16
2186 15
2187 13
2188 11
2189 18
2190 9
2191 13
2192 10
2193 18
2194 13
2195 17
2196 12
2197 16
2198 16
2199 22
2200 18
2201 24
2202 16
2203 13
2204 14
2205 16
2206 10
2207 11
2208 21
2209 10
2210 15
2211 7
2212 13
2213 17
2214 19
2215 15
2216 16
2217 16
2218 11
2219 12
2220 11
2221 22
2222 20
2223 23
2224 21
2225 24
2226 9
2227 15
2228 17
2229 14
2230 14
2231 17
2232 26
2233 15
2234 23
2235 16
2236 23
2237 27
2238 15
2239 7
2240 26
2241 22
2242 22
2243 17
2244 18
2245 32
2246 13
2247 18
2248 18
2249 22
2250 13
2251 26
2252 13
2253 21
2254 29
2255 21
2256 27
2257 33
2258 21
2259 18
2260 26
2261 28
2262 18
2263 17
2264 22
2265 23
2266 29
2267 12
2268 25
2269 23
2270 25
2271 15
2272 22
2273 28
2274 25
2275 19
2276 18
2277 31
2278 22
2279 27
2280 24
2281 38
2282 28
2283 25
2284 27
2285 25
2286 34
2287 37
2288 22
2289 28
2290 22
2291 26
2292 27
2293 32
2294 26
2295 20
2296 32
2297 32
2298 40
2299 20
2300 34
2301 37
2302 26
2303 12
2304 39
2305 35
2306 36
2307 21
2308 34
2309 39
2310 40
2311 23
2312 37
2313 38
2314 42
2315 30
2316 35
2317 24
2318 33
2319 37
2320 36
2321 22
2322 40
2323 20
2324 33
2325 32
2326 44
2327 36
2328 40
2329 28
2330 38
2331 35
2332 34
2333 46
2334 29
2335 25
2336 42
2337 33
2338 46
2339 31
2340 42
2341 25
2342 45
2343 37
2344 37
2345 33
2346 58
2347 32
2348 38
2349 48
2350 43
2351 47
2352 43
2353 34
2354 46
2355 36
2356 45
2357 42
2358 42
2359 33
2360 51
2361 35
2362 55
2363 26
2364 42
2365 39
2366 46
2367 28
2368 49
2369 40
2370 57
2371 31
2372 50
2373 41
2374 49
2375 34
2376 34
2377 42
2378 44
2379 42
2380 55
2381 36
2382 34
2383 42
2384 47
2385 47
2386 41
2387 36
2388 60
2389 50
2390 47
2391 40
2392 55
2393 68
2394 52
2395 42
2396 51
2397 38
2398 41
2399 30
2400 57
2401 44
2402 58
2403 36
2404 65
2405 51
2406 52
2407 52
2408 52
2409 62
2410 55
2411 41
2412 58
2413 43
2414 47
2415 44
2416 56
2417 42
2418 54
2419 44
2420 70
2421 50
2422 49
2423 44
2424 51
2425 52
2426 54
2427 55
2428 62
2429 52
2430 58
2431 51
2432 84
2433 49
2434 56
2435 45
2436 62
2437 72
2438 56
2439 60
2440 52
2441 48
2442 67
2443 65
2444 51
2445 50
2446 59
2447 54
2448 64
2449 61
2450 54
2451 51
2452 64
2453 73
2454 61
2455 53
2456 68
2457 63
2458 55
2459 52
2460 71
2461 65
2462 50
2463 39
2464 77
2465 53
2466 78
2467 57
2468 65
2469 54
2470 69
2471 56
2472 67
2473 73
2474 73
2475 58
2476 67
2477 65
2478 57
2479 63
2480 64
2481 66
2482 55
2483 53
2484 83
2485 78
2486 52
2487 79
2488 72
2489 49
2490 57
2491 31
2492 80
2493 69
2494 69
2495 39
2496 79
2497 68
2498 55
2499 50
2500 81
2501 64
2502 59
2503 58
2504 63
2505 72
2506 56
2507 62
2508 65
2509 77
2510 60
2511 59
2512 80
2513 63
2514 48
2515 46
2516 71
2517 70
2518 61
2519 74
2520 68
2521 69
2522 71
2523 56
2524 83
2525 61
2526 69
2527 51
2528 92
2529 78
2530 70
2531 56
2532 78
2533 65
2534 65
2535 74
2536 70
2537 68
2538 64
2539 64
2540 80
2541 64
2542 74
2543 43
2544 78
2545 68
2546 65
2547 51
2548 71
2549 75
2550 85
2551 66
2552 65
2553 72
2554 59
2555 48
2556 85
2557 79
2558 73
2559 12
2560 112
2561 68
2562 75
2563 59
2564 79
2565 74
2566 81
2567 67
2568 75
2569 74
2570 79
2571 52
2572 87
2573 59
2574 67
2575 63
2576 73
2577 64
2578 53
2579 62
2580 72
2581 90
2582 72
2583 64
2584 60
2585 70
2586 69
2587 77
2588 72
2589 73
2590 54
2591 46
2592 85
2593 73
2594 68
2595 62
2596 74
2597 64
2598 66
2599 88
2600 75
2601 81
2602 67
2603 57
2604 69
2605 67
2606 62
2607 66
2608 84
2609 83
2610 67
2611 59
2612 91
2613 94
2614 63
2615 63
2616 83
2617 71
2618 62
2619 65
2620 53
2621 99
2622 84
2623 46
2624 74
2625 72
2626 77
2627 58
2628 80
2629 79
2630 68
2631 67
2632 66
2633 80
2634 75
2635 60
2636 70
2637 90
2638 82
2639 74
2640 69
2641 75
2642 67
2643 74
2644 69
2645 77
2646 66
2647 76
2648 65
2649 73
2650 62
2651 54
2652 76
2653 87
2654 72
2655 42
2656 77
2657 78
2658 62
2659 44
2660 85
2661 72
2662 63
2663 59
2664 62
2665 64
2666 68
2667 63
2668 82
2669 76
2670 60
2671 73
2672 66
2673 83
2674 65
2675 50
2676 70
2677 87
2678 70
2679 62
2680 70
2681 75
2682 76
2683 55
2684 80
2685 82
2686 62
2687 44
2688 83
2689 61
2690 60
2691 67
2692 69
2693 68
2694 65
2695 54
2696 56
2697 48
2698 70
2699 59
2700 68
2701 80
2702 59
2703 56
2704 58
2705 53
2706 66
2707 53
2708 64
2709 66
2710 58
2711 50
2712 54
2713 52
2714 66
2715 56
2716 67
2717 63
2718 60
2719 29
2720 75
2721 62
2722 64
2723 58
2724 80
2725 64
2726 69
2727 50
2728 69
2729 47
2730 82
2731 48
2732 74
2733 68
2734 55
2735 63
2736 69
2737 63
2738 72
2739 54
2740 79
2741 66
2742 41
2743 65
2744 45
2745 66
2746 55
2747 42
2748 54
2749 45
2750 60
2751 24
2752 69
2753 56
2754 63
2755 56
2756 60
2757 55
2758 43
2759 52
2760 67
2761 62
2762 69
2763 46
2764 47
2765 48
2766 54
2767 40
2768 77
2769 53
2770 56
2771 44
2772 62
2773 52
2774 52
2775 51
2776 60
2777 35
2778 54
2779 46
2780 62
2781 46
2782 48
2783 25
2784 60
2785 44
2786 58
2787 39
2788 49
2789 69
2790 47
2791 47
2792 53
2793 49
2794 44
2795 52
2796 62
2797 57
2798 53
2799 37
2800 52
2801 44
2802 44
2803 54
2804 54
2805 42
2806 58
2807 51
2808 57
2809 56
2810 42
2811 45
2812 52
2813 50
2814 47
2815 33
2816 80
2817 49
2818 43
2819 41
2820 48
2821 36
2822 49
2823 30
2824 51
2825 43
2826 41
2827 44
2828 46
2829 54
2830 45
2831 40
2832 50
2833 48
2834 44
2835 36
2836 39
2837 47
2838 39
2839 36
2840 48
2841 38
2842 32
2843 36
2844 39
2845 46
2846 37
2847 22
2848 48
2849 46
2850 40
2851 37
2852 46
2853 42
2854 37
2855 34
2856 48
2857 35
2858 40
2859 34
2860 44
2861 36
2862 40
2863 26
2864 45
2865 26
2866 30
2867 34
2868 46
2869 47
2870 34
2871 26
2872 52
2873 36
2874 47
2875 38
2876 30
2877 38
2878 43
2879 19
2880 49
2881 31
2882 33
2883 32
2884 41
2885 45
2886 21
2887 26
2888 51
2889 28
2890 38
2891 24
2892 33
2893 32
2894 29
2895 29
2896 36
2897 31
2898 27
2899 19
2900 25
2901 38
2902 29
2903 26
2904 36
2905 27
2906 25
2907 26
2908 26
2909 33
2910 33
2911 18
2912 36
2913 24
2914 27
2915 34
2916 30
2917 32
2918 24
2919 21
2920 29
2921 27
2922 27
2923 27
2924 35
2925 24
2926 30
2927 26
2928 35
2929 25
2930 20
2931 12
2932 24
2933 26
2934 24
2935 24
2936 33
2937 30
2938 26
2939 20
2940 27
2941 23
2942 30
2943 15
2944 38
2945 19
2946 22
2947 23
2948 26
2949 25
2950 19
2951 13
2952 27
2953 23
2954 20
2955 26
2956 19
2957 26
2958 15
2959 25
2960 31
2961 23
2962 24
2963 18
2964 27
2965 29
2966 18
2967 14
2968 18
2969 22
2970 17
2971 20
2972 17
2973 23
2974 15
2975 11
2976 23
2977 20
2978 13
2979 12
2980 25
2981 31
2982 10
2983 7
2984 15
2985 17
2986 23
2987 19
2988 18
2989 24
2990 20
2991 20
2992 19
2993 17
2994 20
2995 17
2996 10
2997 15
2998 20
2999 18
3000 22
3001 23
3002 13
3003 11
3004 17
3005 13
3006 18
3007 14
3008 21
3009 17
3010 12
3011 13
3012 17
3013 22
3014 11
3015 19
3016 10
3017 18
3018 16
3019 11
3020 15
3021 20
3022 19
3023 8
3024 11
3025 14
3026 17
3027 10
3028 23
3029 12
3030 17
3031 10
3032 17
3033 18
3034 9
3035 11
3036 9
3037 15
3038 9
3039 6
3040 17
3041 8
3042 8
3043 12
3044 15
3045 15
3046 9
3047 24
3048 7
3049 17
3050 11
3051 10
3052 6
3053 15
3054 6
3055 11
3056 13
3057 10
3058 13
3059 14
3060 15
3061 13
3062 9
3063 6
3064 7
3065 11
3066 7
3067 7
3068 11
3069 13
3070 3
3071 2
3072 21
3073 9
3074 7
3075 9
3076 7
3077 16
3078 7
3079 5
3080 8
3081 9
3082 8
3083 7
3084 14
3085 9
3086 6
3087 8
3088 7
3089 15
3090 6
3091 6
3092 13
3093 9
3094 5
3095 10
3096 7
3097 8
3098 8
3099 8
3100 9
3101 9
3102 3
3103 5
3104 11
3105 5
3106 11
3107 5
3108 11
3109 9
3110 6
3111 3
3112 10
3113 7
3114 10
3115 8
3116 8
3117 6
3118 8
3119 9
3120 11
3121 3
3122 4
3123 2
3124 5
3125 9
3126 3
3127 3
3128 8
3129 5
3130 7
3131 5
3132 5
3133 5
3134 7
3135 3
3136 3
3137 5
3138 5
3139 1
3140 8
3141 8
3142 7
3143 2
3144 4
3145 6
3146 4
3147 6
3148 6
3149 7
3150 9
3151 4
3152 4
3153 3
3154 4
3155 2
3156 5
3157 7
3158 5
3159 5
3160 8
3161 7
3162 0
3163 6
3164 3
3165 4
3166 2
3167 2
3168 6
3169 5
3170 4
3171 3
3172 7
3173 7
3174 6
3175 1
3176 6
3177 2
3178 3
3179 5
3180 11
3181 3
3182 4
3183 2
3184 6
3185 6
3186 3
3187 5
3188 6
3189 4
3190 5
3191 3
3192 3
3193 2
3194 4
3195 4
3196 3
3197 5
3198 7
3199 0
3200 8
3201 1
3202 4
3203 2
3204 0
3205 3
3206 4
3207 3
3208 5
3209 6
3210 3
3211 5
3212 4
3213 3
3214 1
3215 5
3216 4
3217 5
3218 2
3219 0
3220 6
3221 2
3222 1
3223 3
3224 3
3225 2
3226 5
3227 4
3228 2
3229 2
3230 3
3231 1
3232 4
3233 3
3234 5
3235 2
3236 4
3237 4
3238 1
3239 1
3240 0
3241 1
3242 0
3243 1
3244 0
3245 4
3246 1
3247 0
3248 1
3249 1
3250 3
3251 3
3252 1
3253 1
3254 2
3255 1
3256 2
3257 3
3258 1
3259 0
3260 1
3261 1
3262 4
3263 2
3264 1
3265 2
3266 6
3267 0
3268 3
3269 4
3270 3
3271 0
3272 3
3273 3
3274 3
3275 0
3276 1
3277 3
3278 3
3279 0
3280 1
3281 1
3282 1
3283 0
3284 3
3285 2
3286 4
3287 0
3288 3
3289 1
3290 1
3291 1
3292 6
3293 6
3294 2
3295 1
3296 0
3297 1
3298 1
3299 0
3300 2
3301 1
3302 0
3303 1
3304 1
3305 1
3306 0
3307 1
3308 3
3309 0
3310 1
3311 0
3312 0
3313 3
3314 1
3315 1
3316 0
3317 0
3318 1
3319 0
3320 1
3321 0
3322 1
3323 1
3324 0
3325 1
3326 1
3327 0
3328 2
3329 0
3330 2
3331 1
3332 0
3333 1
3334 2
3335 0
3336 0
3337 0
3338 0
3339 0
3340 2
3341 0
3342 1
3343 0
3344 0
3345 1
3346 0
3347 0
3348 0
3349 0
3350 2
3351 0
3352 0
3353 0
3354 0
3355 1
3356 0
3357 0
3358 1
3359 0
3360 1
3361 0
3362 0
3363 1
3364 0
3365 0
3366 0
3367 0
3368 0
3369 0
3370 0
3371 0
3372 0
3373 2
3374 1
3375 1
3376 0
3377 1
3378 1
3379 0
3380 1
3381 2
3382 0
3383 0
3384 0
3385 0
3386 0
3387 0
3388 1
3389 0
3390 1
3391 0
3392 0
3393 0
3394 0
3395 1
3396 1
3397 0
3398 0
3399 1
3400 0
3401 1
3402 0
3403 0
3404 1
3405 1
3406 2
3407 0
3408 1
3409 0
3410 0
3411 0
3412 0
3413 0
3414 0
3415 0
3416 0
3417 0
3418 0
3419 1
3420 0
3421 0
3422 1
3423 0
3424 0
3425 0
3426 0
3427 1
3428 0
3429 0
3430 0
3431 1
3432 0
3433 0
3434 3
3435 1
3436 1
3437 1
3438 0
3439 0
3440 0
3441 1
3442 1
3443 0
3444 0
3445 0
3446 0
3447 0
3448 0
3449 0
3450 2
3451 0
3452 0
3453 0
3454 0
3455 1
3456 0
3457 0
3458 0
3459 0
3460 0
3461 0
3462 1
3463 0
3464 0
3465 0
3466 0
3467 0
3468 0
3469 0
3470 0
3471 0
3472 0
3473 1
3474 0
3475 1
3476 0
3477 0
3478 0
3479 0
3480 0
3481 0
3482 0
3483 0
3484 1
3485 0
3486 1
3487 0
3488 0
3489 0
3490 0
3491 0
3492 0
3493 0
3494 0
3495 0
3496 0
3497 1
3498 0
3499 1
3500 0
3501 0
3502 0
3503 0
3504 0
3505 0
3506 1
3507 0
3508 0
3509 0
3510 0
3511 0
3512 0
3513 0
3514 0
3515 0
3516 1
3517 0
3518 0
3519 0
3520 1
3521 0
3522 0
3523 0
3524 0
3525 0
3526 0
3527 1
3528 0
3529 0
3530 0
3531 0
3532 0
3533 0
3534 0
3535 0
3536 0
3537 1
3538 0
3539 0
3540 2
3541 0
3542 1
3543 0
3544 0
3545 1
3546 0
3547 0
3548 0
3549 0
3550 0
3551 0
3552 0
3553 0
3554 1
3555 0
3595 0
3596 1
3597 0
3680 0
3681 1
3682 0
3830 0
3831 1
3832 0
4094 0
4095 20
OK
