Histogram of ADC2:
8 0
9 3
10 18
11 0
12 0
13 0
14 0
15 0
16 0
17 0
18 0
19 0
20 0
21 0
22 0
23 0
24 32
25 181
26 345
27 416
28 328
29 326
30 361
31 223
32 243
33 263
34 233
35 182
36 162
37 126
38 103
39 117
40 88
41 73
42 71
43 73
44 58
45 53
46 61
47 54
48 42
49 42
50 36
51 39
52 28
53 37
54 19
55 16
56 19
57 16
58 19
59 12
60 21
61 16
62 12
63 12
64 8
65 8
66 14
67 14
68 16
69 6
70 13
71 10
72 8
73 11
74 8
75 18
76 15
77 22
78 39
79 38
80 50
81 71
82 91
83 137
84 158
85 214
86 281
87 349
88 422
89 462
90 622
91 714
92 845
93 953
94 1063
95 1048
96 1280
97 1401
98 1610
99 1562
100 1694
101 1692
102 1804
103 1730
104 1795
105 1805
106 1758
107 1654
108 1509
109 1430
110 1356
111 1338
112 1125
113 993
114 895
115 840
116 649
117 605
118 498
119 422
120 373
121 288
122 250
123 166
124 157
125 147
126 101
127 75
128 71
129 54
130 53
131 27
132 16
133 12
134 11
135 11
136 8
137 3
138 7
139 3
140 5
141 4
142 1
143 1
144 1
145 0
146 0
147 0
148 1
149 0
150 0
151 0
152 0
153 0
154 0
155 0
156 0
157 1
158 0
159 0
160 0
161 0
162 0
163 0
164 0
165 0
166 0
167 0
168 0
169 0
170 1
171 2
172 0
173 0
174 0
175 0
176 0
177 0
178 1
179 1
180 0
181 0
182 0
183 0
184 1
185 0
186 1
187 0
188 0
189 0
190 0
191 0
192 1
193 0
194 1
195 0
196 0
197 0
198 0
199 0
200 0
201 0
202 1
203 0
204 0
205 1
206 0
238 0
239 2
240 0
241 0
242 0
243 0
244 1
245 0
246 0
247 0
248 0
249 0
250 0
251 1
252 0
253 0
254 0
255 0
256 0
257 1
258 0
259 0
260 0
261 1
262 0
263 0
264 0
265 1
266 0
295 0
296 1
297 0
383 0
384 1
385 0
OK
