Histogram of ADC2:
8 0
9 3
10 15
11 3
12 0
13 0
14 0
15 0
16 0
17 0
18 0
19 0
20 0
21 0
22 0
23 0
24 29
25 139
26 348
27 373
28 394
29 348
30 314
31 226
32 265
33 200
34 170
35 168
36 115
37 115
38 101
39 110
40 96
41 86
42 72
43 62
44 42
45 56
46 62
47 45
48 41
49 35
50 34
51 32
52 26
53 23
54 24
55 25
56 19
57 20
58 11
59 18
60 9
61 16
62 10
63 7
64 10
65 11
66 8
67 13
68 11
69 11
70 4
71 5
72 4
73 5
74 2
75 1
76 4
77 4
78 4
79 4
80 3
81 5
82 3
83 7
84 3
85 2
86 2
87 1
88 2
89 3
90 2
91 1
92 2
93 4
94 2
95 1
96 3
97 0
98 2
99 2
100 0
101 3
102 1
103 2
104 2
105 1
106 6
107 0
108 2
109 1
110 1
111 1
112 0
113 1
114 4
115 1
116 1
117 1
118 0
119 2
120 1
121 1
122 1
123 0
124 0
125 0
126 1
127 0
128 0
129 1
130 0
131 0
132 0
133 0
134 1
135 0
136 1
137 1
138 0
139 0
140 0
141 1
142 1
143 0
144 1
145 0
146 0
147 0
148 2
149 0
150 0
151 0
152 0
153 0
154 0
155 2
156 0
157 0
158 0
159 1
160 1
161 0
162 0
163 0
164 0
165 0
166 0
167 0
168 0
169 0
170 2
171 0
172 0
173 0
174 0
175 0
176 0
177 0
178 0
179 0
180 0
181 0
182 0
183 0
184 0
185 0
186 2
187 0
188 0
189 1
190 0
191 0
192 0
193 1
194 0
195 0
196 0
197 1
198 0
199 0
200 0
201 0
202 0
203 1
204 0
205 0
206 1
207 0
208 0
209 0
210 1
211 0
235 0
236 1
237 0
238 0
239 1
240 0
241 0
242 0
243 0
244 0
245 0
246 0
247 0
248 0
249 0
250 0
251 0
252 0
253 0
254 0
255 0
256 1
257 0
278 0
279 1
280 0
499 0
500 1
501 1
502 0
640 0
641 1
642 0
1753 0
1754 1
1755 0
2319 0
2320 1
2321 0
2765 0
2766 1
2767 0
2791 0
2792 1
2793 0
2794 0
2795 0
2796 0
2797 1
2798 0
2799 0
2800 1
2801 0
2802 0
2803 0
2804 0
2805 0
2806 0
2807 0
2808 1
2809 0
2810 0
2811 0
2812 1
2813 0
2814 0
2815 1
2816 1
2817 0
2818 2
2819 0
2820 1
2821 0
2822 0
2823 2
2824 0
2825 1
2826 1
2827 1
2828 2
2829 1
2830 2
2831 0
2832 1
2833 0
2834 2
2835 2
2836 1
2837 3
2838 1
2839 2
2840 0
2841 0
2842 0
2843 2
2844 4
2845 2
2846 3
2847 3
2848 3
2849 2
2850 2
2851 3
2852 2
2853 4
2854 4
2855 1
2856 6
2857 3
2858 6
2859 3
2860 6
2861 2
2862 3
2863 3
2864 4
2865 2
2866 4
2867 9
2868 8
2869 5
2870 5
2871 9
2872 8
2873 9
2874 7
2875 12
2876 7
2877 6
2878 4
2879 2
2880 9
2881 4
2882 7
2883 8
2884 13
2885 7
2886 15
2887 11
2888 18
2889 8
2890 10
2891 9
2892 18
2893 10
2894 22
2895 7
2896 20
2897 14
2898 15
2899 25
2900 10
2901 13
2902 18
2903 13
2904 21
2905 13
2906 29
2907 24
2908 25
2909 27
2910 19
2911 25
2912 21
2913 16
2914 19
2915 25
2916 30
2917 14
2918 37
2919 26
2920 30
2921 27
2922 32
2923 29
2924 32
2925 29
2926 35
2927 18
2928 45
2929 37
2930 41
2931 41
2932 40
2933 32
2934 30
2935 40
2936 46
2937 49
2938 45
2939 35
2940 40
2941 39
2942 54
2943 14
2944 72
2945 49
2946 65
2947 41
2948 50
2949 56
2950 68
2951 48
2952 66
2953 44
2954 75
2955 64
2956 60
2957 67
2958 80
2959 51
2960 81
2961 72
2962 72
2963 62
2964 74
2965 85
2966 68
2967 66
2968 82
2969 56
2970 77
2971 65
2972 98
2973 83
2974 80
2975 33
2976 120
2977 72
2978 106
2979 101
2980 85
2981 87
2982 111
2983 88
2984 99
2985 77
2986 132
2987 89
2988 96
2989 100
2990 125
2991 75
2992 132
2993 108
2994 121
2995 86
2996 114
2997 102
2998 119
2999 101
3000 153
3001 94
3002 147
3003 107
3004 113
3005 95
3006 154
3007 78
3008 162
3009 116
3010 119
3011 107
3012 127
3013 127
3014 126
3015 101
3016 132
3017 105
3018 136
3019 116
3020 148
3021 126
3022 157
3023 87
3024 166
3025 122
3026 154
3027 122
3028 150
3029 143
3030 150
3031 134
3032 181
3033 144
3034 166
3035 125
3036 161
3037 153
3038 171
3039 70
3040 210
3041 119
3042 174
3043 110
3044 158
3045 160
3046 178
3047 115
3048 171
3049 113
3050 175
3051 160
3052 165
3053 143
3054 187
3055 114
3056 193
3057 162
3058 172
3059 148
3060 153
3061 163
3062 170
3063 138
3064 179
3065 147
3066 176
3067 173
3068 167
3069 152
3070 193
3071 39
3072 304
3073 151
3074 157
3075 154
3076 178
3077 153
3078 177
3079 130
3080 209
3081 151
3082 191
3083 155
3084 183
3085 139
3086 180
3087 116
3088 205
3089 143
3090 186
3091 175
3092 165
3093 167
3094 175
3095 136
3096 212
3097 169
3098 199
3099 168
3100 184
3101 176
3102 199
3103 104
3104 213
3105 171
3106 177
3107 166
3108 187
3109 147
3110 178
3111 137
3112 180
3113 136
3114 189
3115 159
3116 154
3117 169
3118 194
3119 115
3120 208
3121 170
3122 184
3123 136
3124 167
3125 165
3126 190
3127 155
3128 184
3129 143
3130 182
3131 158
3132 158
3133 152
3134 190
3135 92
3136 213
3137 151
3138 173
3139 141
3140 182
3141 164
3142 179
3143 141
3144 193
3145 139
3146 176
3147 149
3148 185
3149 135
3150 202
3151 101
3152 203
3153 160
3154 166
3155 141
3156 163
3157 164
3158 160
3159 117
3160 179
3161 127
3162 188
3163 107
3164 160
3165 118
3166 160
3167 82
3168 189
3169 109
3170 158
3171 116
3172 125
3173 133
3174 164
3175 114
3176 172
3177 112
3178 167
3179 120
3180 135
3181 117
3182 125
3183 80
3184 176
3185 117
3186 127
3187 106
3188 119
3189 123
3190 139
3191 112
3192 121
3193 99
3194 143
3195 115
3196 133
3197 111
3198 102
3199 38
3200 178
3201 63
3202 103
3203 102
3204 106
3205 76
3206 105
3207 71
3208 113
3209 81
3210 100
3211 80
3212 98
3213 74
3214 92
3215 55
3216 90
3217 72
3218 86
3219 61
3220 78
3221 76
3222 74
3223 61
3224 97
3225 55
3226 75
3227 68
3228 53
3229 65
3230 71
3231 35
3232 69
3233 53
3234 59
3235 54
3236 50
3237 41
3238 48
3239 50
3240 61
3241 29
3242 57
3243 44
3244 53
3245 37
3246 38
3247 24
3248 52
3249 36
3250 46
3251 27
3252 37
3253 38
3254 35
3255 30
3256 44
3257 21
3258 29
3259 27
3260 32
3261 21
3262 34
3263 13
3264 33
3265 18
3266 25
3267 23
3268 24
3269 23
3270 16
3271 20
3272 19
3273 12
3274 22
3275 14
3276 24
3277 13
3278 14
3279 14
3280 10
3281 4
3282 14
3283 8
3284 11
3285 5
3286 14
3287 5
3288 8
3289 6
3290 8
3291 1
3292 9
3293 7
3294 8
3295 4
3296 7
3297 5
3298 1
3299 2
3300 4
3301 7
3302 6
3303 5
3304 4
3305 4
3306 1
3307 3
3308 5
3309 2
3310 4
3311 2
3312 3
3313 1
3314 2
3315 3
3316 0
3317 3
3318 1
3319 3
3320 0
3321 2
3322 1
3323 0
3324 1
3325 0
3326 3
3327 1
3328 0
3329 1
3330 1
3331 0
3332 0
3333 0
3334 1
3335 0
3336 0
3337 0
3338 1
3339 0
4094 0
4095 1
OK
