Histogram of ADC0:
300 0
301 2
302 0
303 1
304 0
305 2
306 1
307 1
308 0
309 0
310 0
311 2
312 1
313 1
314 0
315 1
316 1
317 0
318 0
319 0
320 1
321 3
322 0
323 0
324 0
325 1
326 0
327 1
328 0
329 0
330 1
331 0
332 1
333 0
635 0
636 1
637 0
638 0
639 0
640 0
641 0
642 0
643 0
644 1
645 0
646 0
647 0
648 1
649 0
650 1
651 1
652 0
653 0
654 2
655 0
656 2
657 2
658 2
659 1
660 3
661 5
662 5
663 0
664 6
665 4
666 7
667 4
668 5
669 6
670 4
671 4
672 2
673 5
674 9
675 3
676 4
677 6
678 7
679 5
680 6
681 5
682 11
683 10
684 7
685 20
686 9
687 13
688 12
689 12
690 10
691 10
692 13
693 8
694 13
695 10
696 19
697 23
698 14
699 15
700 10
701 18
702 12
703 12
704 13
705 12
706 14
707 16
708 18
709 22
710 19
711 11
712 17
713 12
714 12
715 10
716 12
717 18
718 9
719 15
720 14
721 24
722 17
723 17
724 21
725 13
726 20
727 16
728 5
729 20
730 17
731 11
732 11
733 10
734 20
735 13
736 20
737 17
738 20
739 14
740 17
741 15
742 24
743 14
744 16
745 21
746 20
747 14
748 19
749 20
750 25
751 16
752 17
753 10
754 8
755 12
756 13
757 16
758 22
759 12
760 16
761 12
762 13
763 14
764 17
765 19
766 15
767 16
768 19
769 18
770 13
771 11
772 15
773 9
774 8
775 16
776 15
777 13
778 21
779 18
780 14
781 10
782 16
783 17
784 14
785 9
786 12
787 15
788 14
789 6
790 10
791 17
792 12
793 12
794 21
795 9
796 13
797 12
798 13
799 15
800 9
801 16
802 13
803 12
804 17
805 13
806 15
807 13
808 8
809 10
810 10
811 6
812 11
813 11
814 10
815 14
816 9
817 15
818 11
819 10
820 17
821 12
822 10
823 8
824 10
825 10
826 9
827 5
828 16
829 10
830 9
831 8
832 11
833 10
834 14
835 15
836 10
837 13
838 8
839 20
840 10
841 10
842 10
843 11
844 11
845 12
846 10
847 8
848 9
849 9
850 15
851 11
852 7
853 9
854 8
855 15
856 10
857 7
858 10
859 9
860 7
861 7
862 8
863 5
864 14
865 4
866 12
867 3
868 10
869 11
870 4
871 9
872 11
873 5
874 8
875 8
876 9
877 7
878 5
879 11
880 3
881 7
882 8
883 11
884 13
885 10
886 7
887 3
888 4
889 6
890 7
891 6
892 4
893 7
894 3
895 5
896 13
897 7
898 7
899 6
900 7
901 11
902 14
903 6
904 8
905 11
906 7
907 9
908 6
909 3
910 5
911 6
912 6
913 8
914 4
915 7
916 9
917 5
918 4
919 6
920 6
921 5
922 6
923 10
924 10
925 8
926 3
927 4
928 7
929 6
930 8
931 4
932 5
933 4
934 6
935 2
936 7
937 3
938 5
939 4
940 5
941 4
942 9
943 6
944 2
945 6
946 3
947 2
948 3
949 6
950 6
951 3
952 6
953 3
954 4
955 3
956 6
957 2
958 7
959 3
960 5
961 8
962 6
963 2
964 5
965 3
966 5
967 5
968 7
969 3
970 3
971 8
972 9
973 7
974 2
975 6
976 3
977 4
978 5
979 4
980 4
981 7
982 4
983 3
984 2
985 6
986 3
987 6
988 7
989 4
990 3
991 5
992 4
993 5
994 0
995 6
996 1
997 10
998 1
999 4
1000 2
1001 6
1002 8
1003 8
1004 3
1005 7
1006 3
1007 2
1008 7
1009 4
1010 6
1011 4
1012 10
1013 6
1014 2
1015 4
1016 3
1017 1
1018 6
1019 4
1020 3
1021 3
1022 3
1023 1
1024 5
1025 4
1026 2
1027 0
1028 2
1029 5
1030 1
1031 2
1032 5
1033 6
1034 5
1035 2
1036 3
1037 6
1038 3
1039 2
1040 4
1041 5
1042 5
1043 3
1044 6
1045 3
1046 5
1047 4
1048 5
1049 2
1050 6
1051 4
1052 2
1053 7
1054 2
1055 6
1056 3
1057 1
1058 4
1059 3
1060 5
1061 2
1062 4
1063 8
1064 1
1065 2
1066 7
1067 1
1068 4
1069 5
1070 2
1071 6
1072 6
1073 0
1074 6
1075 1
1076 2
1077 2
1078 1
1079 5
1080 2
1081 1
1082 3
1083 1
1084 5
1085 4
1086 5
1087 3
1088 1
1089 2
1090 2
1091 2
1092 1
1093 2
1094 6
1095 5
1096 1
1097 2
1098 3
1099 8
1100 2
1101 3
1102 0
1103 2
1104 0
1105 5
1106 3
1107 0
1108 3
1109 1
1110 0
1111 6
1112 2
1113 4
1114 3
1115 2
1116 2
1117 2
1118 4
1119 0
1120 2
1121 0
1122 2
1123 2
1124 2
1125 4
1126 2
1127 2
1128 3
1129 2
1130 1
1131 0
1132 2
1133 3
1134 1
1135 0
1136 2
1137 2
1138 0
1139 0
1140 1
1141 3
1142 0
1143 3
1144 3
1145 1
1146 1
1147 3
1148 5
1149 5
1150 1
1151 2
1152 2
1153 5
1154 3
1155 4
1156 0
1157 4
1158 5
1159 0
1160 2
1161 2
1162 3
1163 2
1164 4
1165 1
1166 2
1167 3
1168 1
1169 2
1170 1
1171 2
1172 2
1173 1
1174 2
1175 2
1176 2
1177 2
1178 3
1179 3
1180 2
1181 3
1182 3
1183 4
1184 3
1185 2
1186 5
1187 5
1188 1
1189 3
1190 5
1191 0
1192 3
1193 3
1194 5
1195 2
1196 0
1197 0
1198 0
1199 2
1200 4
1201 3
1202 1
1203 1
1204 1
1205 2
1206 3
1207 2
1208 2
1209 1
1210 2
1211 0
1212 3
1213 1
1214 1
1215 2
1216 2
1217 1
1218 0
1219 2
1220 1
1221 3
1222 0
1223 0
1224 2
1225 1
1226 1
1227 2
1228 4
1229 2
1230 4
1231 1
1232 1
1233 2
1234 1
1235 0
1236 2
1237 2
1238 2
1239 0
1240 2
1241 3
1242 2
1243 1
1244 4
1245 0
1246 3
1247 1
1248 3
1249 0
1250 1
1251 0
1252 2
1253 2
1254 2
1255 5
1256 0
1257 0
1258 0
1259 2
1260 1
1261 0
1262 1
1263 2
1264 2
1265 0
1266 0
1267 0
1268 2
1269 1
1270 1
1271 0
1272 2
1273 1
1274 3
1275 1
1276 1
1277 0
1278 5
1279 1
1280 6
1281 2
1282 2
1283 1
1284 1
1285 0
1286 2
1287 3
1288 1
1289 0
1290 0
1291 3
1292 0
1293 2
1294 2
1295 1
1296 0
1297 1
1298 3
1299 2
1300 2
1301 0
1302 1
1303 0
1304 1
1305 2
1306 2
1307 1
1308 1
1309 0
1310 0
1311 3
1312 4
1313 0
1314 1
1315 0
1316 0
1317 0
1318 2
1319 1
1320 1
1321 4
1322 1
1323 0
1324 2
1325 0
1326 2
1327 2
1328 1
1329 1
1330 0
1331 0
1332 1
1333 2
1334 1
1335 2
1336 0
1337 0
1338 3
1339 0
1340 0
1341 0
1342 2
1343 2
1344 1
1345 0
1346 2
1347 2
1348 0
1349 0
1350 1
1351 1
1352 2
1353 1
1354 1
1355 1
1356 1
1357 1
1358 0
1359 0
1360 2
1361 1
1362 2
1363 0
1364 1
1365 0
1366 2
1367 0
1368 1
1369 1
1370 1
1371 2
1372 0
1373 0
1374 2
1375 1
1376 2
1377 1
1378 3
1379 0
1380 0
1381 1
1382 1
1383 1
1384 0
1385 3
1386 0
1387 2
1388 0
1389 0
1390 1
1391 2
1392 0
1393 4
1394 1
1395 0
1396 1
1397 0
1398 1
1399 0
1400 2
1401 1
1402 0
1403 0
1404 0
1405 1
1406 0
1407 1
1408 1
1409 3
1410 2
1411 0
1412 2
1413 3
1414 0
1415 2
1416 0
1417 0
1418 1
1419 0
1420 3
1421 0
1422 0
1423 0
1424 1
1425 0
1426 2
1427 0
1428 3
1429 0
1430 2
1431 0
1432 1
1433 2
1434 0
1435 1
1436 2
1437 2
1438 0
1439 0
1440 0
1441 0
1442 1
1443 0
1444 3
1445 0
1446 1
1447 0
1448 0
1449 1
1450 0
1451 1
1452 0
1453 0
1454 0
1455 1
1456 1
1457 0
1458 1
1459 0
1460 2
1461 1
1462 1
1463 0
1464 1
1465 1
1466 1
1467 0
1468 1
1469 1
1470 0
1471 0
1472 1
1473 1
1474 0
1475 0
1476 0
1477 1
1478 1
1479 0
1480 0
1481 0
1482 0
1483 0
1484 0
1485 0
1486 0
1487 1
1488 0
1489 1
1490 1
1491 0
1492 0
1493 1
1494 0
1495 4
1496 0
1497 3
1498 0
1499 1
1500 2
1501 3
1502 0
1503 0
1504 0
1505 0
1506 0
1507 0
1508 0
1509 1
1510 0
1511 0
1512 0
1513 2
1514 0
1515 0
1516 0
1517 1
1518 1
1519 0
1520 1
1521 1
1522 0
1523 0
1524 0
1525 0
1526 0
1527 0
1528 2
1529 0
1530 1
1531 1
1532 0
1533 0
1534 0
1535 0
1536 0
1537 0
1538 1
1539 0
1540 1
1541 1
1542 1
1543 0
1544 4
1545 0
1546 0
1547 2
1548 1
1549 1
1550 0
1551 1
1552 1
1553 0
1554 0
1555 1
1556 0
1557 1
1558 2
1559 0
1560 0
1561 0
1562 1
1563 0
1564 0
1565 0
1566 0
1567 0
1568 2
1569 1
1570 0
1571 0
1572 0
1573 0
1574 1
1575 0
1576 0
1577 0
1578 0
1579 1
1580 0
1581 0
1582 0
1583 1
1584 0
1585 0
1586 0
1587 1
1588 0
1589 2
1590 0
1591 1
1592 0
1593 0
1594 0
1595 1
1596 0
1597 0
1598 1
1599 0
1600 0
1601 1
1602 0
1603 1
1604 0
1605 1
1606 0
1607 0
1608 1
1609 0
1610 0
1611 0
1612 1
1613 0
1614 0
1615 1
1616 1
1617 0
1618 1
1619 0
1620 0
1621 1
1622 1
1623 1
1624 0
1625 0
1626 1
1627 0
1628 0
1629 0
1630 1
1631 0
1632 0
1633 1
1634 0
1635 0
1636 1
1637 1
1638 0
1639 1
1640 0
1641 0
1642 0
1643 0
1644 2
1645 1
1646 1
1647 0
1648 0
1649 0
1650 0
1651 0
1652 0
1653 0
1654 0
1655 0
1656 4
1657 0
1658 0
1659 0
1660 0
1661 2
1662 0
1663 1
1664 0
1665 0
1666 1
1667 0
1668 0
1669 0
1670 0
1671 0
1672 0
1673 2
1674 1
1675 2
1676 0
1677 1
1678 0
1679 1
1680 0
1681 0
1682 0
1683 1
1684 0
1685 0
1686 2
1687 1
1688 0
1689 1
1690 0
1691 0
1692 1
1693 0
1694 0
1695 0
1696 0
1697 2
1698 0
1699 3
1700 1
1701 1
1702 0
1703 0
1704 0
1705 0
1706 0
1707 0
1708 0
1709 0
1710 0
1711 1
1712 0
1713 0
1714 1
1715 0
1716 0
1717 1
1718 0
1719 0
1720 0
1721 1
1722 0
1723 0
1724 1
1725 1
1726 1
1727 0
1728 2
1729 0
1730 0
1731 0
1732 2
1733 0
1734 0
1735 0
1736 2
1737 0
1738 0
1739 0
1740 0
1741 0
1742 0
1743 0
1744 0
1745 0
1746 0
1747 0
1748 0
1749 0
1750 0
1751 0
1752 0
1753 0
1754 2
1755 0
1756 0
1757 0
1758 0
1759 0
1760 1
1761 0
1762 0
1763 0
1764 1
1765 1
1766 0
1767 1
1768 0
1769 1
1770 0
1771 0
1772 0
1773 1
1774 0
1775 0
1776 0
1777 0
1778 0
1779 0
1780 0
1781 0
1782 0
1783 1
1784 0
1785 1
1786 0
1787 0
1788 0
1789 1
1790 0
1791 0
1792 0
1793 0
1794 1
1795 0
1796 0
1797 0
1798 0
1799 0
1800 0
1801 0
1802 1
1803 0
1804 0
1805 0
1806 0
1807 1
1808 0
1809 0
1810 0
1811 0
1812 0
1813 0
1814 0
1815 0
1816 1
1817 1
1818 2
1819 0
1820 0
1821 0
1822 0
1823 0
1824 0
1825 0
1826 0
1827 1
1828 0
1829 0
1830 0
1831 0
1832 0
1833 1
1834 0
1835 0
1836 0
1837 0
1838 0
1839 0
1840 0
1841 0
1842 0
1843 0
1844 0
1845 0
1846 0
1847 0
1848 1
1849 0
1850 0
1851 0
1852 0
1853 0
1854 0
1855 0
1856 0
1857 1
1858 0
1859 0
1860 0
1861 0
1862 0
1863 0
1864 0
1865 0
1866 0
1867 0
1868 0
1869 0
1870 0
1871 0
1872 0
1873 1
1874 0
1875 0
1876 0
1877 0
1878 0
1879 0
1880 0
1881 0
1882 0
1883 0
1884 0
1885 0
1886 2
1887 0
1888 0
1889 0
1890 0
1891 0
1892 0
1893 0
1894 1
1895 0
1896 0
1897 0
1898 0
1899 0
1900 0
1901 0
1902 0
1903 0
1904 0
1905 0
1906 0
1907 1
1908 0
1909 0
1910 0
1911 0
1912 0
1913 0
1914 0
1915 1
1916 0
1917 0
1918 0
1919 0
1920 1
1921 0
1922 0
1923 0
1924 0
1925 0
1926 0
1927 0
1928 0
1929 0
1930 2
1931 0
1932 0
1933 0
1934 0
1935 0
1936 0
1937 0
1938 0
1939 0
1940 0
1941 1
1942 0
1943 0
1944 0
1945 0
1946 1
1947 0
1948 0
1949 0
1950 0
1951 0
1952 1
1953 0
1954 1
1955 0
1956 0
1957 0
1958 0
1959 0
1960 0
1961 0
1962 0
1963 0
1964 0
1965 0
1966 1
1967 0
1968 0
1969 0
1970 0
1971 0
1972 0
1973 0
1974 0
1975 0
1976 1
1977 0
1978 1
1979 2
1980 0
1981 0
1982 0
1983 0
1984 0
1985 0
1986 0
1987 0
1988 0
1989 1
1990 0
1991 0
1992 0
1993 0
1994 0
1995 0
1996 0
1997 0
1998 2
1999 0
2000 0
2001 1
2002 0
2026 0
2027 1
2028 0
2029 0
2030 0
2031 0
2032 1
2033 1
2034 0
2035 0
2036 0
2037 0
2038 0
2039 0
2040 0
2041 0
2042 0
2043 0
2044 0
2045 0
2046 1
2047 0
2048 1
2049 0
2050 1
2051 0
2052 0
2053 0
2054 0
2055 0
2056 0
2057 0
2058 0
2059 0
2060 0
2061 1
2062 0
2063 0
2064 4
2065 0
2066 0
2067 0
2068 1
2069 0
2070 0
2071 0
2072 0
2073 0
2074 0
2075 0
2076 1
2077 0
2078 0
2079 0
2080 0
2081 0
2082 0
2083 1
2084 0
2085 0
2086 0
2087 0
2088 0
2089 0
2090 0
2091 0
2092 0
2093 1
2094 0
2095 0
2096 0
2097 0
2098 0
2099 0
2100 0
2101 0
2102 0
2103 1
2104 0
2105 0
2106 0
2107 0
2108 0
2109 0
2110 0
2111 0
2112 1
2113 0
2114 0
2115 0
2116 1
2117 0
2118 0
2119 0
2120 0
2121 0
2122 0
2123 0
2124 0
2125 0
2126 0
2127 0
2128 0
2129 0
2130 0
2131 0
2132 1
2133 0
2134 0
2135 0
2136 0
2137 0
2138 0
2139 1
2140 0
2141 0
2142 0
2143 0
2144 0
2145 0
2146 0
2147 0
2148 0
2149 0
2150 0
2151 0
2152 1
2153 0
2196 0
2197 1
2198 0
2199 0
2200 1
2201 0
2202 0
2203 0
2204 1
2205 0
2206 0
2207 0
2208 0
2209 0
2210 0
2211 0
2212 1
2213 0
2214 0
2215 0
2216 1
2217 0
2218 0
2219 0
2220 0
2221 0
2222 0
2223 0
2224 0
2225 0
2226 0
2227 0
2228 0
2229 0
2230 0
2231 0
2232 0
2233 1
2234 1
2235 0
2236 0
2237 0
2238 0
2239 0
2240 0
2241 0
2242 0
2243 0
2244 0
2245 0
2246 0
2247 0
2248 0
2249 0
2250 0
2251 0
2252 0
2253 0
2254 0
2255 1
2256 0
2280 0
2281 2
2282 1
2283 0
2308 0
2309 1
2310 0
2311 0
2312 0
2313 0
2314 1
2315 0
2316 0
2317 0
2318 0
2319 0
2320 0
2321 0
2322 1
2323 0
2324 0
2325 0
2326 0
2327 1
2328 0
2329 0
2330 0
2331 0
2332 1
2333 0
2355 0
2356 1
2357 0
2358 0
2359 0
2360 0
2361 0
2362 0
2363 0
2364 0
2365 0
2366 0
2367 0
2368 0
2369 0
2370 0
2371 0
2372 0
2373 0
2374 0
2375 0
2376 1
2377 0
2378 1
2379 0
2380 0
2381 0
2382 0
2383 0
2384 0
2385 0
2386 0
2387 0
2388 0
2389 0
2390 0
2391 0
2392 1
2393 0
2423 0
2424 1
2425 0
2426 0
2427 0
2428 0
2429 1
2430 0
2431 0
2432 0
2433 0
2434 0
2435 0
2436 0
2437 0
2438 0
2439 0
2440 0
2441 0
2442 0
2443 0
2444 0
2445 0
2446 0
2447 0
2448 0
2449 1
2450 0
2451 0
2452 0
2453 0
2454 0
2455 0
2456 0
2457 1
2458 0
2491 0
2492 1
2493 1
2494 0
2495 0
2496 1
2497 0
2523 0
2524 1
2525 0
2554 0
2555 1
2556 1
2557 0
2558 0
2559 0
2560 0
2561 0
2562 0
2563 0
2564 1
2565 1
2566 0
2586 0
2587 1
2588 0
2589 0
2590 0
2591 0
2592 0
2593 0
2594 0
2595 0
2596 0
2597 0
2598 0
2599 0
2600 0
2601 0
2602 0
2603 0
2604 0
2605 0
2606 0
2607 0
2608 2
2609 1
2610 0
2611 0
2612 0
2613 1
2614 1
2615 0
2616 0
2617 0
2618 0
2619 0
2620 0
2621 0
2622 0
2623 0
2624 0
2625 0
2626 1
2627 0
2661 0
2662 1
2663 0
2664 0
2665 0
2666 1
2667 0
2687 0
2688 1
2689 0
2690 0
2691 0
2692 0
2693 0
2694 0
2695 1
2696 0
2724 0
2725 1
2726 0
2769 0
2770 1
2771 0
2799 0
2800 1
2801 0
2802 0
2803 0
2804 0
2805 0
2806 1
2807 0
2808 0
2809 0
2810 0
2811 0
2812 1
2813 0
2814 0
2815 1
2816 0
2817 0
2818 0
2819 0
2820 0
2821 0
2822 0
2823 0
2824 0
2825 0
2826 0
2827 0
2828 0
2829 0
2830 0
2831 0
2832 0
2833 0
2834 0
2835 0
2836 1
2837 1
2838 0
2888 0
2889 1
2890 0
2925 0
2926 1
2927 0
2928 0
2929 0
2930 1
2931 0
2954 0
2955 1
2956 0
2957 0
2958 0
2959 0
2960 0
2961 0
2962 0
2963 0
2964 0
2965 0
2966 0
2967 0
2968 0
2969 0
2970 0
2971 0
2972 1
2973 0
3003 0
3004 1
3005 0
3107 0
3108 1
3109 0
3152 0
3153 1
3154 0
3271 0
3272 1
3273 0
3332 0
3333 1
3334 0
3376 0
3377 1
3378 0
3456 0
3457 1
3458 0
3459 0
3460 0
3461 0
3462 0
3463 0
3464 0
3465 0
3466 0
3467 0
3468 0
3469 0
3470 0
3471 0
3472 0
3473 0
3474 0
3475 1
3476 0
3529 0
3530 1
3531 0
3604 0
3605 1
3606 0
3607 0
3608 0
3609 0
3610 0
3611 0
3612 0
3613 0
3614 0
3615 0
3616 0
3617 0
3618 0
3619 0
3620 0
3621 0
3622 1
3623 0
3779 0
3780 1
3781 0
3782 0
3783 0
3784 0
3785 0
3786 0
3787 0
3788 0
3789 0
3790 0
3791 0
3792 0
3793 0
3794 0
3795 0
3796 0
3797 1
3798 0
3872 0
3873 1
3874 0
3875 0
3876 0
3877 0
3878 0
3879 0
3880 0
3881 0
3882 0
3883 0
3884 0
3885 0
3886 0
3887 1
3888 0
4094 0
4095 40795
OK
