Histogram of ADC12:
12 0
13 21
14 1618
15 1962
16 557
17 175
18 72
19 34
20 22
21 24
22 7
23 4
24 5
25 4
26 2
27 1
28 5
29 2
30 0
31 2
32 0
33 1
34 0
35 1
36 0
37 0
38 0
39 0
40 0
41 0
42 0
43 0
44 0
45 0
46 0
47 0
48 0
49 0
50 0
51 0
52 0
53 2
54 0
55 0
56 0
57 0
58 0
59 0
60 0
61 0
62 0
63 0
64 0
65 1
66 0
156 0
157 1
158 0
204 0
205 1
206 0
242 0
243 1
244 1
245 2
246 2
247 9
248 14
249 23
250 42
251 63
252 80
253 161
254 209
255 305
256 408
257 499
258 680
259 818
260 946
261 1195
262 1336
263 1409
264 1578
265 1770
266 1767
267 1889
268 1881
269 1955
270 1994
271 1986
272 1920
273 1900
274 1862
275 1790
276 1636
277 1499
278 1342
279 1275
280 973
281 858
282 724
283 536
284 415
285 334
286 238
287 162
288 121
289 59
290 48
291 25
292 18
293 11
294 6
295 1
296 0
2326 0
2327 1
2328 0
OK
