Histogram of ADC2:
8 0
9 3
10 17
11 0
12 0
13 0
14 0
15 0
16 0
17 0
18 0
19 0
20 0
21 0
22 0
23 0
24 31
25 137
26 336
27 374
28 359
29 299
30 287
31 238
32 249
33 237
34 202
35 164
36 148
37 139
38 103
39 99
40 108
41 86
42 72
43 74
44 59
45 46
46 42
47 32
48 48
49 36
50 32
51 27
52 22
53 35
54 26
55 20
56 13
57 21
58 20
59 15
60 12
61 17
62 12
63 6
64 7
65 7
66 8
67 13
68 15
69 6
70 5
71 10
72 4
73 6
74 7
75 5
76 4
77 4
78 8
79 4
80 5
81 4
82 3
83 4
84 5
85 3
86 1
87 4
88 3
89 1
90 5
91 2
92 2
93 4
94 2
95 3
96 3
97 3
98 1
99 2
100 2
101 1
102 3
103 2
104 3
105 1
106 0
107 1
108 0
109 2
110 1
111 2
112 2
113 3
114 0
115 0
116 1
117 0
118 0
119 0
120 2
121 1
122 2
123 0
124 1
125 0
126 0
127 0
128 0
129 0
130 1
131 1
132 2
133 1
134 2
135 0
136 0
137 0
138 0
139 1
140 0
141 1
142 1
143 0
144 0
145 1
146 0
147 0
148 0
149 0
150 1
151 1
152 0
153 0
154 0
155 0
156 1
157 0
158 0
159 1
160 0
161 0
162 0
163 0
164 0
165 0
166 0
167 0
168 0
169 1
170 0
171 0
172 0
173 0
174 0
175 1
176 0
177 0
178 0
179 0
180 0
181 0
182 1
183 0
184 0
185 0
186 0
187 0
188 0
189 0
190 0
191 0
192 0
193 0
194 0
195 1
196 0
197 1
198 0
199 1
200 0
222 0
223 1
224 0
225 1
226 1
227 0
228 0
229 0
230 0
231 0
232 0
233 0
234 0
235 0
236 0
237 0
238 0
239 0
240 1
241 0
242 0
243 0
244 0
245 0
246 0
247 1
248 0
274 0
275 1
276 0
277 0
278 1
279 0
280 1
281 0
282 0
283 0
284 0
285 0
286 0
287 1
288 0
377 0
378 1
379 0
728 0
729 1
730 0
731 0
732 0
733 1
734 0
1561 0
1562 1
1563 0
1564 0
1565 0
1566 0
1567 0
1568 0
1569 1
1570 0
1571 0
1572 0
1573 1
1574 0
1575 1
1576 1
1577 1
1578 3
1579 0
1580 1
1581 1
1582 2
1583 2
1584 3
1585 1
1586 4
1587 1
1588 3
1589 1
1590 4
1591 7
1592 4
1593 7
1594 6
1595 3
1596 12
1597 12
1598 7
1599 6
1600 17
1601 12
1602 18
1603 11
1604 18
1605 12
1606 28
1607 23
1608 31
1609 24
1610 38
1611 42
1612 42
1613 23
1614 53
1615 42
1616 71
1617 60
1618 66
1619 55
1620 83
1621 83
1622 91
1623 80
1624 101
1625 94
1626 101
1627 104
1628 103
1629 127
1630 158
1631 107
1632 199
1633 170
1634 196
1635 173
1636 204
1637 204
1638 238
1639 203
1640 270
1641 214
1642 283
1643 267
1644 267
1645 297
1646 356
1647 253
1648 425
1649 351
1650 389
1651 360
1652 359
1653 390
1654 437
1655 412
1656 470
1657 382
1658 479
1659 450
1660 485
1661 462
1662 520
1663 303
1664 681
1665 481
1666 525
1667 505
1668 575
1669 509
1670 606
1671 469
1672 636
1673 496
1674 619
1675 527
1676 598
1677 512
1678 591
1679 485
1680 652
1681 552
1682 594
1683 534
1684 578
1685 565
1686 571
1687 525
1688 573
1689 440
1690 581
1691 468
1692 541
1693 486
1694 513
1695 312
1696 550
1697 431
1698 465
1699 434
1700 449
1701 401
1702 424
1703 344
1704 454
1705 319
1706 380
1707 339
1708 304
1709 313
1710 306
1711 256
1712 326
1713 260
1714 273
1715 206
1716 256
1717 207
1718 235
1719 162
1720 202
1721 160
1722 202
1723 151
1724 145
1725 117
1726 153
1727 105
1728 145
1729 104
1730 120
1731 105
1732 85
1733 90
1734 81
1735 75
1736 77
1737 59
1738 73
1739 49
1740 65
1741 37
1742 33
1743 40
1744 41
1745 32
1746 28
1747 26
1748 25
1749 24
1750 24
1751 25
1752 22
1753 13
1754 16
1755 12
1756 12
1757 12
1758 9
1759 7
1760 18
1761 10
1762 6
1763 4
1764 7
1765 6
1766 6
1767 6
1768 5
1769 4
1770 2
1771 5
1772 3
1773 4
1774 5
1775 3
1776 2
1777 2
1778 0
1779 2
1780 1
1781 1
1782 0
1783 0
1784 0
1785 1
1786 0
1787 1
1788 0
1789 0
1790 0
1791 0
1792 1
1793 0
2088 0
2089 1
2090 0
OK
