Histogram of ADC0:
294 0
295 1
296 0
297 1
298 0
299 1
300 0
301 0
302 0
303 0
304 1
305 1
306 0
307 1
308 2
309 2
310 2
311 2
312 0
313 0
314 0
315 0
316 0
317 0
318 1
319 0
320 1
321 1
322 2
323 0
324 1
325 0
645 0
646 1
647 0
648 1
649 1
650 1
651 1
652 1
653 3
654 2
655 1
656 3
657 6
658 2
659 6
660 1
661 1
662 2
663 1
664 2
665 5
666 3
667 3
668 4
669 3
670 6
671 7
672 6
673 9
674 4
675 7
676 1
677 3
678 9
679 1
680 10
681 9
682 14
683 5
684 13
685 9
686 5
687 5
688 5
689 12
690 14
691 13
692 14
693 13
694 19
695 9
696 17
697 15
698 17
699 15
700 23
701 22
702 7
703 11
704 14
705 24
706 9
707 8
708 19
709 15
710 15
711 12
712 12
713 13
714 17
715 15
716 20
717 21
718 14
719 15
720 14
721 14
722 11
723 12
724 8
725 22
726 16
727 21
728 19
729 15
730 17
731 12
732 14
733 18
734 14
735 13
736 10
737 15
738 22
739 17
740 17
741 8
742 9
743 13
744 13
745 16
746 13
747 13
748 16
749 17
750 10
751 13
752 17
753 16
754 13
755 13
756 8
757 19
758 13
759 15
760 20
761 15
762 12
763 17
764 18
765 14
766 13
767 11
768 16
769 17
770 12
771 11
772 10
773 14
774 19
775 5
776 10
777 11
778 14
779 16
780 9
781 9
782 21
783 11
784 11
785 11
786 12
787 8
788 15
789 15
790 15
791 9
792 12
793 12
794 20
795 7
796 10
797 12
798 11
799 7
800 13
801 10
802 15
803 12
804 12
805 8
806 15
807 6
808 9
809 13
810 10
811 12
812 9
813 14
814 13
815 13
816 15
817 15
818 13
819 10
820 8
821 20
822 11
823 7
824 9
825 8
826 11
827 8
828 11
829 12
830 13
831 8
832 11
833 10
834 11
835 16
836 11
837 5
838 7
839 10
840 14
841 18
842 11
843 8
844 8
845 8
846 12
847 4
848 9
849 8
850 6
851 9
852 15
853 12
854 10
855 7
856 8
857 6
858 17
859 6
860 14
861 12
862 11
863 9
864 15
865 6
866 8
867 8
868 11
869 7
870 10
871 14
872 12
873 10
874 8
875 9
876 6
877 8
878 10
879 12
880 10
881 5
882 7
883 6
884 7
885 9
886 9
887 8
888 8
889 4
890 7
891 5
892 10
893 15
894 9
895 13
896 8
897 7
898 6
899 11
900 6
901 5
902 9
903 7
904 13
905 13
906 5
907 4
908 2
909 5
910 4
911 4
912 9
913 3
914 8
915 7
916 5
917 11
918 12
919 8
920 4
921 6
922 9
923 5
924 6
925 10
926 11
927 7
928 4
929 5
930 5
931 5
932 8
933 7
934 9
935 7
936 7
937 6
938 8
939 4
940 7
941 3
942 4
943 8
944 5
945 2
946 5
947 0
948 8
949 8
950 5
951 5
952 6
953 4
954 8
955 7
956 10
957 10
958 7
959 6
960 6
961 5
962 2
963 9
964 5
965 5
966 5
967 7
968 3
969 8
970 7
971 6
972 8
973 6
974 5
975 7
976 4
977 4
978 4
979 4
980 10
981 8
982 6
983 3
984 7
985 6
986 3
987 3
988 3
989 1
990 3
991 8
992 5
993 4
994 3
995 4
996 2
997 2
998 6
999 2
1000 3
1001 4
1002 6
1003 4
1004 3
1005 3
1006 4
1007 3
1008 3
1009 3
1010 5
1011 5
1012 1
1013 6
1014 1
1015 2
1016 4
1017 5
1018 2
1019 4
1020 2
1021 4
1022 5
1023 5
1024 6
1025 4
1026 4
1027 3
1028 4
1029 4
1030 10
1031 1
1032 5
1033 6
1034 4
1035 6
1036 3
1037 6
1038 4
1039 7
1040 8
1041 2
1042 4
1043 3
1044 1
1045 5
1046 6
1047 0
1048 5
1049 1
1050 4
1051 6
1052 1
1053 7
1054 5
1055 2
1056 4
1057 2
1058 6
1059 3
1060 5
1061 3
1062 2
1063 3
1064 2
1065 4
1066 3
1067 2
1068 3
1069 4
1070 1
1071 4
1072 3
1073 3
1074 4
1075 5
1076 4
1077 3
1078 7
1079 4
1080 1
1081 4
1082 2
1083 3
1084 0
1085 3
1086 2
1087 1
1088 1
1089 5
1090 5
1091 1
1092 2
1093 4
1094 5
1095 2
1096 0
1097 2
1098 3
1099 4
1100 1
1101 2
1102 1
1103 5
1104 7
1105 3
1106 5
1107 2
1108 3
1109 2
1110 2
1111 1
1112 2
1113 2
1114 6
1115 2
1116 3
1117 6
1118 2
1119 2
1120 3
1121 6
1122 4
1123 3
1124 1
1125 2
1126 2
1127 2
1128 5
1129 3
1130 4
1131 2
1132 2
1133 2
1134 0
1135 2
1136 2
1137 1
1138 5
1139 1
1140 1
1141 4
1142 4
1143 1
1144 2
1145 2
1146 1
1147 2
1148 1
1149 1
1150 2
1151 1
1152 1
1153 1
1154 4
1155 1
1156 1
1157 1
1158 2
1159 3
1160 3
1161 2
1162 2
1163 0
1164 5
1165 1
1166 3
1167 1
1168 3
1169 2
1170 1
1171 0
1172 5
1173 3
1174 2
1175 0
1176 1
1177 3
1178 3
1179 2
1180 3
1181 1
1182 0
1183 2
1184 2
1185 0
1186 2
1187 1
1188 0
1189 0
1190 1
1191 0
1192 3
1193 3
1194 2
1195 1
1196 2
1197 2
1198 3
1199 3
1200 0
1201 1
1202 0
1203 0
1204 3
1205 1
1206 2
1207 0
1208 1
1209 1
1210 1
1211 1
1212 4
1213 1
1214 0
1215 1
1216 0
1217 2
1218 1
1219 3
1220 5
1221 2
1222 4
1223 1
1224 3
1225 2
1226 2
1227 1
1228 0
1229 0
1230 3
1231 4
1232 1
1233 2
1234 3
1235 0
1236 2
1237 4
1238 1
1239 0
1240 2
1241 3
1242 3
1243 0
1244 2
1245 2
1246 0
1247 0
1248 0
1249 1
1250 7
1251 2
1252 2
1253 0
1254 2
1255 0
1256 0
1257 3
1258 1
1259 4
1260 0
1261 2
1262 3
1263 1
1264 2
1265 0
1266 0
1267 3
1268 0
1269 0
1270 2
1271 2
1272 0
1273 2
1274 2
1275 0
1276 2
1277 2
1278 0
1279 1
1280 2
1281 1
1282 3
1283 0
1284 0
1285 1
1286 2
1287 3
1288 2
1289 1
1290 0
1291 1
1292 0
1293 1
1294 0
1295 3
1296 0
1297 0
1298 3
1299 1
1300 0
1301 2
1302 1
1303 1
1304 1
1305 0
1306 2
1307 3
1308 1
1309 1
1310 2
1311 0
1312 0
1313 2
1314 2
1315 0
1316 2
1317 0
1318 1
1319 0
1320 0
1321 1
1322 0
1323 1
1324 0
1325 1
1326 2
1327 2
1328 1
1329 1
1330 0
1331 3
1332 1
1333 1
1334 2
1335 1
1336 1
1337 1
1338 2
1339 3
1340 2
1341 1
1342 1
1343 1
1344 1
1345 1
1346 3
1347 2
1348 2
1349 0
1350 0
1351 0
1352 2
1353 0
1354 1
1355 3
1356 2
1357 0
1358 2
1359 3
1360 0
1361 2
1362 0
1363 1
1364 1
1365 2
1366 0
1367 2
1368 2
1369 1
1370 2
1371 1
1372 1
1373 1
1374 0
1375 0
1376 3
1377 0
1378 3
1379 0
1380 2
1381 0
1382 0
1383 0
1384 3
1385 3
1386 2
1387 0
1388 0
1389 4
1390 1
1391 0
1392 0
1393 2
1394 0
1395 1
1396 1
1397 0
1398 0
1399 1
1400 0
1401 0
1402 1
1403 0
1404 0
1405 0
1406 0
1407 0
1408 1
1409 1
1410 1
1411 2
1412 0
1413 0
1414 1
1415 1
1416 0
1417 0
1418 0
1419 0
1420 2
1421 1
1422 0
1423 1
1424 2
1425 0
1426 0
1427 2
1428 0
1429 0
1430 0
1431 1
1432 1
1433 1
1434 0
1435 2
1436 0
1437 1
1438 0
1439 0
1440 1
1441 1
1442 2
1443 2
1444 0
1445 1
1446 0
1447 1
1448 2
1449 0
1450 0
1451 1
1452 0
1453 2
1454 1
1455 0
1456 0
1457 0
1458 2
1459 1
1460 1
1461 2
1462 0
1463 0
1464 0
1465 1
1466 0
1467 1
1468 2
1469 0
1470 1
1471 2
1472 2
1473 1
1474 0
1475 1
1476 0
1477 1
1478 1
1479 0
1480 0
1481 0
1482 1
1483 0
1484 1
1485 1
1486 0
1487 0
1488 0
1489 0
1490 1
1491 1
1492 1
1493 2
1494 0
1495 3
1496 1
1497 1
1498 0
1499 1
1500 0
1501 0
1502 1
1503 0
1504 0
1505 0
1506 2
1507 0
1508 1
1509 2
1510 0
1511 0
1512 1
1513 1
1514 1
1515 1
1516 1
1517 0
1518 0
1519 1
1520 1
1521 0
1522 1
1523 1
1524 0
1525 1
1526 1
1527 0
1528 0
1529 1
1530 2
1531 0
1532 2
1533 0
1534 1
1535 1
1536 2
1537 1
1538 0
1539 0
1540 1
1541 0
1542 1
1543 0
1544 0
1545 1
1546 0
1547 0
1548 1
1549 0
1550 0
1551 0
1552 1
1553 0
1554 0
1555 0
1556 1
1557 1
1558 1
1559 0
1560 2
1561 0
1562 1
1563 1
1564 0
1565 1
1566 0
1567 1
1568 1
1569 0
1570 1
1571 0
1572 0
1573 0
1574 1
1575 1
1576 0
1577 0
1578 0
1579 0
1580 1
1581 1
1582 0
1583 0
1584 1
1585 0
1586 0
1587 0
1588 0
1589 1
1590 0
1591 0
1592 0
1593 0
1594 0
1595 0
1596 0
1597 1
1598 0
1599 1
1600 0
1601 0
1602 0
1603 0
1604 0
1605 0
1606 1
1607 0
1608 1
1609 0
1610 0
1611 0
1612 1
1613 1
1614 0
1615 0
1616 0
1617 1
1618 0
1619 1
1620 0
1621 0
1622 2
1623 1
1624 0
1625 0
1626 0
1627 0
1628 0
1629 0
1630 0
1631 0
1632 1
1633 0
1634 1
1635 0
1636 0
1637 0
1638 0
1639 0
1640 1
1641 0
1642 0
1643 0
1644 0
1645 0
1646 0
1647 0
1648 1
1649 0
1650 0
1651 0
1652 0
1653 0
1654 1
1655 0
1656 1
1657 0
1658 0
1659 0
1660 0
1661 0
1662 1
1663 1
1664 0
1665 0
1666 1
1667 0
1668 0
1669 0
1670 1
1671 1
1672 0
1673 0
1674 0
1675 1
1676 1
1677 0
1678 0
1679 0
1680 0
1681 1
1682 0
1683 0
1684 0
1685 0
1686 0
1687 0
1688 2
1689 1
1690 2
1691 1
1692 0
1693 3
1694 1
1695 1
1696 1
1697 0
1698 2
1699 0
1700 1
1701 1
1702 2
1703 0
1704 1
1705 1
1706 0
1707 0
1708 0
1709 0
1710 0
1711 0
1712 1
1713 1
1714 1
1715 2
1716 1
1717 2
1718 0
1719 1
1720 0
1721 0
1722 0
1723 0
1724 0
1725 0
1726 0
1727 0
1728 1
1729 0
1730 0
1731 0
1732 0
1733 0
1734 0
1735 1
1736 0
1737 1
1738 0
1739 0
1740 0
1741 0
1742 0
1743 0
1744 0
1745 0
1746 0
1747 0
1748 0
1749 0
1750 0
1751 0
1752 1
1753 0
1754 0
1755 0
1756 0
1757 0
1758 0
1759 0
1760 0
1761 0
1762 1
1763 1
1764 0
1765 0
1766 2
1767 1
1768 0
1769 0
1770 0
1771 1
1772 1
1773 0
1774 1
1775 0
1776 0
1777 1
1778 0
1779 0
1780 0
1781 0
1782 0
1783 0
1784 1
1785 1
1786 0
1787 2
1788 0
1789 1
1790 0
1791 0
1792 0
1793 0
1794 0
1795 0
1796 0
1797 1
1798 0
1799 0
1800 0
1801 0
1802 0
1803 0
1804 0
1805 0
1806 0
1807 2
1808 0
1809 0
1810 1
1811 0
1812 0
1813 0
1814 0
1815 0
1816 0
1817 0
1818 0
1819 0
1820 1
1821 0
1822 0
1823 0
1824 0
1825 0
1826 0
1827 0
1828 0
1829 0
1830 0
1831 0
1832 0
1833 0
1834 1
1835 0
1836 1
1837 1
1838 1
1839 1
1840 0
1841 0
1842 0
1843 1
1844 0
1845 0
1846 1
1847 0
1848 1
1849 0
1850 0
1851 0
1852 0
1853 1
1854 0
1855 0
1856 1
1857 0
1858 0
1859 0
1860 0
1861 0
1862 0
1863 0
1864 1
1865 0
1866 0
1867 0
1868 0
1869 0
1870 0
1871 0
1872 1
1873 1
1874 0
1875 0
1876 0
1877 0
1878 0
1879 0
1880 0
1881 0
1882 2
1883 0
1884 0
1885 0
1886 0
1887 0
1888 0
1889 0
1890 0
1891 0
1892 0
1893 1
1894 0
1895 0
1896 0
1897 0
1898 1
1899 0
1900 0
1901 0
1902 0
1903 0
1904 0
1905 0
1906 0
1907 1
1908 0
1909 0
1910 0
1911 0
1912 2
1913 1
1914 0
1915 1
1916 2
1917 0
1918 0
1919 0
1920 0
1921 0
1922 0
1923 0
1924 1
1925 0
1926 0
1927 0
1928 0
1929 0
1930 0
1931 1
1932 0
1933 0
1934 0
1935 0
1936 0
1937 0
1938 0
1939 0
1940 0
1941 1
1942 0
1943 0
1944 1
1945 1
1946 0
1947 0
1948 0
1949 0
1950 0
1951 1
1952 0
1953 0
1954 0
1955 0
1956 1
1957 1
1958 0
1959 0
1960 0
1961 0
1962 1
1963 0
1964 0
1965 0
1966 0
1967 0
1968 0
1969 0
1970 0
1971 0
1972 1
1973 1
1974 0
1975 0
1976 0
1977 0
1978 1
1979 0
1980 0
1981 0
1982 1
1983 0
1984 0
1985 1
1986 2
1987 0
1988 0
1989 0
1990 0
1991 0
1992 1
1993 0
1994 0
1995 1
1996 0
1997 0
1998 0
1999 0
2000 0
2001 0
2002 0
2003 0
2004 0
2005 0
2006 1
2007 0
2008 0
2009 0
2010 0
2011 0
2012 0
2013 0
2014 1
2015 0
2016 0
2017 1
2018 0
2019 0
2020 0
2021 0
2022 0
2023 0
2024 0
2025 0
2026 0
2027 0
2028 0
2029 0
2030 0
2031 0
2032 0
2033 0
2034 2
2035 0
2036 0
2037 0
2038 0
2039 0
2040 0
2041 0
2042 0
2043 1
2044 0
2045 0
2046 0
2047 0
2048 0
2049 0
2050 0
2051 0
2052 0
2053 0
2054 0
2055 0
2056 0
2057 0
2058 0
2059 0
2060 1
2061 0
2062 0
2063 0
2064 0
2065 0
2066 1
2067 0
2068 0
2069 1
2070 0
2071 0
2072 0
2073 0
2074 1
2075 0
2076 0
2077 0
2078 0
2079 1
2080 0
2081 1
2082 0
2083 0
2084 0
2085 0
2086 0
2087 0
2088 0
2089 0
2090 0
2091 1
2092 0
2093 0
2094 0
2095 0
2096 1
2097 0
2098 0
2099 1
2100 0
2101 1
2102 0
2103 0
2104 0
2105 0
2106 0
2107 0
2108 0
2109 0
2110 0
2111 0
2112 0
2113 1
2114 0
2115 0
2116 0
2117 0
2118 0
2119 0
2120 0
2121 1
2122 0
2123 0
2124 0
2125 0
2126 0
2127 0
2128 0
2129 0
2130 0
2131 0
2132 1
2133 0
2134 1
2135 0
2136 0
2137 0
2138 0
2139 0
2140 0
2141 0
2142 0
2143 0
2144 0
2145 0
2146 0
2147 0
2148 0
2149 0
2150 0
2151 0
2152 0
2153 1
2154 0
2155 0
2156 0
2157 1
2158 0
2159 0
2160 0
2161 0
2162 0
2163 0
2164 0
2165 0
2166 0
2167 1
2168 0
2169 0
2170 1
2171 0
2172 1
2173 0
2174 0
2175 0
2176 1
2177 0
2178 0
2179 0
2180 0
2181 0
2182 0
2183 0
2184 0
2185 0
2186 0
2187 0
2188 0
2189 1
2190 0
2191 0
2192 0
2193 0
2194 0
2195 0
2196 0
2197 0
2198 0
2199 0
2200 0
2201 0
2202 0
2203 0
2204 0
2205 0
2206 1
2207 0
2229 0
2230 1
2231 0
2232 1
2233 0
2234 0
2235 0
2236 0
2237 0
2238 1
2239 0
2240 0
2241 0
2242 1
2243 0
2244 0
2245 1
2246 0
2247 0
2248 0
2249 0
2250 0
2251 0
2252 1
2253 0
2254 0
2255 0
2256 0
2257 0
2258 0
2259 0
2260 0
2261 0
2262 0
2263 0
2264 0
2265 0
2266 1
2267 0
2268 0
2269 0
2270 0
2271 0
2272 0
2273 0
2274 0
2275 0
2276 0
2277 1
2278 0
2279 0
2280 0
2281 0
2282 0
2283 0
2284 0
2285 1
2286 0
2287 0
2288 0
2289 0
2290 0
2291 0
2292 0
2293 0
2294 0
2295 0
2296 0
2297 0
2298 0
2299 0
2300 1
2301 0
2302 1
2303 0
2304 1
2305 0
2306 0
2307 1
2308 0
2309 0
2310 0
2311 0
2312 0
2313 0
2314 0
2315 0
2316 0
2317 0
2318 0
2319 0
2320 0
2321 0
2322 0
2323 0
2324 0
2325 0
2326 1
2327 0
2328 0
2329 0
2330 1
2331 0
2332 0
2333 0
2334 0
2335 0
2336 0
2337 0
2338 0
2339 0
2340 0
2341 0
2342 0
2343 0
2344 0
2345 0
2346 1
2347 0
2348 0
2349 0
2350 0
2351 0
2352 0
2353 0
2354 1
2355 0
2356 0
2357 0
2358 0
2359 0
2360 0
2361 0
2362 0
2363 0
2364 2
2365 0
2366 1
2367 0
2368 0
2369 0
2370 1
2371 0
2404 0
2405 1
2406 0
2407 0
2408 0
2409 1
2410 1
2411 0
2412 0
2413 0
2414 0
2415 0
2416 0
2417 0
2418 0
2419 0
2420 0
2421 0
2422 0
2423 1
2424 0
2425 0
2426 0
2427 0
2428 0
2429 0
2430 1
2431 0
2432 0
2433 0
2434 0
2435 0
2436 0
2437 0
2438 0
2439 0
2440 0
2441 0
2442 0
2443 0
2444 0
2445 0
2446 0
2447 0
2448 1
2449 0
2450 0
2451 0
2452 0
2453 0
2454 0
2455 0
2456 0
2457 0
2458 0
2459 0
2460 0
2461 0
2462 0
2463 0
2464 1
2465 0
2466 0
2467 0
2468 0
2469 0
2470 0
2471 0
2472 0
2473 0
2474 0
2475 0
2476 0
2477 0
2478 0
2479 1
2480 0
2509 0
2510 1
2511 0
2512 0
2513 0
2514 1
2515 0
2516 0
2517 0
2518 0
2519 0
2520 0
2521 0
2522 0
2523 1
2524 0
2525 0
2526 0
2527 0
2528 0
2529 0
2530 0
2531 0
2532 0
2533 0
2534 2
2535 0
2555 0
2556 1
2557 0
2558 0
2559 0
2560 0
2561 0
2562 0
2563 0
2564 0
2565 0
2566 0
2567 0
2568 0
2569 0
2570 0
2571 0
2572 0
2573 0
2574 1
2575 0
2576 0
2577 0
2578 0
2579 0
2580 0
2581 0
2582 0
2583 0
2584 0
2585 0
2586 2
2587 0
2588 0
2589 0
2590 0
2591 0
2592 0
2593 0
2594 0
2595 0
2596 1
2597 0
2636 0
2637 1
2638 0
2688 0
2689 2
2690 0
2712 0
2713 1
2714 0
2715 0
2716 0
2717 0
2718 0
2719 0
2720 0
2721 0
2722 0
2723 0
2724 0
2725 0
2726 0
2727 0
2728 0
2729 0
2730 0
2731 1
2732 0
2733 1
2734 0
2735 0
2736 0
2737 0
2738 0
2739 0
2740 0
2741 0
2742 0
2743 0
2744 0
2745 0
2746 0
2747 1
2748 0
2749 0
2750 0
2751 0
2752 0
2753 0
2754 0
2755 0
2756 0
2757 0
2758 0
2759 0
2760 0
2761 0
2762 0
2763 0
2764 1
2765 0
2766 0
2767 0
2768 0
2769 0
2770 0
2771 0
2772 0
2773 0
2774 0
2775 1
2776 0
2777 0
2778 0
2779 1
2780 1
2781 0
2868 0
2869 1
2870 0
2940 0
2941 1
2942 0
2943 0
2944 0
2945 0
2946 0
2947 0
2948 0
2949 0
2950 0
2951 0
2952 0
2953 0
2954 1
2955 0
2956 0
2957 0
2958 0
2959 0
2960 1
2961 0
3001 0
3002 1
3003 0
3004 1
3005 0
3059 0
3060 1
3061 0
3192 0
3193 1
3194 0
3195 0
3196 0
3197 0
3198 0
3199 0
3200 0
3201 0
3202 0
3203 0
3204 0
3205 0
3206 0
3207 0
3208 1
3209 0
3210 0
3211 0
3212 0
3213 0
3214 0
3215 0
3216 0
3217 0
3218 0
3219 0
3220 0
3221 0
3222 0
3223 0
3224 1
3225 0
3226 0
3227 1
3228 0
3248 0
3249 1
3250 0
3273 0
3274 1
3275 0
3296 0
3297 1
3298 0
3396 0
3397 1
3398 0
3445 0
3446 1
3447 0
3481 0
3482 1
3483 0
3551 0
3552 1
3553 0
3675 0
3676 1
3677 0
3678 0
3679 0
3680 0
3681 0
3682 0
3683 0
3684 0
3685 0
3686 0
3687 0
3688 0
3689 0
3690 1
3691 0
3798 0
3799 1
3800 0
3883 0
3884 1
3885 0
4094 0
4095 40800
OK
