Histogram of ADC2:
8 0
9 3
10 13
11 4
12 0
13 0
14 0
15 0
16 0
17 0
18 0
19 0
20 0
21 0
22 0
23 2
24 29
25 183
26 355
27 403
28 335
29 306
30 325
31 248
32 254
33 225
34 204
35 170
36 141
37 112
38 96
39 107
40 83
41 77
42 61
43 64
44 69
45 56
46 42
47 43
48 37
49 39
50 35
51 31
52 35
53 20
54 26
55 25
56 22
57 22
58 17
59 20
60 13
61 16
62 12
63 6
64 16
65 15
66 2
67 12
68 7
69 7
70 5
71 4
72 4
73 8
74 7
75 3
76 4
77 9
78 5
79 3
80 3
81 8
82 3
83 5
84 0
85 3
86 1
87 1
88 4
89 5
90 2
91 2
92 1
93 0
94 1
95 1
96 1
97 3
98 3
99 1
100 1
101 1
102 2
103 1
104 0
105 1
106 0
107 1
108 2
109 0
110 3
111 0
112 1
113 2
114 0
115 2
116 0
117 0
118 0
119 0
120 0
121 1
122 0
123 1
124 2
125 0
126 0
127 0
128 1
129 0
130 0
131 0
132 0
133 0
134 1
135 2
136 1
137 0
138 1
139 0
140 0
141 0
142 1
143 1
144 0
145 1
146 0
147 0
148 0
149 0
150 0
151 1
152 1
153 0
154 0
155 0
156 1
157 1
158 0
159 1
160 1
161 1
162 0
163 0
164 0
165 0
166 0
167 0
168 0
169 0
170 0
171 0
172 0
173 0
174 0
175 1
176 0
177 0
178 0
179 0
180 0
181 0
182 0
183 0
184 0
185 0
186 0
187 2
188 0
189 0
190 1
191 0
192 0
193 0
194 0
195 0
196 0
197 0
198 0
199 0
200 0
201 0
202 0
203 0
204 0
205 0
206 0
207 1
208 0
209 1
210 0
211 0
212 0
213 0
214 0
215 0
216 1
217 0
255 0
256 1
257 0
258 0
259 0
260 0
261 1
262 0
318 0
319 1
320 0
462 0
463 1
464 0
465 0
466 0
467 0
468 0
469 0
470 1
471 0
1367 0
1368 1
1369 0
2063 0
2064 1
2065 0
2653 0
2654 1
2655 0
2656 0
2657 0
2658 1
2659 0
2660 1
2661 0
2662 1
2663 0
2664 0
2665 1
2666 0
2667 1
2668 0
2669 0
2670 0
2671 0
2672 0
2673 1
2674 0
2675 0
2676 2
2677 1
2678 3
2679 0
2680 3
2681 1
2682 2
2683 1
2684 3
2685 0
2686 1
2687 0
2688 4
2689 0
2690 0
2691 0
2692 3
2693 2
2694 1
2695 0
2696 3
2697 1
2698 3
2699 3
2700 2
2701 4
2702 5
2703 2
2704 3
2705 3
2706 3
2707 1
2708 7
2709 11
2710 9
2711 10
2712 11
2713 5
2714 11
2715 3
2716 8
2717 6
2718 8
2719 10
2720 13
2721 7
2722 9
2723 15
2724 15
2725 12
2726 18
2727 11
2728 14
2729 17
2730 14
2731 5
2732 20
2733 13
2734 26
2735 14
2736 23
2737 19
2738 25
2739 28
2740 28
2741 25
2742 31
2743 29
2744 35
2745 30
2746 48
2747 36
2748 38
2749 28
2750 40
2751 24
2752 62
2753 42
2754 64
2755 37
2756 51
2757 55
2758 53
2759 39
2760 62
2761 45
2762 48
2763 68
2764 70
2765 75
2766 60
2767 55
2768 67
2769 64
2770 96
2771 60
2772 85
2773 84
2774 67
2775 80
2776 84
2777 72
2778 97
2779 88
2780 86
2781 76
2782 96
2783 58
2784 141
2785 95
2786 115
2787 96
2788 122
2789 103
2790 137
2791 98
2792 136
2793 114
2794 127
2795 109
2796 134
2797 129
2798 129
2799 109
2800 173
2801 111
2802 168
2803 145
2804 165
2805 151
2806 169
2807 123
2808 192
2809 133
2810 157
2811 148
2812 184
2813 149
2814 204
2815 44
2816 291
2817 170
2818 195
2819 177
2820 188
2821 190
2822 214
2823 131
2824 182
2825 178
2826 215
2827 192
2828 196
2829 214
2830 261
2831 172
2832 263
2833 195
2834 224
2835 203
2836 239
2837 186
2838 236
2839 216
2840 270
2841 207
2842 239
2843 210
2844 252
2845 262
2846 262
2847 142
2848 282
2849 227
2850 271
2851 213
2852 232
2853 245
2854 268
2855 217
2856 310
2857 204
2858 274
2859 237
2860 274
2861 243
2862 285
2863 163
2864 332
2865 196
2866 269
2867 254
2868 244
2869 237
2870 301
2871 240
2872 287
2873 230
2874 286
2875 234
2876 284
2877 220
2878 297
2879 142
2880 335
2881 239
2882 247
2883 225
2884 254
2885 241
2886 277
2887 237
2888 292
2889 208
2890 321
2891 208
2892 276
2893 204
2894 288
2895 167
2896 316
2897 224
2898 275
2899 228
2900 250
2901 223
2902 270
2903 200
2904 269
2905 227
2906 259
2907 180
2908 214
2909 223
2910 240
2911 118
2912 297
2913 201
2914 229
2915 186
2916 212
2917 211
2918 226
2919 199
2920 244
2921 168
2922 232
2923 196
2924 216
2925 171
2926 215
2927 153
2928 238
2929 165
2930 185
2931 137
2932 192
2933 165
2934 185
2935 140
2936 176
2937 141
2938 164
2939 134
2940 176
2941 151
2942 169
2943 65
2944 253
2945 112
2946 152
2947 115
2948 139
2949 116
2950 131
2951 108
2952 163
2953 111
2954 135
2955 116
2956 120
2957 103
2958 113
2959 79
2960 114
2961 96
2962 113
2963 66
2964 97
2965 88
2966 97
2967 64
2968 106
2969 73
2970 77
2971 81
2972 76
2973 86
2974 75
2975 34
2976 90
2977 58
2978 58
2979 55
2980 45
2981 45
2982 61
2983 41
2984 59
2985 26
2986 55
2987 43
2988 34
2989 39
2990 48
2991 23
2992 45
2993 27
2994 27
2995 30
2996 40
2997 20
2998 39
2999 21
3000 32
3001 22
3002 31
3003 26
3004 17
3005 15
3006 23
3007 6
3008 23
3009 21
3010 14
3011 15
3012 11
3013 11
3014 14
3015 15
3016 21
3017 6
3018 11
3019 14
3020 10
3021 10
3022 5
3023 8
3024 8
3025 9
3026 10
3027 6
3028 8
3029 9
3030 7
3031 7
3032 3
3033 5
3034 4
3035 3
3036 7
3037 5
3038 1
3039 4
3040 4
3041 1
3042 4
3043 1
3044 1
3045 3
3046 3
3047 2
3048 1
3049 3
3050 1
3051 1
3052 0
3053 4
3054 2
3055 2
3056 1
3057 2
3058 0
3059 2
3060 0
3061 1
3062 1
3063 1
3064 0
3065 0
3066 1
3067 1
3068 0
3069 0
3070 0
3071 1
3072 1
3073 1
3074 1
3075 0
3076 0
3077 1
3078 0
3079 1
3080 0
3081 1
3082 0
3083 0
3084 0
3085 0
3086 1
3087 0
3088 0
3089 0
3090 0
3091 0
3092 0
3093 1
3094 0
OK
