Histogram of ADC0:
296 0
297 1
298 1
299 0
300 0
301 1
302 0
303 0
304 0
305 1
306 0
307 2
308 0
309 0
310 0
311 1
312 0
313 0
314 0
315 1
316 0
317 1
318 1
319 0
320 0
321 1
322 1
323 1
324 0
325 1
326 0
327 0
328 0
329 1
330 2
331 1
332 1
333 0
334 0
335 1
336 0
635 0
636 1
637 0
638 0
639 0
640 3
641 0
642 0
643 0
644 1
645 0
646 1
647 1
648 0
649 0
650 0
651 1
652 3
653 1
654 1
655 2
656 4
657 1
658 4
659 1
660 3
661 5
662 3
663 4
664 7
665 4
666 1
667 7
668 7
669 7
670 8
671 9
672 5
673 8
674 8
675 4
676 10
677 10
678 11
679 10
680 9
681 10
682 9
683 11
684 11
685 12
686 11
687 5
688 9
689 16
690 11
691 14
692 11
693 5
694 11
695 13
696 13
697 9
698 15
699 15
700 12
701 21
702 18
703 14
704 24
705 18
706 13
707 12
708 22
709 14
710 19
711 20
712 16
713 19
714 13
715 7
716 16
717 16
718 10
719 15
720 18
721 14
722 20
723 20
724 19
725 16
726 22
727 16
728 7
729 16
730 23
731 21
732 20
733 18
734 19
735 11
736 12
737 17
738 19
739 17
740 19
741 13
742 11
743 11
744 11
745 14
746 10
747 16
748 16
749 16
750 14
751 12
752 8
753 16
754 16
755 14
756 15
757 15
758 13
759 11
760 15
761 16
762 12
763 8
764 17
765 14
766 17
767 13
768 16
769 17
770 11
771 10
772 13
773 13
774 13
775 9
776 14
777 8
778 13
779 10
780 10
781 13
782 16
783 12
784 10
785 9
786 14
787 15
788 13
789 14
790 9
791 19
792 15
793 19
794 21
795 19
796 26
797 11
798 7
799 7
800 10
801 12
802 5
803 14
804 11
805 14
806 13
807 10
808 13
809 15
810 9
811 8
812 9
813 13
814 17
815 10
816 16
817 8
818 10
819 11
820 15
821 8
822 12
823 14
824 9
825 10
826 15
827 15
828 12
829 13
830 9
831 7
832 15
833 5
834 14
835 17
836 7
837 16
838 10
839 13
840 11
841 10
842 13
843 8
844 14
845 15
846 11
847 7
848 14
849 12
850 4
851 6
852 12
853 4
854 10
855 7
856 7
857 12
858 10
859 16
860 8
861 6
862 10
863 4
864 11
865 9
866 9
867 10
868 13
869 7
870 11
871 7
872 6
873 9
874 17
875 6
876 6
877 15
878 5
879 13
880 7
881 11
882 6
883 11
884 5
885 9
886 8
887 8
888 7
889 13
890 12
891 9
892 7
893 7
894 7
895 8
896 7
897 6
898 9
899 8
900 8
901 5
902 12
903 6
904 6
905 10
906 8
907 8
908 5
909 6
910 5
911 11
912 7
913 5
914 9
915 2
916 5
917 9
918 5
919 7
920 8
921 5
922 11
923 4
924 8
925 8
926 8
927 4
928 3
929 7
930 9
931 9
932 5
933 4
934 15
935 6
936 5
937 5
938 4
939 3
940 4
941 4
942 5
943 3
944 9
945 9
946 1
947 5
948 3
949 7
950 7
951 5
952 6
953 4
954 3
955 3
956 9
957 2
958 2
959 3
960 8
961 6
962 5
963 5
964 5
965 2
966 3
967 4
968 8
969 5
970 7
971 4
972 6
973 7
974 7
975 5
976 8
977 5
978 5
979 2
980 3
981 3
982 5
983 2
984 2
985 4
986 6
987 6
988 1
989 5
990 2
991 0
992 4
993 6
994 7
995 2
996 2
997 4
998 5
999 4
1000 3
1001 3
1002 9
1003 2
1004 5
1005 4
1006 6
1007 2
1008 4
1009 3
1010 8
1011 3
1012 7
1013 2
1014 4
1015 1
1016 1
1017 4
1018 3
1019 3
1020 5
1021 8
1022 3
1023 5
1024 5
1025 2
1026 2
1027 2
1028 7
1029 5
1030 4
1031 7
1032 2
1033 1
1034 3
1035 4
1036 2
1037 1
1038 4
1039 3
1040 2
1041 3
1042 3
1043 3
1044 5
1045 3
1046 5
1047 0
1048 1
1049 5
1050 3
1051 5
1052 2
1053 4
1054 5
1055 5
1056 0
1057 2
1058 5
1059 0
1060 4
1061 2
1062 4
1063 5
1064 4
1065 4
1066 1
1067 2
1068 1
1069 2
1070 4
1071 2
1072 1
1073 3
1074 6
1075 0
1076 4
1077 3
1078 2
1079 3
1080 3
1081 1
1082 0
1083 0
1084 7
1085 3
1086 4
1087 1
1088 7
1089 5
1090 0
1091 3
1092 7
1093 0
1094 1
1095 3
1096 5
1097 4
1098 6
1099 1
1100 4
1101 2
1102 4
1103 0
1104 2
1105 4
1106 2
1107 2
1108 4
1109 2
1110 2
1111 2
1112 1
1113 4
1114 2
1115 1
1116 2
1117 2
1118 2
1119 4
1120 2
1121 1
1122 1
1123 4
1124 2
1125 5
1126 2
1127 4
1128 4
1129 1
1130 3
1131 3
1132 1
1133 4
1134 4
1135 2
1136 1
1137 3
1138 2
1139 4
1140 2
1141 5
1142 2
1143 5
1144 1
1145 1
1146 3
1147 2
1148 4
1149 5
1150 0
1151 3
1152 2
1153 2
1154 2
1155 2
1156 2
1157 4
1158 1
1159 3
1160 1
1161 4
1162 2
1163 3
1164 3
1165 2
1166 0
1167 3
1168 4
1169 2
1170 0
1171 2
1172 1
1173 0
1174 3
1175 3
1176 0
1177 0
1178 0
1179 1
1180 4
1181 1
1182 4
1183 0
1184 2
1185 2
1186 2
1187 2
1188 3
1189 3
1190 3
1191 1
1192 1
1193 2
1194 2
1195 3
1196 2
1197 2
1198 0
1199 3
1200 3
1201 2
1202 2
1203 0
1204 1
1205 2
1206 0
1207 2
1208 3
1209 2
1210 2
1211 2
1212 2
1213 2
1214 0
1215 2
1216 4
1217 0
1218 2
1219 3
1220 3
1221 2
1222 0
1223 0
1224 1
1225 2
1226 0
1227 0
1228 1
1229 3
1230 0
1231 1
1232 1
1233 2
1234 4
1235 1
1236 1
1237 3
1238 3
1239 1
1240 1
1241 0
1242 2
1243 1
1244 0
1245 1
1246 1
1247 1
1248 2
1249 7
1250 2
1251 0
1252 2
1253 2
1254 3
1255 1
1256 1
1257 2
1258 4
1259 0
1260 1
1261 0
1262 3
1263 0
1264 2
1265 2
1266 2
1267 0
1268 1
1269 3
1270 2
1271 1
1272 4
1273 0
1274 0
1275 2
1276 1
1277 3
1278 0
1279 0
1280 1
1281 1
1282 0
1283 2
1284 1
1285 0
1286 3
1287 2
1288 4
1289 1
1290 3
1291 0
1292 0
1293 1
1294 0
1295 2
1296 1
1297 1
1298 1
1299 1
1300 1
1301 1
1302 5
1303 3
1304 2
1305 1
1306 0
1307 1
1308 2
1309 1
1310 2
1311 1
1312 2
1313 1
1314 2
1315 3
1316 1
1317 1
1318 0
1319 3
1320 2
1321 1
1322 3
1323 1
1324 2
1325 2
1326 0
1327 1
1328 0
1329 1
1330 0
1331 1
1332 1
1333 1
1334 2
1335 1
1336 0
1337 2
1338 0
1339 1
1340 0
1341 4
1342 1
1343 1
1344 0
1345 1
1346 2
1347 1
1348 0
1349 2
1350 0
1351 1
1352 0
1353 2
1354 1
1355 0
1356 1
1357 2
1358 1
1359 0
1360 1
1361 3
1362 2
1363 0
1364 1
1365 2
1366 1
1367 1
1368 0
1369 1
1370 1
1371 3
1372 1
1373 0
1374 1
1375 0
1376 0
1377 0
1378 0
1379 2
1380 1
1381 1
1382 0
1383 3
1384 1
1385 2
1386 2
1387 0
1388 0
1389 1
1390 2
1391 2
1392 0
1393 2
1394 1
1395 0
1396 1
1397 3
1398 2
1399 0
1400 0
1401 0
1402 0
1403 1
1404 0
1405 1
1406 2
1407 0
1408 0
1409 0
1410 2
1411 0
1412 1
1413 0
1414 0
1415 0
1416 2
1417 2
1418 2
1419 1
1420 4
1421 2
1422 0
1423 1
1424 2
1425 1
1426 1
1427 0
1428 2
1429 0
1430 0
1431 2
1432 1
1433 1
1434 0
1435 1
1436 1
1437 0
1438 1
1439 2
1440 0
1441 0
1442 3
1443 0
1444 1
1445 2
1446 0
1447 0
1448 0
1449 1
1450 1
1451 0
1452 1
1453 0
1454 1
1455 1
1456 2
1457 3
1458 0
1459 1
1460 0
1461 0
1462 2
1463 1
1464 2
1465 0
1466 0
1467 0
1468 1
1469 1
1470 0
1471 1
1472 1
1473 0
1474 0
1475 1
1476 0
1477 1
1478 1
1479 0
1480 0
1481 1
1482 0
1483 0
1484 0
1485 1
1486 1
1487 0
1488 0
1489 0
1490 1
1491 2
1492 0
1493 4
1494 1
1495 1
1496 0
1497 2
1498 1
1499 0
1500 0
1501 1
1502 1
1503 1
1504 4
1505 0
1506 1
1507 1
1508 0
1509 0
1510 0
1511 0
1512 1
1513 1
1514 0
1515 0
1516 3
1517 1
1518 0
1519 0
1520 0
1521 0
1522 1
1523 1
1524 3
1525 0
1526 1
1527 0
1528 0
1529 0
1530 2
1531 0
1532 1
1533 0
1534 0
1535 1
1536 1
1537 1
1538 0
1539 0
1540 1
1541 1
1542 0
1543 1
1544 0
1545 1
1546 1
1547 0
1548 1
1549 0
1550 1
1551 0
1552 1
1553 2
1554 0
1555 0
1556 0
1557 1
1558 0
1559 0
1560 0
1561 1
1562 0
1563 0
1564 1
1565 0
1566 1
1567 0
1568 0
1569 0
1570 0
1571 2
1572 1
1573 1
1574 0
1575 0
1576 0
1577 0
1578 0
1579 1
1580 0
1581 0
1582 1
1583 1
1584 0
1585 1
1586 0
1587 0
1588 0
1589 1
1590 0
1591 0
1592 0
1593 1
1594 1
1595 1
1596 1
1597 0
1598 1
1599 0
1600 0
1601 0
1602 1
1603 3
1604 0
1605 0
1606 0
1607 0
1608 0
1609 2
1610 1
1611 0
1612 0
1613 0
1614 1
1615 0
1616 0
1617 0
1618 1
1619 1
1620 3
1621 1
1622 0
1623 0
1624 1
1625 1
1626 0
1627 0
1628 0
1629 0
1630 1
1631 2
1632 0
1633 0
1634 1
1635 0
1636 2
1637 0
1638 2
1639 1
1640 0
1641 0
1642 0
1643 0
1644 0
1645 1
1646 1
1647 1
1648 0
1649 0
1650 0
1651 0
1652 0
1653 0
1654 0
1655 0
1656 0
1657 0
1658 0
1659 0
1660 0
1661 0
1662 0
1663 1
1664 0
1665 1
1666 0
1667 0
1668 1
1669 1
1670 0
1671 1
1672 0
1673 0
1674 0
1675 0
1676 1
1677 0
1678 0
1679 1
1680 0
1681 0
1682 2
1683 0
1684 2
1685 0
1686 0
1687 0
1688 0
1689 0
1690 0
1691 0
1692 0
1693 0
1694 1
1695 0
1696 0
1697 0
1698 2
1699 0
1700 1
1701 0
1702 0
1703 1
1704 1
1705 0
1706 0
1707 0
1708 0
1709 1
1710 0
1711 0
1712 0
1713 0
1714 0
1715 0
1716 0
1717 0
1718 2
1719 0
1720 0
1721 1
1722 1
1723 1
1724 0
1725 0
1726 0
1727 1
1728 2
1729 1
1730 0
1731 0
1732 0
1733 0
1734 0
1735 0
1736 0
1737 0
1738 0
1739 0
1740 0
1741 0
1742 0
1743 0
1744 0
1745 0
1746 1
1747 0
1748 0
1749 1
1750 0
1751 0
1752 0
1753 1
1754 1
1755 1
1756 0
1779 0
1780 1
1781 1
1782 0
1783 2
1784 0
1785 0
1786 0
1787 0
1788 0
1789 0
1790 0
1791 0
1792 0
1793 0
1794 0
1795 0
1796 0
1797 1
1798 0
1799 0
1800 0
1801 0
1802 1
1803 0
1804 0
1805 0
1806 0
1807 1
1808 0
1809 0
1810 0
1811 0
1812 0
1813 1
1814 0
1815 0
1816 1
1817 0
1818 1
1819 0
1820 0
1821 2
1822 1
1823 0
1824 0
1825 1
1826 0
1827 0
1828 1
1829 0
1830 0
1831 0
1832 1
1833 0
1834 0
1835 1
1836 0
1837 0
1838 1
1839 0
1840 0
1841 0
1842 0
1843 0
1844 0
1845 0
1846 0
1847 0
1848 0
1849 0
1850 0
1851 0
1852 1
1853 1
1854 0
1855 1
1856 0
1857 1
1858 0
1859 1
1860 0
1861 0
1862 1
1863 0
1864 0
1865 0
1866 0
1867 0
1868 0
1869 0
1870 0
1871 0
1872 0
1873 0
1874 0
1875 0
1876 0
1877 1
1878 0
1879 0
1880 0
1881 0
1882 0
1883 0
1884 0
1885 0
1886 0
1887 1
1888 0
1889 0
1890 0
1891 0
1892 0
1893 1
1894 0
1895 0
1896 0
1897 0
1898 0
1899 2
1900 0
1901 0
1902 0
1903 0
1904 0
1905 0
1906 1
1907 0
1908 0
1909 0
1910 1
1911 0
1912 0
1913 0
1914 0
1915 1
1916 0
1917 1
1918 2
1919 0
1920 0
1921 0
1922 0
1923 0
1924 1
1925 1
1926 0
1927 0
1928 1
1929 1
1930 0
1931 0
1932 1
1933 0
1934 0
1935 0
1936 0
1937 0
1938 1
1939 0
1940 0
1941 0
1942 0
1943 0
1944 1
1945 0
1946 0
1947 0
1948 0
1949 0
1950 0
1951 0
1952 1
1953 0
1954 0
1955 0
1956 0
1957 0
1958 1
1959 0
1960 0
1961 0
1962 0
1963 0
1964 0
1965 1
1966 0
1967 0
1968 0
1969 0
1970 0
1971 0
1972 0
1973 0
1974 1
1975 0
1976 0
1977 0
1978 1
1979 0
1980 0
1981 0
1982 0
1983 0
1984 0
1985 1
1986 0
1987 0
1988 1
1989 0
1990 0
1991 0
1992 0
1993 0
1994 0
1995 0
1996 1
1997 0
1998 0
1999 0
2000 1
2001 0
2002 0
2003 0
2004 0
2005 0
2006 0
2007 1
2008 0
2009 0
2010 0
2011 0
2012 1
2013 1
2014 0
2015 0
2016 1
2017 1
2018 0
2019 1
2020 0
2021 0
2022 0
2023 0
2024 1
2025 0
2026 0
2027 1
2028 0
2029 0
2030 0
2031 0
2032 0
2033 0
2034 0
2035 1
2036 0
2037 0
2038 1
2039 0
2040 0
2041 0
2042 0
2043 0
2044 0
2045 1
2046 0
2047 0
2048 0
2049 0
2050 0
2051 0
2052 0
2053 0
2054 0
2055 0
2056 0
2057 0
2058 0
2059 0
2060 0
2061 1
2062 0
2063 0
2064 0
2065 1
2066 0
2067 0
2068 1
2069 0
2070 0
2071 0
2072 0
2073 1
2074 0
2075 0
2076 0
2077 0
2078 0
2079 0
2080 1
2081 0
2102 0
2103 1
2104 0
2105 0
2106 0
2107 0
2108 0
2109 0
2110 0
2111 0
2112 0
2113 0
2114 0
2115 1
2116 0
2117 0
2118 0
2119 0
2120 0
2121 1
2122 0
2123 0
2124 0
2125 0
2126 0
2127 0
2128 1
2129 0
2157 0
2158 1
2159 0
2160 0
2161 0
2162 0
2163 0
2164 0
2165 0
2166 0
2167 0
2168 0
2169 0
2170 0
2171 0
2172 0
2173 1
2174 0
2175 0
2176 0
2177 0
2178 0
2179 0
2180 0
2181 1
2182 0
2183 0
2184 1
2185 0
2186 0
2187 0
2188 0
2189 0
2190 0
2191 0
2192 0
2193 0
2194 0
2195 0
2196 0
2197 0
2198 1
2199 0
2200 0
2201 1
2202 0
2203 0
2204 0
2205 0
2206 0
2207 0
2208 0
2209 1
2210 0
2211 0
2212 2
2213 0
2214 0
2215 0
2216 0
2217 0
2218 1
2219 0
2220 0
2221 0
2222 0
2223 0
2224 0
2225 0
2226 0
2227 0
2228 0
2229 0
2230 0
2231 0
2232 0
2233 1
2234 0
2235 0
2236 0
2237 0
2238 0
2239 0
2240 0
2241 0
2242 0
2243 0
2244 1
2245 0
2246 0
2247 0
2248 0
2249 0
2250 0
2251 0
2252 0
2253 0
2254 1
2255 0
2256 0
2257 0
2258 0
2259 0
2260 0
2261 0
2262 0
2263 0
2264 0
2265 0
2266 0
2267 0
2268 1
2269 0
2270 0
2271 0
2272 0
2273 0
2274 0
2275 0
2276 0
2277 0
2278 0
2279 0
2280 0
2281 0
2282 0
2283 1
2284 0
2322 0
2323 1
2324 0
2360 0
2361 1
2362 0
2363 0
2364 0
2365 0
2366 0
2367 0
2368 0
2369 0
2370 0
2371 0
2372 1
2373 0
2374 0
2375 0
2376 0
2377 0
2378 0
2379 0
2380 0
2381 0
2382 0
2383 0
2384 0
2385 0
2386 0
2387 0
2388 0
2389 2
2390 0
2391 0
2392 0
2393 0
2394 0
2395 0
2396 0
2397 0
2398 0
2399 0
2400 0
2401 0
2402 0
2403 0
2404 1
2405 0
2406 0
2407 0
2408 0
2409 0
2410 0
2411 0
2412 0
2413 1
2414 0
2415 0
2416 0
2417 0
2418 0
2419 0
2420 0
2421 1
2422 0
2423 0
2424 0
2425 0
2426 0
2427 0
2428 0
2429 0
2430 0
2431 0
2432 1
2433 0
2456 0
2457 1
2458 0
2459 0
2460 0
2461 0
2462 0
2463 0
2464 0
2465 0
2466 0
2467 0
2468 0
2469 0
2470 0
2471 0
2472 0
2473 1
2474 0
2475 0
2476 0
2477 0
2478 0
2479 0
2480 0
2481 0
2482 0
2483 0
2484 0
2485 0
2486 0
2487 0
2488 0
2489 1
2490 0
2514 0
2515 1
2516 0
2517 0
2518 0
2519 0
2520 0
2521 0
2522 0
2523 0
2524 0
2525 0
2526 0
2527 0
2528 1
2529 0
2530 0
2531 0
2532 0
2533 0
2534 0
2535 0
2536 0
2537 0
2538 0
2539 0
2540 0
2541 0
2542 0
2543 0
2544 0
2545 0
2546 0
2547 0
2548 0
2549 1
2550 0
2591 0
2592 1
2593 0
2627 0
2628 1
2629 0
2630 0
2631 0
2632 0
2633 0
2634 0
2635 0
2636 0
2637 0
2638 0
2639 0
2640 0
2641 0
2642 0
2643 0
2644 0
2645 1
2646 0
2674 0
2675 1
2676 0
2706 0
2707 1
2708 0
2709 0
2710 1
2711 0
2712 0
2713 0
2714 0
2715 0
2716 1
2717 0
2761 0
2762 1
2763 0
2764 0
2765 0
2766 0
2767 0
2768 0
2769 0
2770 0
2771 0
2772 0
2773 0
2774 0
2775 1
2776 0
2777 0
2778 0
2779 0
2780 0
2781 0
2782 0
2783 0
2784 0
2785 0
2786 0
2787 0
2788 0
2789 0
2790 0
2791 0
2792 1
2793 0
2839 0
2840 1
2841 0
2842 1
2843 0
2966 0
2967 1
2968 0
3025 0
3026 1
3027 0
3055 0
3056 1
3057 0
3058 0
3059 0
3060 1
3061 0
3146 0
3147 1
3148 0
3280 0
3281 1
3282 0
3303 0
3304 1
3305 0
3306 0
3307 0
3308 0
3309 0
3310 0
3311 0
3312 0
3313 0
3314 0
3315 0
3316 0
3317 0
3318 0
3319 0
3320 1
3321 0
3322 0
3323 0
3324 0
3325 0
3326 0
3327 0
3328 1
3329 0
3375 0
3376 1
3377 0
3480 0
3481 1
3482 0
3483 0
3484 0
3485 0
3486 0
3487 0
3488 0
3489 0
3490 0
3491 0
3492 0
3493 0
3494 0
3495 0
3496 0
3497 1
3498 0
3553 0
3554 1
3555 0
3699 0
3700 1
3701 0
3702 0
3703 0
3704 0
3705 0
3706 0
3707 0
3708 0
3709 0
3710 0
3711 0
3712 0
3713 0
3714 0
3715 0
3716 1
3717 0
3817 0
3818 1
3819 0
3839 0
3840 1
3841 0
3883 0
3884 1
3885 0
3886 0
3887 0
3888 0
3889 0
3890 0
3891 0
3892 0
3893 0
3894 0
3895 0
3896 0
3897 0
3898 0
3899 0
3900 0
3901 1
3902 0
3941 0
3942 1
3943 0
4094 0
4095 40756
OK
