Histogram of ADC12:
12 0
13 20
14 1612
15 2025
16 557
17 206
18 72
19 40
20 16
21 14
22 5
23 5
24 3
25 8
26 0
27 2
28 1
29 3
30 0
31 0
32 0
33 2
34 0
35 0
36 0
37 0
38 1
39 0
40 0
41 0
42 0
43 0
44 0
45 0
46 0
47 0
48 0
49 0
50 2
51 0
124 0
125 1
126 0
230 0
231 2
232 4
233 10
234 16
235 31
236 100
237 140
238 270
239 469
240 672
241 904
242 1221
243 1563
244 1907
245 2260
246 2604
247 2928
248 2958
249 3077
250 3063
251 2951
252 2770
253 2551
254 2130
255 1968
256 1403
257 1026
258 700
259 434
260 272
261 162
262 93
263 42
264 25
265 7
266 6
267 4
268 0
2059 0
2060 1
2061 0
OK
