Histogram of ADC2:
9 0
10 19
11 2
12 0
13 0
14 0
15 0
16 0
17 0
18 0
19 0
20 0
21 0
22 0
23 2
24 22
25 173
26 326
27 371
28 350
29 330
30 297
31 238
32 247
33 258
34 189
35 163
36 141
37 139
38 88
39 98
40 92
41 78
42 75
43 76
44 71
45 50
46 52
47 48
48 28
49 34
50 29
51 35
52 24
53 29
54 20
55 24
56 20
57 17
58 14
59 16
60 14
61 4
62 14
63 11
64 12
65 13
66 13
67 6
68 8
69 10
70 6
71 8
72 5
73 4
74 7
75 3
76 5
77 4
78 7
79 6
80 2
81 4
82 2
83 6
84 5
85 3
86 6
87 2
88 2
89 1
90 2
91 3
92 2
93 2
94 0
95 1
96 3
97 2
98 1
99 1
100 0
101 1
102 0
103 1
104 1
105 3
106 1
107 3
108 1
109 3
110 2
111 0
112 1
113 0
114 0
115 0
116 0
117 1
118 2
119 0
120 2
121 1
122 0
123 1
124 0
125 1
126 2
127 1
128 0
129 0
130 0
131 1
132 0
133 1
134 1
135 0
136 0
137 1
138 0
139 0
140 1
141 1
142 0
143 0
144 1
145 0
146 0
147 0
148 1
149 1
150 0
151 0
152 0
153 0
154 0
155 0
156 0
157 0
158 0
159 0
160 0
161 0
162 1
163 0
164 0
165 0
166 0
167 0
168 0
169 0
170 0
171 0
172 0
173 0
174 0
175 2
176 0
177 0
178 0
179 0
180 0
181 1
182 1
183 0
184 0
185 0
186 0
187 0
188 0
189 0
190 0
191 0
192 0
193 0
194 0
195 0
196 0
197 1
198 0
199 0
200 0
201 0
202 2
203 0
204 1
205 0
206 0
207 0
208 0
209 0
210 0
211 0
212 0
213 0
214 1
215 0
216 0
217 0
218 0
219 0
220 1
221 0
222 0
223 0
224 0
225 0
226 0
227 0
228 0
229 0
230 0
231 0
232 0
233 1
234 0
291 0
292 1
293 0
351 0
352 1
353 0
354 0
355 0
356 0
357 0
358 0
359 0
360 0
361 0
362 0
363 0
364 0
365 0
366 0
367 0
368 0
369 0
370 1
371 0
372 0
373 0
374 0
375 0
376 0
377 0
378 0
379 0
380 0
381 1
382 0
512 0
513 1
514 0
2311 0
2312 1
2313 0
2418 0
2419 1
2420 1
2421 1
2422 1
2423 2
2424 1
2425 0
2426 0
2427 0
2428 5
2429 2
2430 6
2431 0
2432 1
2433 6
2434 6
2435 1
2436 4
2437 0
2438 0
2439 3
2440 4
2441 4
2442 4
2443 4
2444 4
2445 4
2446 4
2447 3
2448 5
2449 10
2450 7
2451 10
2452 7
2453 9
2454 9
2455 5
2456 7
2457 10
2458 14
2459 15
2460 15
2461 10
2462 11
2463 10
2464 19
2465 12
2466 19
2467 13
2468 21
2469 24
2470 26
2471 19
2472 21
2473 28
2474 38
2475 19
2476 43
2477 25
2478 51
2479 27
2480 35
2481 35
2482 53
2483 38
2484 52
2485 41
2486 51
2487 46
2488 52
2489 46
2490 69
2491 78
2492 56
2493 76
2494 84
2495 39
2496 91
2497 61
2498 93
2499 90
2500 98
2501 70
2502 110
2503 76
2504 111
2505 115
2506 112
2507 98
2508 129
2509 122
2510 134
2511 102
2512 157
2513 142
2514 138
2515 139
2516 146
2517 147
2518 171
2519 145
2520 178
2521 146
2522 199
2523 175
2524 198
2525 214
2526 216
2527 116
2528 270
2529 190
2530 197
2531 204
2532 220
2533 233
2534 257
2535 206
2536 287
2537 224
2538 281
2539 240
2540 277
2541 266
2542 295
2543 228
2544 356
2545 262
2546 345
2547 278
2548 278
2549 292
2550 322
2551 256
2552 346
2553 317
2554 327
2555 291
2556 339
2557 286
2558 359
2559 141
2560 572
2561 321
2562 345
2563 301
2564 363
2565 347
2566 347
2567 292
2568 403
2569 320
2570 409
2571 339
2572 354
2573 388
2574 356
2575 274
2576 434
2577 329
2578 350
2579 331
2580 389
2581 376
2582 385
2583 280
2584 397
2585 339
2586 372
2587 300
2588 358
2589 358
2590 345
2591 179
2592 460
2593 297
2594 351
2595 294
2596 351
2597 300
2598 341
2599 251
2600 366
2601 251
2602 356
2603 276
2604 319
2605 262
2606 364
2607 245
2608 332
2609 223
2610 296
2611 245
2612 286
2613 232
2614 284
2615 202
2616 281
2617 208
2618 273
2619 207
2620 216
2621 204
2622 278
2623 136
2624 300
2625 164
2626 208
2627 187
2628 210
2629 199
2630 229
2631 154
2632 214
2633 136
2634 157
2635 125
2636 170
2637 130
2638 156
2639 104
2640 196
2641 133
2642 145
2643 97
2644 119
2645 122
2646 109
2647 116
2648 148
2649 105
2650 128
2651 83
2652 111
2653 74
2654 88
2655 53
2656 90
2657 64
2658 82
2659 51
2660 53
2661 67
2662 54
2663 38
2664 72
2665 47
2666 54
2667 48
2668 59
2669 46
2670 51
2671 25
2672 28
2673 31
2674 31
2675 19
2676 31
2677 24
2678 24
2679 20
2680 32
2681 22
2682 25
2683 18
2684 19
2685 22
2686 22
2687 6
2688 19
2689 14
2690 19
2691 13
2692 10
2693 9
2694 5
2695 6
2696 14
2697 8
2698 7
2699 7
2700 10
2701 8
2702 5
2703 3
2704 5
2705 7
2706 4
2707 5
2708 6
2709 4
2710 4
2711 4
2712 2
2713 2
2714 1
2715 2
2716 0
2717 3
2718 3
2719 1
2720 3
2721 1
2722 0
2723 1
2724 1
2725 1
2726 0
2727 0
2728 0
2729 0
2730 1
2731 1
2732 1
2733 0
2734 0
2735 0
2736 0
2737 0
2738 0
2739 0
2740 1
2741 0
2742 0
2743 0
2744 0
2745 0
2746 0
2747 0
2748 0
2749 0
2750 0
2751 0
2752 1
2753 0
4094 0
4095 1
OK
