Histogram of ADC0:
304 0
305 1
306 2
307 2
308 2
309 0
310 1
311 0
312 1
313 1
314 1
315 0
316 1
317 1
318 1
319 1
320 0
321 0
322 1
323 0
324 0
325 0
326 0
327 2
328 0
329 1
330 1
331 0
332 0
333 0
334 0
335 0
336 0
337 0
338 1
339 0
640 0
641 1
642 0
643 0
644 0
645 0
646 0
647 2
648 0
649 0
650 0
651 0
652 0
653 3
654 1
655 4
656 4
657 0
658 1
659 1
660 3
661 3
662 3
663 3
664 1
665 5
666 6
667 4
668 10
669 7
670 7
671 4
672 8
673 4
674 8
675 10
676 11
677 8
678 9
679 6
680 7
681 7
682 8
683 9
684 6
685 11
686 8
687 18
688 5
689 8
690 8
691 10
692 16
693 11
694 11
695 18
696 14
697 21
698 18
699 13
700 10
701 20
702 14
703 10
704 18
705 19
706 20
707 13
708 13
709 10
710 20
711 12
712 8
713 17
714 14
715 10
716 6
717 17
718 20
719 17
720 13
721 13
722 23
723 11
724 13
725 20
726 12
727 15
728 12
729 13
730 14
731 19
732 15
733 18
734 18
735 8
736 15
737 18
738 18
739 11
740 14
741 20
742 11
743 13
744 15
745 19
746 5
747 15
748 8
749 20
750 13
751 16
752 14
753 14
754 16
755 16
756 21
757 11
758 15
759 11
760 9
761 15
762 17
763 16
764 17
765 15
766 11
767 8
768 22
769 13
770 16
771 14
772 20
773 19
774 11
775 12
776 17
777 12
778 11
779 13
780 12
781 8
782 9
783 9
784 18
785 15
786 14
787 5
788 13
789 18
790 11
791 13
792 8
793 12
794 13
795 12
796 7
797 19
798 8
799 16
800 14
801 13
802 9
803 8
804 12
805 14
806 10
807 15
808 19
809 10
810 11
811 13
812 10
813 13
814 8
815 15
816 8
817 12
818 16
819 9
820 13
821 9
822 17
823 11
824 14
825 7
826 13
827 8
828 10
829 10
830 12
831 5
832 12
833 15
834 10
835 11
836 16
837 5
838 12
839 5
840 6
841 6
842 8
843 10
844 16
845 9
846 15
847 7
848 11
849 15
850 9
851 11
852 13
853 7
854 8
855 10
856 5
857 17
858 9
859 8
860 11
861 11
862 13
863 8
864 15
865 7
866 8
867 5
868 13
869 13
870 16
871 12
872 12
873 13
874 12
875 10
876 8
877 10
878 5
879 12
880 13
881 9
882 8
883 8
884 15
885 9
886 6
887 6
888 6
889 16
890 7
891 7
892 8
893 4
894 6
895 5
896 7
897 9
898 16
899 3
900 10
901 5
902 6
903 9
904 6
905 8
906 9
907 6
908 10
909 7
910 6
911 5
912 10
913 6
914 4
915 3
916 5
917 6
918 7
919 3
920 6
921 10
922 11
923 6
924 5
925 5
926 6
927 4
928 5
929 1
930 7
931 12
932 8
933 4
934 8
935 8
936 11
937 3
938 2
939 4
940 6
941 5
942 2
943 6
944 6
945 3
946 6
947 8
948 11
949 8
950 5
951 4
952 5
953 6
954 10
955 6
956 5
957 6
958 7
959 2
960 5
961 6
962 9
963 4
964 6
965 6
966 7
967 7
968 3
969 8
970 4
971 3
972 4
973 6
974 0
975 3
976 2
977 2
978 8
979 3
980 5
981 5
982 1
983 2
984 0
985 8
986 3
987 2
988 6
989 6
990 2
991 5
992 3
993 3
994 9
995 3
996 2
997 6
998 5
999 4
1000 4
1001 5
1002 4
1003 4
1004 5
1005 4
1006 4
1007 1
1008 7
1009 4
1010 3
1011 8
1012 5
1013 4
1014 3
1015 3
1016 4
1017 3
1018 5
1019 4
1020 2
1021 8
1022 0
1023 2
1024 2
1025 1
1026 3
1027 3
1028 6
1029 3
1030 5
1031 5
1032 2
1033 3
1034 3
1035 6
1036 6
1037 2
1038 5
1039 2
1040 4
1041 5
1042 3
1043 4
1044 9
1045 4
1046 3
1047 2
1048 2
1049 5
1050 2
1051 3
1052 3
1053 1
1054 5
1055 5
1056 4
1057 5
1058 1
1059 3
1060 2
1061 1
1062 1
1063 0
1064 2
1065 5
1066 4
1067 3
1068 6
1069 2
1070 8
1071 3
1072 0
1073 5
1074 6
1075 2
1076 1
1077 1
1078 5
1079 1
1080 1
1081 7
1082 6
1083 1
1084 2
1085 5
1086 4
1087 1
1088 3
1089 4
1090 2
1091 2
1092 1
1093 3
1094 3
1095 5
1096 1
1097 9
1098 3
1099 2
1100 3
1101 3
1102 2
1103 3
1104 2
1105 3
1106 6
1107 1
1108 3
1109 5
1110 3
1111 3
1112 3
1113 5
1114 3
1115 3
1116 3
1117 2
1118 2
1119 2
1120 2
1121 0
1122 4
1123 4
1124 1
1125 2
1126 7
1127 3
1128 6
1129 7
1130 3
1131 1
1132 3
1133 1
1134 1
1135 1
1136 3
1137 3
1138 2
1139 2
1140 4
1141 2
1142 2
1143 2
1144 2
1145 2
1146 4
1147 3
1148 3
1149 0
1150 3
1151 0
1152 1
1153 2
1154 1
1155 1
1156 3
1157 2
1158 1
1159 4
1160 2
1161 2
1162 4
1163 3
1164 2
1165 2
1166 2
1167 0
1168 3
1169 1
1170 3
1171 1
1172 1
1173 3
1174 2
1175 5
1176 2
1177 5
1178 4
1179 3
1180 1
1181 2
1182 3
1183 1
1184 1
1185 1
1186 0
1187 3
1188 1
1189 2
1190 5
1191 3
1192 2
1193 3
1194 2
1195 0
1196 4
1197 2
1198 1
1199 2
1200 2
1201 2
1202 1
1203 2
1204 2
1205 2
1206 0
1207 2
1208 1
1209 2
1210 2
1211 4
1212 2
1213 1
1214 3
1215 2
1216 2
1217 1
1218 4
1219 1
1220 1
1221 2
1222 0
1223 0
1224 1
1225 0
1226 3
1227 1
1228 0
1229 1
1230 0
1231 1
1232 2
1233 0
1234 2
1235 2
1236 3
1237 0
1238 0
1239 0
1240 1
1241 1
1242 2
1243 1
1244 2
1245 1
1246 0
1247 2
1248 2
1249 1
1250 4
1251 2
1252 1
1253 0
1254 1
1255 3
1256 2
1257 1
1258 0
1259 0
1260 2
1261 1
1262 1
1263 3
1264 3
1265 0
1266 0
1267 1
1268 1
1269 1
1270 1
1271 4
1272 2
1273 0
1274 1
1275 1
1276 0
1277 1
1278 1
1279 2
1280 1
1281 1
1282 2
1283 1
1284 1
1285 0
1286 0
1287 1
1288 2
1289 0
1290 0
1291 5
1292 2
1293 3
1294 1
1295 0
1296 2
1297 2
1298 0
1299 1
1300 2
1301 0
1302 3
1303 3
1304 1
1305 2
1306 1
1307 2
1308 2
1309 1
1310 1
1311 0
1312 2
1313 0
1314 1
1315 5
1316 1
1317 2
1318 1
1319 1
1320 0
1321 1
1322 2
1323 1
1324 0
1325 1
1326 0
1327 0
1328 2
1329 1
1330 2
1331 0
1332 0
1333 1
1334 2
1335 0
1336 0
1337 1
1338 0
1339 1
1340 1
1341 2
1342 0
1343 0
1344 2
1345 0
1346 0
1347 3
1348 0
1349 3
1350 0
1351 0
1352 1
1353 1
1354 2
1355 2
1356 2
1357 1
1358 2
1359 1
1360 2
1361 0
1362 3
1363 1
1364 2
1365 0
1366 0
1367 2
1368 0
1369 0
1370 5
1371 0
1372 0
1373 0
1374 1
1375 1
1376 0
1377 3
1378 1
1379 0
1380 1
1381 2
1382 0
1383 0
1384 0
1385 1
1386 1
1387 0
1388 3
1389 0
1390 0
1391 0
1392 1
1393 0
1394 2
1395 1
1396 0
1397 3
1398 1
1399 1
1400 2
1401 2
1402 1
1403 2
1404 0
1405 0
1406 1
1407 1
1408 1
1409 1
1410 1
1411 1
1412 2
1413 0
1414 0
1415 0
1416 0
1417 0
1418 1
1419 1
1420 1
1421 0
1422 0
1423 1
1424 1
1425 2
1426 1
1427 1
1428 2
1429 2
1430 1
1431 1
1432 1
1433 1
1434 0
1435 2
1436 0
1437 0
1438 0
1439 1
1440 1
1441 2
1442 0
1443 0
1444 2
1445 0
1446 0
1447 0
1448 2
1449 2
1450 0
1451 0
1452 1
1453 1
1454 0
1455 1
1456 1
1457 2
1458 0
1459 2
1460 1
1461 0
1462 0
1463 0
1464 0
1465 1
1466 0
1467 0
1468 2
1469 0
1470 0
1471 1
1472 1
1473 0
1474 0
1475 1
1476 0
1477 0
1478 0
1479 0
1480 1
1481 0
1482 2
1483 0
1484 0
1485 1
1486 0
1487 1
1488 0
1489 1
1490 1
1491 1
1492 1
1493 0
1494 0
1495 0
1496 0
1497 1
1498 0
1499 0
1500 3
1501 1
1502 0
1503 0
1504 1
1505 0
1506 0
1507 1
1508 1
1509 0
1510 0
1511 2
1512 1
1513 0
1514 0
1515 0
1516 2
1517 0
1518 1
1519 0
1520 0
1521 2
1522 1
1523 0
1524 0
1525 0
1526 0
1527 1
1528 1
1529 2
1530 0
1531 0
1532 0
1533 0
1534 0
1535 0
1536 1
1537 0
1538 0
1539 0
1540 0
1541 0
1542 0
1543 1
1544 0
1545 0
1546 1
1547 0
1548 0
1549 0
1550 0
1551 0
1552 0
1553 2
1554 0
1555 1
1556 1
1557 0
1558 1
1559 0
1560 0
1561 0
1562 1
1563 0
1564 2
1565 2
1566 0
1567 0
1568 1
1569 0
1570 0
1571 0
1572 3
1573 0
1574 1
1575 0
1576 0
1577 0
1578 0
1579 0
1580 2
1581 0
1582 1
1583 0
1584 0
1585 1
1586 0
1587 1
1588 1
1589 1
1590 0
1591 0
1592 1
1593 0
1594 0
1595 0
1596 0
1597 2
1598 0
1599 1
1600 0
1601 1
1602 1
1603 0
1604 0
1605 0
1606 0
1607 1
1608 1
1609 0
1610 0
1611 1
1612 2
1613 0
1614 0
1615 1
1616 0
1617 0
1618 2
1619 0
1620 1
1621 1
1622 0
1623 0
1624 0
1625 3
1626 0
1627 0
1628 1
1629 1
1630 1
1631 0
1632 0
1633 0
1634 0
1635 1
1636 1
1637 1
1638 1
1639 0
1640 0
1641 0
1642 1
1643 0
1644 1
1645 2
1646 0
1647 0
1648 0
1649 1
1650 1
1651 0
1652 1
1653 1
1654 0
1655 2
1656 0
1657 0
1658 0
1659 0
1660 0
1661 0
1662 1
1663 1
1664 0
1665 0
1666 1
1667 0
1668 0
1669 1
1670 0
1671 1
1672 0
1673 1
1674 1
1675 0
1676 0
1677 0
1678 0
1679 0
1680 0
1681 1
1682 0
1683 0
1684 0
1685 1
1686 0
1687 0
1688 1
1689 1
1690 0
1691 1
1692 0
1693 0
1694 0
1695 1
1696 2
1697 0
1698 0
1699 1
1700 0
1701 0
1702 0
1703 0
1704 0
1705 0
1706 1
1707 0
1708 0
1709 1
1710 0
1711 0
1712 0
1713 0
1714 0
1715 0
1716 0
1717 1
1718 1
1719 0
1720 2
1721 0
1722 0
1723 0
1724 0
1725 0
1726 0
1727 0
1728 0
1729 0
1730 0
1731 0
1732 0
1733 2
1734 0
1735 1
1736 1
1737 0
1738 1
1739 0
1740 0
1741 1
1742 1
1743 0
1744 0
1745 0
1746 0
1747 1
1748 0
1749 0
1750 0
1751 0
1752 0
1753 1
1754 0
1755 0
1756 0
1757 0
1758 0
1759 0
1760 1
1761 1
1762 1
1763 0
1764 0
1765 1
1766 0
1767 1
1768 0
1769 0
1770 0
1771 0
1772 0
1773 0
1774 0
1775 1
1776 0
1777 1
1778 1
1779 0
1780 0
1781 0
1782 0
1783 1
1784 0
1785 0
1786 1
1787 1
1788 0
1789 1
1790 0
1791 0
1792 0
1793 0
1794 0
1795 1
1796 0
1797 0
1798 0
1799 0
1800 0
1801 0
1802 0
1803 3
1804 0
1805 0
1806 0
1807 0
1808 0
1809 0
1810 0
1811 1
1812 0
1813 0
1814 0
1815 0
1816 0
1817 1
1818 0
1819 0
1820 0
1821 0
1822 0
1823 1
1824 0
1825 0
1826 0
1827 0
1828 0
1829 0
1830 0
1831 0
1832 0
1833 0
1834 0
1835 1
1836 0
1837 0
1838 0
1839 1
1840 0
1841 0
1842 1
1843 0
1844 1
1845 0
1846 0
1847 0
1848 1
1849 0
1850 0
1851 0
1852 0
1853 2
1854 0
1855 0
1856 0
1857 0
1858 0
1859 0
1860 0
1861 0
1862 0
1863 0
1864 0
1865 0
1866 0
1867 1
1868 1
1869 0
1870 0
1871 0
1872 1
1873 1
1874 0
1875 0
1876 0
1877 0
1878 0
1879 0
1880 0
1881 0
1882 0
1883 0
1884 0
1885 0
1886 0
1887 0
1888 1
1889 0
1890 0
1891 1
1892 0
1893 0
1894 1
1895 0
1896 0
1897 0
1898 0
1899 0
1900 0
1901 0
1902 0
1903 0
1904 0
1905 0
1906 0
1907 0
1908 0
1909 0
1910 2
1911 0
1912 0
1913 1
1914 1
1915 0
1916 1
1917 1
1918 0
1919 0
1920 0
1921 0
1922 0
1923 0
1924 1
1925 0
1926 0
1927 0
1928 0
1929 0
1930 0
1931 0
1932 0
1933 0
1934 0
1935 0
1936 0
1937 0
1938 0
1939 0
1940 0
1941 0
1942 0
1943 1
1944 0
1945 0
1946 0
1947 1
1948 3
1949 0
1950 0
1951 2
1952 0
1953 1
1954 0
1955 0
1956 0
1957 0
1958 0
1959 0
1960 0
1961 0
1962 0
1963 1
1964 0
1965 0
1966 0
1967 1
1968 2
1969 0
1970 0
1971 1
1972 0
1973 0
1974 0
1975 0
1976 0
1977 0
1978 0
1979 0
1980 0
1981 0
1982 0
1983 0
1984 0
1985 0
1986 0
1987 2
1988 0
2012 0
2013 1
2014 0
2015 0
2016 1
2017 0
2018 0
2019 0
2020 0
2021 0
2022 0
2023 0
2024 0
2025 0
2026 1
2027 0
2028 1
2029 1
2030 0
2031 0
2032 0
2033 0
2034 0
2035 0
2036 0
2037 0
2038 0
2039 0
2040 0
2041 0
2042 0
2043 1
2044 0
2045 0
2046 0
2047 0
2048 0
2049 0
2050 0
2051 0
2052 0
2053 0
2054 0
2055 1
2056 0
2057 0
2058 0
2059 0
2060 0
2061 0
2062 0
2063 0
2064 0
2065 0
2066 0
2067 2
2068 1
2069 0
2070 0
2071 0
2072 1
2073 0
2074 0
2075 1
2076 0
2077 0
2078 0
2079 0
2080 0
2081 0
2082 0
2083 0
2084 0
2085 0
2086 0
2087 0
2088 1
2089 0
2090 0
2091 0
2092 0
2093 0
2094 1
2095 1
2096 0
2097 1
2098 0
2099 0
2100 0
2101 1
2102 1
2103 0
2104 0
2105 0
2106 1
2107 0
2108 0
2109 0
2110 0
2111 0
2112 0
2113 0
2114 0
2115 0
2116 0
2117 0
2118 0
2119 0
2120 0
2121 0
2122 0
2123 0
2124 0
2125 1
2126 0
2127 0
2128 0
2129 1
2130 1
2131 0
2132 0
2133 0
2134 0
2135 0
2136 0
2137 0
2138 0
2139 0
2140 0
2141 0
2142 0
2143 1
2144 1
2145 1
2146 0
2147 0
2148 0
2149 0
2150 1
2151 0
2152 0
2153 0
2154 0
2155 0
2156 0
2157 1
2158 0
2179 0
2180 1
2181 0
2182 0
2183 0
2184 0
2185 1
2186 0
2187 0
2188 0
2189 0
2190 0
2191 0
2192 0
2193 0
2194 0
2195 1
2196 0
2197 0
2198 0
2199 0
2200 0
2201 0
2202 0
2203 0
2204 0
2205 0
2206 1
2207 0
2208 0
2209 0
2210 0
2211 0
2212 0
2213 0
2214 0
2215 1
2216 0
2217 0
2218 0
2219 0
2220 0
2221 0
2222 0
2223 0
2224 1
2225 0
2246 0
2247 1
2248 0
2249 0
2250 0
2251 0
2252 0
2253 0
2254 0
2255 0
2256 0
2257 0
2258 0
2259 0
2260 0
2261 0
2262 0
2263 0
2264 1
2265 0
2266 0
2267 0
2268 0
2269 0
2270 0
2271 0
2272 1
2273 0
2274 1
2275 0
2276 0
2277 0
2278 0
2279 0
2280 0
2281 0
2282 0
2283 0
2284 0
2285 0
2286 0
2287 0
2288 0
2289 0
2290 0
2291 0
2292 0
2293 0
2294 0
2295 1
2296 0
2297 0
2298 0
2299 0
2300 0
2301 0
2302 0
2303 0
2304 0
2305 0
2306 0
2307 0
2308 1
2309 0
2310 0
2311 0
2312 0
2313 1
2314 0
2355 0
2356 1
2357 0
2358 0
2359 0
2360 0
2361 0
2362 0
2363 0
2364 0
2365 0
2366 0
2367 0
2368 0
2369 1
2370 0
2371 0
2372 0
2373 1
2374 0
2375 0
2376 0
2377 0
2378 0
2379 0
2380 0
2381 0
2382 0
2383 0
2384 1
2385 1
2386 0
2387 0
2388 0
2389 0
2390 0
2391 0
2392 0
2393 0
2394 0
2395 1
2396 0
2426 0
2427 1
2428 0
2429 0
2430 0
2431 0
2432 0
2433 0
2434 0
2435 0
2436 0
2437 0
2438 0
2439 0
2440 0
2441 0
2442 0
2443 0
2444 1
2445 0
2503 0
2504 1
2505 0
2530 0
2531 1
2532 0
2579 0
2580 1
2581 0
2582 0
2583 1
2584 0
2585 1
2586 0
2587 0
2588 0
2589 0
2590 0
2591 0
2592 0
2593 1
2594 0
2595 0
2596 0
2597 0
2598 0
2599 0
2600 0
2601 0
2602 0
2603 0
2604 0
2605 0
2606 0
2607 1
2608 0
2609 0
2610 0
2611 0
2612 0
2613 0
2614 0
2615 0
2616 0
2617 0
2618 0
2619 0
2620 0
2621 0
2622 0
2623 0
2624 0
2625 1
2626 0
2627 0
2628 0
2629 0
2630 0
2631 0
2632 0
2633 0
2634 0
2635 0
2636 0
2637 0
2638 0
2639 1
2640 0
2641 0
2642 0
2643 0
2644 0
2645 0
2646 0
2647 0
2648 0
2649 0
2650 1
2651 0
2671 0
2672 1
2673 0
2674 0
2675 0
2676 0
2677 0
2678 1
2679 0
2680 0
2681 0
2682 0
2683 0
2684 0
2685 0
2686 0
2687 0
2688 1
2689 0
2690 1
2691 0
2692 0
2693 0
2694 0
2695 0
2696 0
2697 0
2698 0
2699 0
2700 0
2701 0
2702 1
2703 0
2704 0
2705 0
2706 0
2707 0
2708 0
2709 0
2710 0
2711 1
2712 0
2753 0
2754 1
2755 0
2881 0
2882 1
2883 0
2884 0
2885 0
2886 0
2887 0
2888 0
2889 0
2890 0
2891 0
2892 0
2893 0
2894 0
2895 0
2896 0
2897 0
2898 1
2899 0
2900 0
2901 0
2902 0
2903 0
2904 0
2905 0
2906 0
2907 0
2908 0
2909 1
2910 0
2943 0
2944 1
2945 0
2946 0
2947 0
2948 0
2949 0
2950 0
2951 1
2952 0
2983 0
2984 1
2985 0
3025 0
3026 1
3027 0
3055 0
3056 1
3057 0
3095 0
3096 1
3097 0
3098 0
3099 0
3100 0
3101 1
3102 0
3103 0
3104 0
3105 0
3106 0
3107 0
3108 0
3109 0
3110 0
3111 0
3112 0
3113 0
3114 0
3115 0
3116 0
3117 1
3118 0
3216 0
3217 1
3218 0
3273 0
3274 1
3275 0
3276 0
3277 0
3278 0
3279 0
3280 0
3281 0
3282 1
3283 0
3343 0
3344 1
3345 0
3424 0
3425 1
3426 0
3451 0
3452 1
3453 0
3539 0
3540 1
3541 0
3628 0
3629 1
3630 0
3631 0
3632 0
3633 0
3634 0
3635 0
3636 0
3637 0
3638 0
3639 0
3640 0
3641 0
3642 0
3643 0
3644 0
3645 0
3646 1
3647 0
3958 0
3959 1
3960 0
4094 0
4095 40816
OK
