Histogram of ADC12:
12 0
13 21
14 1542
15 2044
16 575
17 172
18 80
19 48
20 15
21 16
22 9
23 6
24 4
25 0
26 2
27 3
28 3
29 2
30 1
31 1
32 0
33 0
34 0
35 0
36 1
37 0
38 0
39 0
40 0
41 1
42 1
43 1
44 0
45 0
46 0
47 0
48 0
49 0
50 0
51 0
52 0
53 0
54 1
55 0
201 0
202 1
203 0
204 0
205 0
206 0
207 0
208 0
209 0
210 0
211 13
212 32
213 76
214 140
215 308
216 551
217 911
218 1430
219 2066
220 2708
221 3450
222 3836
223 4149
224 4212
225 3990
226 3602
227 2884
228 2369
229 1633
230 1144
231 639
232 335
233 184
234 83
235 40
236 9
237 3
238 1
239 0
4094 0
4095 1
OK
