Histogram of ADC0:
270 0
271 1
272 0
273 0
274 0
275 0
276 0
277 0
278 0
279 0
280 0
281 0
282 0
283 0
284 1
285 0
286 1
287 0
288 0
289 0
290 1
291 0
292 0
293 0
294 0
295 0
296 0
297 2
298 0
299 0
300 0
301 0
302 0
303 0
304 1
305 1
306 0
307 0
308 0
309 0
310 0
311 1
312 0
313 0
314 0
315 0
316 2
317 0
318 2
319 0
320 0
321 0
322 0
323 0
324 0
325 1
326 0
327 0
328 0
329 0
330 0
331 0
332 0
333 3
334 1
335 0
336 0
337 0
338 0
339 0
340 0
341 0
342 0
343 0
344 0
345 0
346 1
347 0
2050 0
2051 1
2052 0
OK
