Histogram of ADC2:
8 0
9 2
10 17
11 2
12 0
13 0
14 0
15 0
16 0
17 0
18 0
19 0
20 0
21 0
22 0
23 0
24 13
25 121
26 306
27 378
28 345
29 324
30 291
31 256
32 245
33 189
34 184
35 146
36 101
37 123
38 70
39 90
40 83
41 71
42 56
43 59
44 55
45 40
46 39
47 32
48 44
49 31
50 24
51 27
52 19
53 30
54 19
55 16
56 21
57 12
58 17
59 10
60 6
61 12
62 10
63 9
64 10
65 9
66 11
67 10
68 5
69 6
70 6
71 4
72 5
73 5
74 5
75 1
76 8
77 1
78 5
79 4
80 2
81 3
82 4
83 2
84 2
85 0
86 1
87 3
88 0
89 1
90 3
91 1
92 2
93 4
94 2
95 4
96 0
97 4
98 2
99 2
100 2
101 1
102 2
103 2
104 1
105 1
106 0
107 0
108 1
109 1
110 1
111 0
112 2
113 2
114 1
115 1
116 1
117 0
118 0
119 0
120 0
121 0
122 0
123 1
124 1
125 0
126 2
127 0
128 1
129 0
130 0
131 1
132 0
133 0
134 0
135 0
136 0
137 0
138 1
139 0
140 0
141 0
142 2
143 0
144 0
145 0
146 0
147 0
148 0
149 1
150 0
151 1
152 0
153 0
154 0
155 0
156 1
157 0
158 0
159 0
160 0
161 0
162 0
163 0
164 0
165 0
166 0
167 0
168 1
169 0
170 0
171 0
172 0
173 0
174 0
175 0
176 1
177 0
178 0
179 0
180 1
181 0
182 0
183 0
184 0
185 0
186 0
187 0
188 1
189 0
190 0
191 0
192 0
193 0
194 0
195 0
196 1
197 0
198 1
199 0
200 0
201 0
202 0
203 0
204 0
205 0
206 0
207 0
208 0
209 0
210 0
211 1
212 0
213 0
214 0
215 0
216 1
217 0
218 0
219 0
220 0
221 0
222 0
223 0
224 0
225 0
226 0
227 0
228 0
229 0
230 0
231 0
232 1
233 0
234 0
235 0
236 0
237 0
238 1
239 0
240 0
241 0
242 0
243 0
244 0
245 0
246 0
247 0
248 0
249 0
250 0
251 0
252 0
253 0
254 0
255 1
256 0
257 0
258 0
259 0
260 0
261 0
262 0
263 0
264 0
265 0
266 0
267 0
268 0
269 1
270 0
271 0
272 0
273 0
274 0
275 0
276 1
277 0
278 1
279 0
379 0
380 1
381 0
1261 0
1262 1
1263 0
1363 0
1364 1
1365 0
2061 0
2062 1
2063 0
2651 0
2652 1
2653 0
2654 0
2655 0
2656 0
2657 0
2658 1
2659 0
2660 0
2661 1
2662 0
2663 0
2664 1
2665 0
2666 0
2667 0
2668 2
2669 0
2670 0
2671 0
2672 1
2673 0
2674 0
2675 1
2676 0
2677 0
2678 0
2679 0
2680 0
2681 1
2682 1
2683 1
2684 1
2685 0
2686 1
2687 0
2688 0
2689 1
2690 0
2691 1
2692 0
2693 2
2694 0
2695 0
2696 0
2697 1
2698 0
2699 0
2700 2
2701 1
2702 1
2703 1
2704 2
2705 2
2706 2
2707 1
2708 1
2709 2
2710 2
2711 1
2712 3
2713 1
2714 4
2715 2
2716 2
2717 3
2718 3
2719 2
2720 3
2721 2
2722 4
2723 2
2724 3
2725 2
2726 4
2727 4
2728 8
2729 3
2730 4
2731 3
2732 4
2733 6
2734 8
2735 1
2736 11
2737 2
2738 5
2739 6
2740 5
2741 4
2742 9
2743 7
2744 6
2745 5
2746 8
2747 10
2748 12
2749 8
2750 9
2751 5
2752 21
2753 9
2754 9
2755 13
2756 11
2757 12
2758 12
2759 20
2760 14
2761 10
2762 23
2763 11
2764 19
2765 20
2766 21
2767 7
2768 20
2769 15
2770 19
2771 19
2772 26
2773 29
2774 15
2775 23
2776 22
2777 23
2778 21
2779 21
2780 19
2781 24
2782 25
2783 18
2784 37
2785 23
2786 35
2787 26
2788 29
2789 27
2790 38
2791 23
2792 34
2793 31
2794 37
2795 34
2796 33
2797 32
2798 43
2799 39
2800 40
2801 44
2802 34
2803 53
2804 40
2805 36
2806 51
2807 42
2808 76
2809 43
2810 54
2811 61
2812 49
2813 59
2814 49
2815 19
2816 84
2817 50
2818 64
2819 65
2820 72
2821 41
2822 71
2823 57
2824 82
2825 63
2826 91
2827 72
2828 58
2829 64
2830 84
2831 50
2832 70
2833 78
2834 102
2835 58
2836 92
2837 68
2838 69
2839 64
2840 104
2841 65
2842 94
2843 74
2844 93
2845 81
2846 112
2847 54
2848 114
2849 69
2850 100
2851 96
2852 92
2853 90
2854 105
2855 75
2856 115
2857 95
2858 120
2859 102
2860 122
2861 112
2862 126
2863 93
2864 131
2865 108
2866 130
2867 112
2868 100
2869 107
2870 126
2871 106
2872 137
2873 99
2874 150
2875 107
2876 110
2877 117
2878 152
2879 80
2880 177
2881 109
2882 144
2883 126
2884 131
2885 130
2886 154
2887 131
2888 141
2889 124
2890 154
2891 125
2892 145
2893 134
2894 144
2895 114
2896 189
2897 121
2898 132
2899 134
2900 143
2901 147
2902 145
2903 122
2904 174
2905 131
2906 172
2907 130
2908 158
2909 138
2910 171
2911 91
2912 187
2913 133
2914 174
2915 161
2916 153
2917 159
2918 167
2919 134
2920 182
2921 127
2922 191
2923 124
2924 154
2925 154
2926 174
2927 128
2928 218
2929 130
2930 165
2931 169
2932 150
2933 162
2934 171
2935 136
2936 220
2937 140
2938 189
2939 140
2940 178
2941 162
2942 162
2943 70
2944 255
2945 150
2946 198
2947 142
2948 175
2949 189
2950 171
2951 119
2952 172
2953 143
2954 200
2955 152
2956 197
2957 156
2958 175
2959 118
2960 224
2961 147
2962 193
2963 144
2964 173
2965 175
2966 174
2967 160
2968 175
2969 143
2970 204
2971 159
2972 151
2973 161
2974 175
2975 93
2976 210
2977 131
2978 201
2979 163
2980 177
2981 149
2982 174
2983 136
2984 187
2985 128
2986 184
2987 164
2988 164
2989 168
2990 168
2991 141
2992 209
2993 137
2994 187
2995 151
2996 173
2997 147
2998 161
2999 144
3000 181
3001 123
3002 146
3003 139
3004 164
3005 140
3006 161
3007 74
3008 200
3009 126
3010 181
3011 150
3012 152
3013 117
3014 172
3015 144
3016 142
3017 126
3018 169
3019 132
3020 162
3021 128
3022 175
3023 104
3024 186
3025 113
3026 153
3027 137
3028 132
3029 131
3030 129
3031 116
3032 174
3033 125
3034 158
3035 132
3036 136
3037 120
3038 147
3039 86
3040 172
3041 116
3042 152
3043 107
3044 134
3045 134
3046 120
3047 105
3048 126
3049 101
3050 125
3051 106
3052 110
3053 107
3054 153
3055 82
3056 144
3057 105
3058 110
3059 103
3060 99
3061 104
3062 118
3063 105
3064 106
3065 80
3066 109
3067 112
3068 94
3069 81
3070 100
3071 32
3072 188
3073 92
3074 83
3075 95
3076 88
3077 89
3078 89
3079 81
3080 101
3081 67
3082 95
3083 69
3084 75
3085 83
3086 88
3087 56
3088 87
3089 70
3090 61
3091 70
3092 85
3093 64
3094 82
3095 61
3096 70
3097 59
3098 75
3099 68
3100 73
3101 49
3102 75
3103 38
3104 81
3105 54
3106 54
3107 52
3108 54
3109 42
3110 53
3111 37
3112 58
3113 36
3114 57
3115 35
3116 42
3117 46
3118 38
3119 30
3120 51
3121 36
3122 44
3123 34
3124 46
3125 35
3126 42
3127 37
3128 48
3129 21
3130 35
3131 39
3132 29
3133 37
3134 25
3135 18
3136 40
3137 23
3138 32
3139 24
3140 25
3141 26
3142 30
3143 20
3144 25
3145 23
3146 31
3147 17
3148 24
3149 13
3150 28
3151 17
3152 25
3153 20
3154 13
3155 11
3156 18
3157 15
3158 15
3159 17
3160 18
3161 9
3162 18
3163 13
3164 12
3165 13
3166 15
3167 7
3168 12
3169 7
3170 6
3171 14
3172 11
3173 11
3174 16
3175 3
3176 11
3177 3
3178 7
3179 5
3180 7
3181 3
3182 10
3183 4
3184 7
3185 5
3186 3
3187 6
3188 8
3189 7
3190 7
3191 5
3192 4
3193 4
3194 4
3195 4
3196 5
3197 3
3198 4
3199 1
3200 5
3201 0
3202 1
3203 1
3204 1
3205 4
3206 2
3207 3
3208 2
3209 2
3210 2
3211 3
3212 2
3213 1
3214 0
3215 3
3216 0
3217 1
3218 1
3219 1
3220 3
3221 4
3222 1
3223 1
3224 1
3225 0
3226 0
3227 1
3228 0
3229 2
3230 0
3231 0
3232 0
3233 0
3234 1
3235 1
3236 2
3237 0
3238 2
3239 0
3240 1
3241 1
3242 2
3243 0
3244 0
3245 1
3246 1
3247 0
3248 0
3249 0
3250 0
3251 1
3252 0
3253 0
3254 0
3255 0
3256 1
3257 0
3287 0
3288 1
3289 0
OK
