Histogram of ADC0:
295 0
296 1
297 0
298 2
299 0
300 0
301 0
302 0
303 1
304 1
305 0
306 1
307 0
308 1
309 1
310 0
311 1
312 1
313 1
314 0
315 0
316 2
317 0
318 0
319 0
320 1
321 1
322 1
323 2
324 1
325 1
326 0
327 0
328 0
329 0
330 0
331 0
332 0
333 0
334 0
335 0
336 0
337 1
338 0
645 0
646 1
647 0
648 0
649 1
650 0
651 0
652 0
653 1
654 0
655 1
656 0
657 5
658 1
659 1
660 2
661 2
662 0
663 5
664 2
665 1
666 5
667 1
668 6
669 2
670 3
671 3
672 3
673 7
674 5
675 3
676 4
677 6
678 8
679 7
680 7
681 3
682 12
683 6
684 10
685 7
686 8
687 8
688 9
689 9
690 11
691 15
692 13
693 10
694 7
695 8
696 14
697 16
698 11
699 19
700 11
701 13
702 11
703 9
704 17
705 15
706 13
707 13
708 10
709 17
710 21
711 15
712 16
713 15
714 15
715 16
716 12
717 14
718 12
719 20
720 15
721 15
722 22
723 19
724 11
725 16
726 13
727 18
728 22
729 15
730 22
731 16
732 11
733 14
734 12
735 9
736 13
737 12
738 16
739 11
740 16
741 21
742 13
743 16
744 16
745 11
746 18
747 9
748 17
749 19
750 6
751 13
752 13
753 10
754 19
755 14
756 16
757 16
758 15
759 13
760 13
761 11
762 19
763 18
764 14
765 14
766 13
767 9
768 16
769 12
770 14
771 13
772 16
773 15
774 14
775 14
776 15
777 13
778 14
779 13
780 13
781 14
782 7
783 9
784 12
785 10
786 15
787 9
788 20
789 8
790 10
791 11
792 10
793 10
794 9
795 9
796 15
797 17
798 6
799 7
800 10
801 11
802 16
803 15
804 13
805 20
806 12
807 11
808 5
809 13
810 9
811 14
812 11
813 14
814 17
815 11
816 8
817 14
818 19
819 14
820 14
821 11
822 15
823 12
824 14
825 11
826 8
827 11
828 10
829 6
830 15
831 8
832 17
833 13
834 10
835 16
836 7
837 11
838 11
839 11
840 16
841 15
842 6
843 7
844 11
845 6
846 12
847 9
848 10
849 6
850 14
851 5
852 8
853 7
854 8
855 12
856 4
857 8
858 8
859 6
860 5
861 9
862 9
863 6
864 12
865 14
866 9
867 7
868 5
869 9
870 10
871 8
872 5
873 10
874 5
875 2
876 5
877 5
878 11
879 7
880 8
881 6
882 9
883 11
884 3
885 12
886 11
887 10
888 7
889 9
890 9
891 8
892 6
893 6
894 10
895 8
896 3
897 4
898 9
899 7
900 5
901 10
902 5
903 8
904 7
905 9
906 1
907 4
908 8
909 5
910 5
911 4
912 3
913 5
914 11
915 4
916 7
917 7
918 7
919 9
920 6
921 2
922 8
923 1
924 8
925 4
926 5
927 5
928 6
929 4
930 6
931 6
932 6
933 5
934 0
935 5
936 5
937 6
938 5
939 7
940 2
941 5
942 7
943 6
944 3
945 9
946 6
947 4
948 4
949 5
950 3
951 4
952 5
953 2
954 4
955 6
956 5
957 5
958 5
959 6
960 7
961 4
962 3
963 3
964 3
965 6
966 6
967 7
968 4
969 5
970 4
971 1
972 3
973 5
974 6
975 6
976 4
977 1
978 6
979 2
980 3
981 2
982 1
983 2
984 4
985 4
986 2
987 4
988 3
989 1
990 2
991 2
992 3
993 2
994 5
995 6
996 3
997 5
998 1
999 6
1000 3
1001 5
1002 0
1003 4
1004 1
1005 5
1006 7
1007 2
1008 2
1009 6
1010 2
1011 5
1012 5
1013 7
1014 2
1015 4
1016 5
1017 2
1018 2
1019 1
1020 5
1021 5
1022 7
1023 1
1024 3
1025 5
1026 3
1027 2
1028 0
1029 3
1030 2
1031 4
1032 3
1033 5
1034 4
1035 1
1036 5
1037 2
1038 3
1039 1
1040 5
1041 3
1042 2
1043 2
1044 5
1045 3
1046 0
1047 2
1048 2
1049 8
1050 1
1051 4
1052 6
1053 3
1054 3
1055 3
1056 3
1057 2
1058 4
1059 2
1060 2
1061 4
1062 3
1063 4
1064 1
1065 3
1066 3
1067 1
1068 6
1069 1
1070 1
1071 3
1072 4
1073 4
1074 2
1075 0
1076 4
1077 1
1078 0
1079 3
1080 2
1081 3
1082 5
1083 4
1084 2
1085 2
1086 3
1087 2
1088 5
1089 0
1090 4
1091 1
1092 0
1093 3
1094 3
1095 1
1096 2
1097 1
1098 4
1099 3
1100 2
1101 2
1102 2
1103 6
1104 4
1105 4
1106 4
1107 3
1108 1
1109 3
1110 1
1111 1
1112 1
1113 0
1114 3
1115 5
1116 2
1117 2
1118 0
1119 2
1120 4
1121 1
1122 3
1123 5
1124 0
1125 4
1126 6
1127 2
1128 2
1129 1
1130 2
1131 2
1132 2
1133 4
1134 0
1135 2
1136 3
1137 1
1138 4
1139 2
1140 4
1141 0
1142 1
1143 0
1144 1
1145 0
1146 2
1147 2
1148 2
1149 1
1150 2
1151 0
1152 4
1153 2
1154 1
1155 1
1156 1
1157 2
1158 2
1159 0
1160 3
1161 2
1162 4
1163 1
1164 3
1165 2
1166 1
1167 4
1168 2
1169 3
1170 4
1171 2
1172 5
1173 1
1174 0
1175 0
1176 1
1177 1
1178 1
1179 1
1180 1
1181 4
1182 1
1183 0
1184 0
1185 2
1186 1
1187 1
1188 0
1189 1
1190 2
1191 1
1192 1
1193 5
1194 2
1195 1
1196 0
1197 2
1198 0
1199 0
1200 0
1201 0
1202 1
1203 1
1204 1
1205 2
1206 2
1207 1
1208 1
1209 2
1210 0
1211 2
1212 3
1213 1
1214 3
1215 1
1216 2
1217 0
1218 4
1219 4
1220 1
1221 0
1222 2
1223 0
1224 2
1225 2
1226 0
1227 7
1228 3
1229 1
1230 1
1231 3
1232 1
1233 2
1234 3
1235 0
1236 4
1237 1
1238 2
1239 0
1240 1
1241 1
1242 2
1243 2
1244 0
1245 1
1246 2
1247 0
1248 1
1249 0
1250 1
1251 0
1252 2
1253 1
1254 2
1255 0
1256 1
1257 2
1258 2
1259 3
1260 2
1261 0
1262 1
1263 2
1264 1
1265 1
1266 0
1267 3
1268 1
1269 1
1270 0
1271 1
1272 2
1273 1
1274 0
1275 2
1276 1
1277 1
1278 1
1279 0
1280 0
1281 1
1282 0
1283 2
1284 2
1285 1
1286 1
1287 2
1288 1
1289 0
1290 1
1291 0
1292 1
1293 0
1294 1
1295 1
1296 3
1297 0
1298 0
1299 2
1300 2
1301 0
1302 4
1303 2
1304 0
1305 0
1306 1
1307 2
1308 0
1309 1
1310 1
1311 1
1312 0
1313 0
1314 0
1315 0
1316 0
1317 1
1318 2
1319 0
1320 1
1321 2
1322 1
1323 1
1324 2
1325 1
1326 1
1327 0
1328 0
1329 0
1330 1
1331 2
1332 0
1333 1
1334 3
1335 4
1336 1
1337 0
1338 0
1339 2
1340 0
1341 0
1342 1
1343 1
1344 0
1345 1
1346 3
1347 2
1348 2
1349 0
1350 2
1351 0
1352 1
1353 0
1354 1
1355 3
1356 3
1357 2
1358 1
1359 2
1360 0
1361 0
1362 1
1363 0
1364 0
1365 1
1366 2
1367 1
1368 1
1369 2
1370 1
1371 1
1372 0
1373 0
1374 3
1375 0
1376 1
1377 1
1378 1
1379 0
1380 1
1381 0
1382 1
1383 0
1384 0
1385 0
1386 1
1387 0
1388 1
1389 2
1390 1
1391 0
1392 1
1393 1
1394 0
1395 1
1396 0
1397 0
1398 2
1399 0
1400 0
1401 0
1402 1
1403 0
1404 3
1405 0
1406 0
1407 1
1408 1
1409 2
1410 4
1411 1
1412 0
1413 0
1414 1
1415 0
1416 0
1417 2
1418 3
1419 0
1420 0
1421 0
1422 2
1423 0
1424 2
1425 1
1426 1
1427 0
1428 1
1429 1
1430 0
1431 0
1432 1
1433 0
1434 0
1435 0
1436 0
1437 1
1438 1
1439 0
1440 1
1441 1
1442 0
1443 0
1444 0
1445 0
1446 1
1447 1
1448 0
1449 1
1450 1
1451 0
1452 0
1453 0
1454 0
1455 1
1456 0
1457 1
1458 0
1459 1
1460 0
1461 3
1462 0
1463 1
1464 1
1465 1
1466 1
1467 0
1468 0
1469 0
1470 1
1471 0
1472 0
1473 1
1474 1
1475 2
1476 1
1477 1
1478 0
1479 0
1480 0
1481 2
1482 1
1483 1
1484 0
1485 0
1486 0
1487 0
1488 0
1489 1
1490 2
1491 0
1492 2
1493 1
1494 0
1495 1
1496 1
1497 0
1498 0
1499 0
1500 0
1501 0
1502 0
1503 0
1504 0
1505 0
1506 0
1507 0
1508 0
1509 0
1510 0
1511 0
1512 0
1513 1
1514 0
1515 1
1516 1
1517 0
1518 0
1519 2
1520 1
1521 0
1522 0
1523 0
1524 1
1525 1
1526 1
1527 0
1528 0
1529 0
1530 0
1531 0
1532 0
1533 1
1534 0
1535 0
1536 1
1537 0
1538 2
1539 0
1540 0
1541 1
1542 1
1543 0
1544 0
1545 0
1546 1
1547 0
1548 1
1549 2
1550 0
1551 0
1552 0
1553 0
1554 2
1555 0
1556 0
1557 0
1558 2
1559 0
1560 0
1561 2
1562 0
1563 0
1564 1
1565 0
1566 1
1567 0
1568 0
1569 1
1570 0
1571 1
1572 0
1573 0
1574 0
1575 0
1576 1
1577 0
1578 0
1579 0
1580 0
1581 1
1582 0
1583 0
1584 0
1585 1
1586 1
1587 0
1588 0
1589 0
1590 1
1591 1
1592 1
1593 1
1594 0
1595 1
1596 0
1597 0
1598 0
1599 0
1600 0
1601 1
1602 0
1603 0
1604 0
1605 0
1606 0
1607 0
1608 1
1609 0
1610 0
1611 0
1612 2
1613 1
1614 0
1615 0
1616 2
1617 0
1618 0
1619 1
1620 0
1621 0
1622 0
1623 0
1624 1
1625 0
1626 2
1627 0
1628 1
1629 0
1630 0
1631 0
1632 0
1633 0
1634 0
1635 1
1636 0
1637 0
1638 1
1639 1
1640 0
1641 0
1642 0
1643 1
1644 1
1645 0
1646 1
1647 0
1648 0
1649 0
1650 1
1651 0
1652 3
1653 0
1654 0
1655 1
1656 0
1657 0
1658 0
1659 1
1660 2
1661 0
1662 0
1663 0
1664 1
1665 0
1666 0
1667 0
1668 0
1669 0
1670 1
1671 0
1672 1
1673 1
1674 1
1675 0
1676 1
1677 1
1678 0
1679 0
1680 0
1681 1
1682 0
1683 0
1684 1
1685 1
1686 1
1687 0
1688 1
1689 0
1690 0
1691 0
1692 0
1693 1
1694 0
1695 0
1696 0
1697 0
1698 0
1699 1
1700 0
1701 0
1702 0
1703 0
1704 0
1705 0
1706 0
1707 1
1708 0
1709 1
1710 0
1711 0
1712 0
1713 0
1714 0
1715 0
1716 0
1717 0
1718 0
1719 1
1720 2
1721 0
1722 0
1723 0
1724 0
1725 0
1726 0
1727 0
1728 1
1729 0
1730 0
1731 0
1732 0
1733 1
1734 1
1735 0
1736 1
1737 0
1738 0
1739 0
1740 0
1741 0
1742 0
1743 0
1744 0
1745 0
1746 1
1747 0
1748 1
1749 0
1750 1
1751 0
1752 0
1753 0
1754 0
1755 1
1756 0
1757 0
1758 0
1759 1
1760 0
1761 0
1762 0
1763 1
1764 0
1765 0
1766 0
1767 0
1768 0
1769 1
1770 0
1771 0
1772 0
1773 1
1774 0
1775 0
1776 1
1777 0
1778 0
1779 0
1780 0
1781 0
1782 2
1783 0
1784 0
1785 0
1786 0
1787 0
1788 0
1789 0
1790 0
1791 0
1792 1
1793 1
1794 0
1795 0
1796 0
1797 0
1798 1
1799 0
1800 0
1801 0
1802 0
1803 0
1804 0
1805 0
1806 1
1807 0
1808 0
1809 0
1810 0
1811 0
1812 0
1813 0
1814 0
1815 0
1816 0
1817 0
1818 0
1819 0
1820 1
1821 1
1822 1
1823 0
1824 0
1825 0
1826 0
1827 1
1828 0
1829 0
1830 0
1831 0
1832 0
1833 1
1834 0
1835 0
1836 0
1837 1
1838 0
1839 0
1840 0
1841 0
1842 1
1843 0
1844 1
1845 0
1846 1
1847 0
1848 0
1849 0
1850 0
1851 0
1852 0
1853 0
1854 0
1855 0
1856 0
1857 0
1858 0
1859 0
1860 0
1861 1
1862 0
1863 0
1864 0
1865 1
1866 0
1867 0
1868 0
1869 1
1870 0
1871 0
1872 0
1873 0
1874 0
1875 0
1876 0
1877 0
1878 0
1879 0
1880 0
1881 0
1882 0
1883 1
1884 0
1885 0
1886 0
1887 0
1888 0
1889 1
1890 0
1891 0
1892 0
1893 0
1894 0
1895 0
1896 0
1897 0
1898 0
1899 0
1900 0
1901 1
1902 1
1903 0
1904 0
1905 2
1906 1
1907 0
1908 0
1909 0
1910 1
1911 0
1912 0
1913 0
1914 0
1915 0
1916 0
1917 0
1918 0
1919 0
1920 0
1921 0
1922 0
1923 1
1924 0
1925 0
1926 0
1927 0
1928 0
1929 0
1930 0
1931 0
1932 0
1933 0
1934 0
1935 0
1936 0
1937 0
1938 0
1939 0
1940 0
1941 1
1942 0
1943 1
1944 0
1945 0
1946 0
1947 0
1948 0
1949 0
1950 0
1951 0
1952 0
1953 0
1954 1
1955 0
1956 0
1957 0
1958 0
1959 0
1960 0
1961 2
1962 0
1963 0
1964 1
1965 0
1966 0
1967 0
1968 2
1969 0
1970 1
1971 0
1997 0
1998 1
1999 0
2000 0
2001 1
2002 0
2003 0
2004 0
2005 0
2006 0
2007 1
2008 0
2009 0
2010 0
2011 0
2012 1
2013 0
2014 0
2015 0
2016 0
2017 0
2018 0
2019 1
2020 0
2021 0
2022 0
2023 0
2024 0
2025 0
2026 0
2027 0
2028 0
2029 0
2030 1
2031 0
2032 0
2033 0
2034 0
2035 0
2036 0
2037 0
2038 0
2039 2
2040 0
2041 0
2042 0
2043 0
2044 1
2045 0
2046 0
2047 0
2048 0
2049 0
2050 0
2051 0
2052 1
2053 0
2054 0
2055 1
2056 0
2057 0
2058 0
2059 0
2060 0
2061 0
2062 0
2063 0
2064 0
2065 0
2066 0
2067 0
2068 0
2069 0
2070 0
2071 0
2072 0
2073 0
2074 1
2075 0
2076 0
2077 1
2078 0
2099 0
2100 1
2101 0
2140 0
2141 1
2142 0
2165 0
2166 1
2167 0
2168 0
2169 1
2170 0
2171 1
2172 0
2223 0
2224 1
2225 0
2226 0
2227 0
2228 0
2229 0
2230 0
2231 0
2232 0
2233 0
2234 1
2235 0
2236 0
2237 0
2238 0
2239 1
2240 0
2241 0
2242 0
2243 1
2244 0
2245 0
2246 0
2247 0
2248 0
2249 0
2250 0
2251 0
2252 0
2253 0
2254 0
2255 0
2256 0
2257 0
2258 1
2259 0
2260 0
2261 0
2262 0
2263 0
2264 0
2265 0
2266 0
2267 0
2268 0
2269 0
2270 0
2271 0
2272 0
2273 0
2274 0
2275 0
2276 1
2277 1
2278 0
2279 0
2280 0
2281 0
2282 0
2283 0
2284 0
2285 0
2286 0
2287 0
2288 0
2289 0
2290 0
2291 0
2292 0
2293 0
2294 1
2295 0
2296 0
2297 0
2298 0
2299 0
2300 0
2301 0
2302 0
2303 0
2304 0
2305 1
2306 0
2307 0
2308 0
2309 0
2310 0
2311 0
2312 0
2313 0
2314 0
2315 0
2316 0
2317 1
2318 1
2319 1
2320 0
2342 0
2343 1
2344 0
2345 0
2346 0
2347 0
2348 0
2349 0
2350 1
2351 0
2352 0
2353 1
2354 1
2355 0
2356 0
2357 0
2358 1
2359 0
2388 0
2389 1
2390 0
2391 1
2392 1
2393 0
2394 0
2395 0
2396 0
2397 0
2398 0
2399 0
2400 1
2401 0
2402 0
2403 0
2404 0
2405 0
2406 0
2407 0
2408 0
2409 0
2410 0
2411 0
2412 0
2413 0
2414 1
2415 0
2416 0
2417 0
2418 1
2419 0
2420 0
2421 0
2422 0
2423 0
2424 0
2425 0
2426 0
2427 0
2428 0
2429 0
2430 0
2431 0
2432 1
2433 0
2434 0
2435 0
2436 0
2437 0
2438 0
2439 0
2440 0
2441 0
2442 0
2443 0
2444 0
2445 0
2446 0
2447 0
2448 0
2449 0
2450 1
2451 0
2473 0
2474 1
2475 0
2476 0
2477 0
2478 1
2479 0
2480 0
2481 0
2482 0
2483 0
2484 0
2485 0
2486 0
2487 0
2488 0
2489 1
2490 0
2516 0
2517 1
2518 0
2519 0
2520 0
2521 0
2522 0
2523 0
2524 1
2525 0
2546 0
2547 1
2548 0
2549 1
2550 0
2574 0
2575 1
2576 0
2577 0
2578 0
2579 0
2580 0
2581 0
2582 0
2583 0
2584 0
2585 0
2586 0
2587 0
2588 0
2589 0
2590 0
2591 0
2592 0
2593 0
2594 0
2595 0
2596 1
2597 0
2668 0
2669 1
2670 0
2697 0
2698 1
2699 0
2700 0
2701 0
2702 0
2703 0
2704 0
2705 0
2706 0
2707 0
2708 0
2709 0
2710 0
2711 0
2712 0
2713 0
2714 0
2715 1
2716 0
2759 0
2760 1
2761 0
2762 1
2763 0
2795 0
2796 1
2797 0
2798 1
2799 0
2800 0
2801 0
2802 0
2803 0
2804 0
2805 0
2806 0
2807 0
2808 0
2809 0
2810 0
2811 0
2812 1
2813 0
2834 0
2835 1
2836 0
2861 0
2862 1
2863 0
3023 0
3024 1
3025 0
3026 0
3027 0
3028 0
3029 0
3030 0
3031 0
3032 0
3033 0
3034 0
3035 0
3036 0
3037 0
3038 0
3039 0
3040 0
3041 1
3042 0
3094 0
3095 1
3096 0
3097 1
3098 0
3146 0
3147 1
3148 0
3208 0
3209 1
3210 0
3374 0
3375 1
3376 0
3475 0
3476 1
3477 1
3478 0
3635 0
3636 1
3637 0
3701 0
3702 1
3703 0
3809 0
3810 1
3811 0
4089 0
4090 1
4091 0
4092 0
4093 0
4094 0
4095 40807
OK
