Histogram of ADC12:
12 0
13 21
14 1505
15 1809
16 493
17 147
18 58
19 29
20 27
21 10
22 5
23 4
24 4
25 1
26 1
27 2
28 3
29 2
30 0
31 2
32 1
33 0
34 2
35 1
36 0
37 0
38 0
39 0
40 0
41 0
42 0
43 1
44 0
115 0
116 1
117 0
118 0
119 0
120 0
121 0
122 0
123 0
124 0
125 1
126 0
232 0
233 3
234 4
235 4
236 6
237 12
238 28
239 48
240 59
241 102
242 176
243 241
244 321
245 414
246 567
247 748
248 847
249 958
250 1178
251 1336
252 1470
253 1652
254 1622
255 1967
256 1861
257 1908
258 1930
259 1964
260 1920
261 1924
262 1840
263 1712
264 1723
265 1595
266 1482
267 1317
268 1145
269 1043
270 849
271 741
272 530
273 439
274 333
275 261
276 180
277 121
278 76
279 52
280 30
281 20
282 15
283 5
284 8
285 2
286 1
287 0
288 0
289 1
290 0
2058 0
2059 1
2060 0
OK
