Histogram of ADC2:
8 0
9 5
10 14
11 1
12 0
2063 0
2064 1
2065 0
3799 0
3800 1
3801 1
3802 1
3803 2
3804 0
3805 0
3806 2
3807 2
3808 4
3809 4
3810 8
3811 10
3812 15
3813 16
3814 19
3815 10
3816 36
3817 41
3818 52
3819 55
3820 86
3821 77
3822 110
3823 94
3824 213
3825 147
3826 191
3827 195
3828 244
3829 298
3830 387
3831 328
3832 520
3833 363
3834 563
3835 520
3836 605
3837 632
3838 762
3839 120
3840 1363
3841 794
3842 940
3843 890
3844 976
3845 1001
3846 1169
3847 976
3848 1365
3849 903
3850 1399
3851 1176
3852 1224
3853 1132
3854 1352
3855 847
3856 1559
3857 1107
3858 1173
3859 1009
3860 1120
3861 1073
3862 1105
3863 881
3864 1102
3865 719
3866 862
3867 673
3868 662
3869 592
3870 577
3871 242
3872 554
3873 281
3874 304
3875 230
3876 194
3877 176
3878 148
3879 77
3880 113
3881 44
3882 65
3883 28
3884 26
3885 22
3886 14
3887 5
3888 6
3889 4
3890 2
3891 1
3892 2
3893 0
3894 5
3895 1
3896 1
3897 0
OK
