Histogram of ADC2:
8 0
9 29
10 69
11 2
12 0
13 0
14 0
15 0
16 0
17 0
18 0
19 0
20 0
21 0
22 0
23 10
24 196
25 1008
26 1932
27 1932
28 1864
29 1814
30 1617
31 1262
32 1372
33 1153
34 1049
35 929
36 833
37 673
38 636
39 629
40 498
41 460
42 422
43 382
44 330
45 257
46 281
47 229
48 203
49 203
50 211
51 169
52 169
53 134
54 165
55 124
56 108
57 96
58 80
59 93
60 81
61 67
62 76
63 65
64 58
65 51
66 47
67 42
68 47
69 35
70 38
71 40
72 33
73 31
74 32
75 24
76 27
77 24
78 24
79 24
80 19
81 26
82 31
83 20
84 22
85 13
86 24
87 13
88 10
89 10
90 8
91 17
92 16
93 16
94 10
95 9
96 10
97 10
98 14
99 9
100 10
101 6
102 8
103 4
104 7
105 8
106 3
107 5
108 6
109 6
110 4
111 8
112 5
113 6
114 9
115 3
116 4
117 4
118 3
119 4
120 5
121 4
122 8
123 5
124 3
125 3
126 6
127 1
128 4
129 2
130 6
131 3
132 3
133 1
134 1
135 1
136 1
137 2
138 1
139 2
140 0
141 1
142 1
143 0
144 2
145 4
146 1
147 2
148 1
149 3
150 2
151 1
152 3
153 0
154 0
155 1
156 0
157 3
158 1
159 1
160 0
161 6
162 4
163 1
164 1
165 0
166 2
167 2
168 1
169 2
170 1
171 1
172 1
173 1
174 0
175 0
176 2
177 2
178 0
179 0
180 3
181 1
182 0
183 0
184 0
185 0
186 1
187 2
188 0
189 1
190 1
191 1
192 0
193 0
194 0
195 2
196 0
197 0
198 2
199 1
200 0
201 1
202 0
203 0
204 1
205 0
206 0
207 0
208 2
209 0
210 1
211 1
212 1
213 0
214 0
215 0
216 0
217 0
218 1
219 0
220 0
221 0
222 0
223 0
224 0
225 0
226 1
227 0
228 0
229 0
230 1
231 0
232 0
233 0
234 0
235 0
236 0
237 0
238 0
239 0
240 1
241 0
242 1
243 1
244 1
245 0
246 2
247 0
248 0
249 1
250 0
251 0
252 0
253 0
254 0
255 0
256 0
257 0
258 0
259 0
260 0
261 0
262 0
263 0
264 0
265 0
266 0
267 0
268 0
269 0
270 1
271 0
272 0
273 0
274 0
275 0
276 0
277 0
278 0
279 0
280 0
281 1
282 1
283 0
284 0
285 0
286 1
287 1
288 0
289 0
290 0
291 0
292 0
293 0
294 0
295 0
296 0
297 0
298 0
299 0
300 0
301 0
302 1
303 2
304 0
305 0
306 0
307 0
308 0
309 0
310 0
311 0
312 0
313 1
314 0
315 0
316 0
317 0
318 0
319 0
320 0
321 0
322 0
323 1
324 1
325 0
326 0
327 0
328 0
329 0
330 0
331 0
332 0
333 0
334 0
335 0
336 0
337 0
338 0
339 0
340 0
341 0
342 0
343 0
344 0
345 1
346 0
347 0
348 0
349 0
350 0
351 0
352 0
353 0
354 0
355 0
356 0
357 1
358 0
407 0
408 1
409 0
447 0
448 1
449 0
569 0
570 1
571 0
708 0
709 1
710 0
843 0
844 1
845 0
1626 0
1627 1
1628 0
4094 0
4095 1
OK
