Histogram of ADC0:
290 0
291 1
292 0
293 0
294 0
295 3
296 1
297 4
298 2
299 4
300 2
301 4
302 3
303 3
304 9
305 6
306 7
307 5
308 5
309 4
310 4
311 5
312 3
313 4
314 2
315 1
316 2
317 3
318 2
319 3
320 2
321 1
322 0
323 0
324 2
325 1
326 0
327 0
328 0
329 0
330 0
331 0
332 0
333 1
334 0
335 0
336 0
337 0
338 0
339 1
340 0
632 0
633 1
634 3
635 1
636 2
637 0
638 0
639 1
640 0
641 3
642 2
643 3
644 3
645 0
646 1
647 2
648 5
649 7
650 5
651 10
652 5
653 7
654 9
655 6
656 13
657 12
658 15
659 13
660 15
661 16
662 14
663 18
664 20
665 32
666 33
667 26
668 23
669 25
670 32
671 26
672 48
673 45
674 40
675 42
676 41
677 50
678 39
679 53
680 62
681 46
682 61
683 43
684 50
685 47
686 53
687 68
688 76
689 80
690 63
691 73
692 71
693 62
694 79
695 84
696 90
697 59
698 76
699 77
700 72
701 89
702 77
703 62
704 88
705 85
706 80
707 67
708 99
709 90
710 93
711 92
712 82
713 84
714 87
715 90
716 86
717 85
718 86
719 80
720 80
721 82
722 93
723 71
724 77
725 72
726 72
727 76
728 78
729 82
730 76
731 67
732 77
733 87
734 78
735 77
736 76
737 89
738 76
739 78
740 65
741 77
742 78
743 73
744 71
745 80
746 88
747 70
748 84
749 95
750 85
751 76
752 63
753 61
754 66
755 77
756 78
757 79
758 89
759 75
760 80
761 82
762 95
763 78
764 69
765 79
766 78
767 63
768 94
769 75
770 66
771 69
772 67
773 84
774 76
775 63
776 94
777 76
778 69
779 73
780 64
781 69
782 72
783 59
784 71
785 66
786 83
787 84
788 62
789 63
790 59
791 62
792 73
793 75
794 74
795 66
796 60
797 55
798 76
799 57
800 73
801 80
802 73
803 73
804 59
805 78
806 68
807 57
808 72
809 53
810 60
811 64
812 66
813 61
814 73
815 50
816 55
817 78
818 57
819 54
820 52
821 65
822 55
823 50
824 59
825 59
826 73
827 55
828 48
829 89
830 49
831 40
832 74
833 70
834 59
835 52
836 63
837 49
838 52
839 57
840 60
841 53
842 59
843 42
844 59
845 55
846 50
847 57
848 56
849 57
850 49
851 52
852 55
853 46
854 57
855 44
856 51
857 56
858 58
859 51
860 51
861 60
862 42
863 38
864 54
865 54
866 50
867 57
868 51
869 50
870 42
871 44
872 47
873 40
874 45
875 44
876 47
877 48
878 51
879 42
880 48
881 39
882 39
883 39
884 51
885 37
886 33
887 41
888 53
889 49
890 43
891 38
892 47
893 51
894 49
895 41
896 55
897 40
898 46
899 43
900 31
901 32
902 42
903 37
904 36
905 56
906 53
907 37
908 32
909 42
910 44
911 26
912 44
913 42
914 41
915 37
916 30
917 40
918 35
919 39
920 43
921 31
922 44
923 29
924 31
925 46
926 37
927 23
928 41
929 41
930 48
931 37
932 31
933 33
934 39
935 29
936 35
937 26
938 38
939 32
940 40
941 44
942 43
943 27
944 34
945 35
946 36
947 26
948 50
949 38
950 26
951 32
952 26
953 29
954 32
955 23
956 36
957 29
958 31
959 21
960 31
961 32
962 24
963 27
964 35
965 20
966 27
967 26
968 28
969 35
970 34
971 24
972 25
973 29
974 24
975 35
976 30
977 26
978 27
979 39
980 19
981 27
982 29
983 29
984 28
985 29
986 34
987 24
988 26
989 28
990 21
991 23
992 28
993 18
994 33
995 16
996 26
997 19
998 22
999 17
1000 31
1001 30
1002 31
1003 15
1004 33
1005 18
1006 23
1007 30
1008 27
1009 34
1010 27
1011 28
1012 24
1013 18
1014 30
1015 18
1016 31
1017 33
1018 23
1019 16
1020 19
1021 23
1022 21
1023 5
1024 33
1025 29
1026 18
1027 21
1028 29
1029 26
1030 17
1031 13
1032 22
1033 24
1034 15
1035 19
1036 20
1037 21
1038 15
1039 18
1040 17
1041 28
1042 24
1043 13
1044 19
1045 22
1046 17
1047 17
1048 11
1049 21
1050 25
1051 17
1052 22
1053 18
1054 15
1055 24
1056 25
1057 17
1058 22
1059 22
1060 22
1061 19
1062 12
1063 19
1064 26
1065 22
1066 15
1067 14
1068 23
1069 17
1070 22
1071 15
1072 13
1073 21
1074 18
1075 16
1076 16
1077 13
1078 14
1079 32
1080 12
1081 19
1082 19
1083 16
1084 17
1085 29
1086 23
1087 11
1088 18
1089 12
1090 16
1091 19
1092 18
1093 19
1094 9
1095 18
1096 23
1097 17
1098 21
1099 9
1100 15
1101 11
1102 14
1103 16
1104 17
1105 17
1106 17
1107 20
1108 19
1109 14
1110 8
1111 18
1112 18
1113 14
1114 18
1115 10
1116 17
1117 18
1118 12
1119 9
1120 19
1121 12
1122 20
1123 13
1124 13
1125 19
1126 23
1127 18
1128 15
1129 7
1130 12
1131 16
1132 15
1133 12
1134 10
1135 11
1136 16
1137 13
1138 16
1139 18
1140 11
1141 9
1142 9
1143 4
1144 10
1145 8
1146 18
1147 6
1148 11
1149 12
1150 13
1151 9
1152 13
1153 13
1154 9
1155 5
1156 10
1157 17
1158 11
1159 9
1160 6
1161 15
1162 15
1163 11
1164 8
1165 13
1166 13
1167 15
1168 15
1169 11
1170 10
1171 11
1172 9
1173 13
1174 18
1175 7
1176 4
1177 11
1178 15
1179 13
1180 16
1181 8
1182 13
1183 10
1184 10
1185 8
1186 13
1187 9
1188 6
1189 15
1190 14
1191 9
1192 13
1193 7
1194 10
1195 15
1196 9
1197 9
1198 8
1199 8
1200 11
1201 12
1202 6
1203 11
1204 9
1205 11
1206 9
1207 4
1208 11
1209 10
1210 10
1211 6
1212 8
1213 11
1214 14
1215 7
1216 6
1217 8
1218 3
1219 3
1220 14
1221 11
1222 6
1223 4
1224 9
1225 11
1226 7
1227 6
1228 12
1229 7
1230 5
1231 14
1232 9
1233 10
1234 12
1235 6
1236 8
1237 12
1238 8
1239 10
1240 7
1241 9
1242 11
1243 7
1244 13
1245 5
1246 7
1247 9
1248 9
1249 5
1250 11
1251 10
1252 4
1253 9
1254 9
1255 6
1256 10
1257 9
1258 3
1259 7
1260 8
1261 11
1262 9
1263 10
1264 12
1265 10
1266 5
1267 11
1268 8
1269 13
1270 8
1271 6
1272 7
1273 10
1274 10
1275 11
1276 12
1277 9
1278 5
1279 5
1280 11
1281 10
1282 10
1283 6
1284 4
1285 6
1286 10
1287 4
1288 12
1289 6
1290 4
1291 5
1292 8
1293 7
1294 10
1295 7
1296 8
1297 4
1298 11
1299 7
1300 5
1301 10
1302 9
1303 6
1304 2
1305 5
1306 12
1307 5
1308 10
1309 10
1310 3
1311 7
1312 11
1313 4
1314 6
1315 5
1316 7
1317 9
1318 6
1319 9
1320 6
1321 7
1322 13
1323 7
1324 5
1325 8
1326 7
1327 5
1328 4
1329 12
1330 11
1331 5
1332 6
1333 4
1334 4
1335 3
1336 10
1337 9
1338 14
1339 3
1340 4
1341 6
1342 9
1343 2
1344 7
1345 3
1346 6
1347 6
1348 7
1349 4
1350 6
1351 9
1352 7
1353 6
1354 10
1355 5
1356 4
1357 9
1358 6
1359 4
1360 5
1361 4
1362 7
1363 4
1364 6
1365 5
1366 5
1367 4
1368 4
1369 6
1370 5
1371 7
1372 9
1373 3
1374 8
1375 6
1376 11
1377 6
1378 6
1379 5
1380 5
1381 8
1382 5
1383 10
1384 7
1385 7
1386 5
1387 8
1388 5
1389 9
1390 9
1391 6
1392 5
1393 6
1394 5
1395 6
1396 7
1397 5
1398 4
1399 4
1400 6
1401 4
1402 2
1403 5
1404 5
1405 3
1406 2
1407 1
1408 6
1409 6
1410 3
1411 0
1412 5
1413 3
1414 4
1415 5
1416 3
1417 4
1418 8
1419 8
1420 4
1421 10
1422 7
1423 3
1424 4
1425 1
1426 3
1427 6
1428 5
1429 3
1430 6
1431 3
1432 2
1433 4
1434 3
1435 5
1436 6
1437 2
1438 5
1439 1
1440 8
1441 3
1442 8
1443 0
1444 6
1445 1
1446 3
1447 1
1448 8
1449 2
1450 4
1451 3
1452 7
1453 6
1454 3
1455 4
1456 7
1457 4
1458 3
1459 4
1460 6
1461 5
1462 4
1463 2
1464 4
1465 3
1466 1
1467 5
1468 3
1469 5
1470 5
1471 1
1472 5
1473 3
1474 5
1475 2
1476 3
1477 2
1478 2
1479 1
1480 2
1481 3
1482 3
1483 3
1484 5
1485 7
1486 6
1487 4
1488 6
1489 5
1490 2
1491 4
1492 9
1493 5
1494 1
1495 3
1496 4
1497 5
1498 3
1499 1
1500 3
1501 3
1502 9
1503 3
1504 1
1505 3
1506 2
1507 4
1508 3
1509 3
1510 2
1511 7
1512 6
1513 2
1514 1
1515 7
1516 4
1517 2
1518 2
1519 4
1520 3
1521 5
1522 4
1523 3
1524 2
1525 1
1526 4
1527 2
1528 2
1529 3
1530 1
1531 1
1532 4
1533 4
1534 3
1535 2
1536 3
1537 3
1538 3
1539 0
1540 3
1541 3
1542 2
1543 3
1544 3
1545 1
1546 2
1547 4
1548 2
1549 4
1550 1
1551 3
1552 4
1553 4
1554 2
1555 5
1556 2
1557 5
1558 3
1559 5
1560 6
1561 3
1562 6
1563 1
1564 2
1565 3
1566 4
1567 1
1568 6
1569 1
1570 3
1571 3
1572 2
1573 0
1574 0
1575 2
1576 1
1577 1
1578 1
1579 3
1580 3
1581 4
1582 3
1583 5
1584 7
1585 2
1586 3
1587 2
1588 4
1589 2
1590 3
1591 5
1592 1
1593 2
1594 5
1595 1
1596 5
1597 3
1598 4
1599 3
1600 2
1601 6
1602 1
1603 2
1604 4
1605 4
1606 2
1607 1
1608 2
1609 3
1610 3
1611 2
1612 5
1613 2
1614 3
1615 2
1616 3
1617 3
1618 0
1619 1
1620 2
1621 3
1622 1
1623 4
1624 3
1625 4
1626 1
1627 4
1628 0
1629 0
1630 0
1631 0
1632 3
1633 5
1634 3
1635 0
1636 2
1637 6
1638 2
1639 2
1640 1
1641 0
1642 1
1643 2
1644 1
1645 2
1646 1
1647 1
1648 1
1649 4
1650 1
1651 0
1652 0
1653 2
1654 3
1655 1
1656 5
1657 3
1658 2
1659 1
1660 2
1661 5
1662 2
1663 0
1664 4
1665 3
1666 1
1667 1
1668 2
1669 4
1670 4
1671 1
1672 3
1673 2
1674 0
1675 3
1676 3
1677 4
1678 2
1679 1
1680 1
1681 0
1682 4
1683 1
1684 1
1685 0
1686 1
1687 1
1688 1
1689 1
1690 1
1691 2
1692 2
1693 0
1694 1
1695 1
1696 2
1697 2
1698 3
1699 3
1700 5
1701 2
1702 3
1703 3
1704 2
1705 2
1706 3
1707 3
1708 1
1709 1
1710 0
1711 1
1712 2
1713 1
1714 0
1715 2
1716 2
1717 3
1718 3
1719 1
1720 2
1721 2
1722 1
1723 2
1724 1
1725 2
1726 1
1727 0
1728 1
1729 3
1730 1
1731 2
1732 1
1733 1
1734 1
1735 2
1736 2
1737 2
1738 1
1739 1
1740 2
1741 1
1742 0
1743 5
1744 3
1745 0
1746 4
1747 1
1748 4
1749 1
1750 1
1751 2
1752 0
1753 1
1754 1
1755 0
1756 1
1757 2
1758 0
1759 4
1760 2
1761 3
1762 2
1763 1
1764 1
1765 4
1766 1
1767 1
1768 0
1769 1
1770 0
1771 0
1772 3
1773 3
1774 2
1775 2
1776 1
1777 1
1778 3
1779 3
1780 4
1781 1
1782 1
1783 1
1784 6
1785 4
1786 1
1787 1
1788 3
1789 0
1790 2
1791 0
1792 1
1793 0
1794 2
1795 1
1796 0
1797 0
1798 0
1799 2
1800 4
1801 1
1802 3
1803 1
1804 0
1805 2
1806 1
1807 0
1808 2
1809 0
1810 1
1811 2
1812 1
1813 1
1814 1
1815 4
1816 2
1817 1
1818 1
1819 1
1820 2
1821 1
1822 1
1823 0
1824 1
1825 2
1826 1
1827 1
1828 2
1829 1
1830 1
1831 0
1832 0
1833 1
1834 2
1835 2
1836 1
1837 3
1838 2
1839 3
1840 0
1841 5
1842 0
1843 2
1844 1
1845 0
1846 2
1847 0
1848 1
1849 1
1850 1
1851 0
1852 1
1853 1
1854 1
1855 0
1856 2
1857 1
1858 1
1859 1
1860 1
1861 2
1862 1
1863 2
1864 0
1865 2
1866 1
1867 1
1868 1
1869 0
1870 2
1871 1
1872 1
1873 1
1874 2
1875 0
1876 1
1877 2
1878 0
1879 1
1880 1
1881 1
1882 3
1883 1
1884 0
1885 2
1886 2
1887 0
1888 0
1889 2
1890 1
1891 2
1892 2
1893 1
1894 1
1895 1
1896 1
1897 4
1898 2
1899 1
1900 1
1901 2
1902 0
1903 0
1904 1
1905 1
1906 1
1907 1
1908 1
1909 0
1910 0
1911 0
1912 1
1913 0
1914 0
1915 0
1916 2
1917 1
1918 0
1919 1
1920 4
1921 4
1922 2
1923 0
1924 2
1925 0
1926 0
1927 0
1928 1
1929 0
1930 2
1931 0
1932 1
1933 0
1934 0
1935 1
1936 0
1937 0
1938 0
1939 0
1940 0
1941 3
1942 0
1943 2
1944 1
1945 1
1946 2
1947 2
1948 0
1949 2
1950 2
1951 0
1952 1
1953 2
1954 3
1955 0
1956 2
1957 2
1958 1
1959 0
1960 1
1961 0
1962 1
1963 1
1964 0
1965 2
1966 3
1967 2
1968 1
1969 1
1970 1
1971 0
1972 1
1973 2
1974 1
1975 1
1976 3
1977 0
1978 0
1979 0
1980 1
1981 1
1982 1
1983 1
1984 1
1985 0
1986 0
1987 0
1988 0
1989 0
1990 2
1991 0
1992 1
1993 1
1994 1
1995 2
1996 1
1997 0
1998 0
1999 1
2000 2
2001 0
2002 1
2003 1
2004 1
2005 2
2006 1
2007 2
2008 0
2009 1
2010 1
2011 1
2012 1
2013 0
2014 2
2015 0
2016 1
2017 2
2018 1
2019 3
2020 1
2021 0
2022 1
2023 1
2024 3
2025 1
2026 1
2027 1
2028 1
2029 0
2030 2
2031 1
2032 0
2033 0
2034 2
2035 0
2036 1
2037 2
2038 1
2039 2
2040 0
2041 3
2042 1
2043 1
2044 2
2045 1
2046 1
2047 0
2048 1
2049 1
2050 0
2051 1
2052 0
2053 2
2054 2
2055 3
2056 3
2057 3
2058 1
2059 0
2060 0
2061 0
2062 0
2063 0
2064 1
2065 1
2066 1
2067 2
2068 1
2069 1
2070 1
2071 1
2072 1
2073 3
2074 0
2075 0
2076 0
2077 2
2078 0
2079 0
2080 0
2081 3
2082 0
2083 1
2084 1
2085 0
2086 1
2087 0
2088 1
2089 1
2090 1
2091 1
2092 0
2093 0
2094 0
2095 1
2096 1
2097 2
2098 1
2099 1
2100 0
2101 1
2102 1
2103 1
2104 1
2105 0
2106 1
2107 0
2108 2
2109 1
2110 1
2111 1
2112 2
2113 1
2114 0
2115 0
2116 0
2117 0
2118 2
2119 0
2120 1
2121 1
2122 0
2123 2
2124 0
2125 1
2126 1
2127 2
2128 1
2129 2
2130 0
2131 1
2132 1
2133 0
2134 1
2135 0
2136 1
2137 1
2138 3
2139 1
2140 0
2141 1
2142 2
2143 0
2144 0
2145 1
2146 2
2147 0
2148 1
2149 0
2150 0
2151 1
2152 1
2153 1
2154 1
2155 0
2156 1
2157 0
2158 0
2159 0
2160 1
2161 0
2162 1
2163 0
2164 1
2165 0
2166 0
2167 1
2168 2
2169 0
2170 2
2171 0
2172 4
2173 0
2174 0
2175 0
2176 0
2177 0
2178 0
2179 0
2180 0
2181 0
2182 2
2183 1
2184 0
2185 0
2186 1
2187 0
2188 1
2189 0
2190 1
2191 2
2192 0
2193 0
2194 0
2195 0
2196 2
2197 0
2198 0
2199 0
2200 0
2201 0
2202 0
2203 0
2204 0
2205 2
2206 0
2207 0
2208 1
2209 0
2210 0
2211 1
2212 0
2213 0
2214 0
2215 0
2216 2
2217 0
2218 0
2219 1
2220 0
2221 0
2222 1
2223 1
2224 0
2225 1
2226 0
2227 1
2228 2
2229 0
2230 0
2231 0
2232 1
2233 0
2234 0
2235 0
2236 0
2237 1
2238 1
2239 0
2240 0
2241 0
2242 0
2243 0
2244 0
2245 0
2246 0
2247 0
2248 0
2249 1
2250 1
2251 0
2252 1
2253 1
2254 0
2255 0
2256 1
2257 1
2258 1
2259 2
2260 1
2261 1
2262 0
2263 1
2264 1
2265 2
2266 1
2267 0
2268 1
2269 0
2270 0
2271 0
2272 1
2273 0
2274 0
2275 0
2276 0
2277 1
2278 0
2279 1
2280 1
2281 1
2282 0
2283 0
2284 0
2285 3
2286 1
2287 1
2288 0
2289 1
2290 0
2291 1
2292 1
2293 1
2294 1
2295 0
2296 1
2297 2
2298 1
2299 0
2300 0
2301 0
2302 0
2303 0
2304 4
2305 0
2306 1
2307 0
2308 1
2309 2
2310 0
2311 0
2312 1
2313 0
2314 1
2315 0
2316 1
2317 1
2318 0
2319 0
2320 0
2321 0
2322 1
2323 0
2324 0
2325 1
2326 0
2327 0
2328 0
2329 0
2330 1
2331 1
2332 2
2333 0
2334 1
2335 0
2336 1
2337 0
2338 1
2339 1
2340 0
2341 1
2342 2
2343 0
2344 0
2345 0
2346 0
2347 0
2348 0
2349 1
2350 0
2351 1
2352 0
2353 0
2354 0
2355 2
2356 1
2357 0
2358 0
2359 0
2360 0
2361 0
2362 1
2363 2
2364 1
2365 1
2366 0
2367 0
2368 0
2369 0
2370 0
2371 0
2372 1
2373 0
2374 0
2375 0
2376 2
2377 0
2378 0
2379 0
2380 1
2381 0
2382 1
2383 0
2384 1
2385 0
2386 0
2387 1
2388 0
2389 1
2390 0
2391 0
2392 2
2393 0
2394 0
2395 0
2396 0
2397 1
2398 1
2399 0
2400 2
2401 0
2402 0
2403 0
2404 0
2405 0
2406 1
2407 0
2408 0
2409 1
2410 0
2411 0
2412 0
2413 1
2414 1
2415 0
2416 1
2417 1
2418 0
2419 2
2420 0
2421 0
2422 0
2423 1
2424 0
2425 0
2426 1
2427 0
2428 0
2429 1
2430 2
2431 0
2432 0
2433 0
2434 1
2435 1
2436 1
2437 0
2438 1
2439 0
2440 0
2441 0
2442 0
2443 1
2444 0
2445 0
2446 0
2447 0
2448 0
2449 0
2450 0
2451 1
2452 1
2453 2
2454 0
2455 0
2456 0
2457 3
2458 0
2459 1
2460 1
2461 0
2462 0
2463 0
2464 0
2465 0
2466 1
2467 0
2468 1
2469 1
2470 0
2471 0
2472 0
2473 0
2474 1
2475 0
2476 0
2477 1
2478 1
2479 2
2480 0
2481 0
2482 0
2483 0
2484 2
2485 0
2486 0
2487 0
2488 0
2489 0
2490 0
2491 0
2492 0
2493 0
2494 0
2495 0
2496 0
2497 1
2498 0
2499 0
2500 0
2501 0
2502 0
2503 2
2504 0
2505 1
2506 0
2507 0
2508 1
2509 1
2510 0
2511 0
2512 0
2513 1
2514 0
2515 0
2516 0
2517 0
2518 0
2519 0
2520 0
2521 0
2522 0
2523 0
2524 0
2525 0
2526 1
2527 0
2528 0
2529 0
2530 1
2531 1
2532 0
2533 1
2534 0
2535 0
2536 1
2537 0
2538 0
2539 0
2540 0
2541 0
2542 1
2543 0
2544 0
2545 0
2546 0
2547 0
2548 1
2549 0
2550 0
2551 0
2552 1
2553 0
2554 1
2555 0
2556 0
2557 0
2558 0
2559 0
2560 1
2561 0
2562 0
2563 0
2564 1
2565 0
2566 0
2567 0
2568 0
2569 1
2570 1
2571 1
2572 0
2573 0
2574 0
2575 1
2576 1
2577 2
2578 1
2579 0
2580 0
2581 0
2582 0
2583 0
2584 1
2585 1
2586 0
2587 0
2588 0
2589 0
2590 0
2591 0
2592 0
2593 1
2594 0
2595 0
2596 0
2597 0
2598 1
2599 0
2600 0
2601 0
2602 2
2603 0
2604 0
2605 0
2606 0
2607 0
2608 0
2609 0
2610 0
2611 0
2612 1
2613 0
2614 0
2615 0
2616 0
2617 0
2618 0
2619 0
2620 0
2621 0
2622 0
2623 0
2624 0
2625 0
2626 0
2627 0
2628 0
2629 0
2630 0
2631 1
2632 0
2633 0
2634 1
2635 0
2636 1
2637 0
2638 0
2639 0
2640 0
2641 0
2642 0
2643 0
2644 0
2645 0
2646 0
2647 1
2648 0
2649 0
2650 0
2651 0
2652 2
2653 0
2654 0
2655 0
2656 1
2657 0
2658 0
2659 2
2660 1
2661 0
2662 0
2663 1
2664 0
2665 0
2666 0
2667 0
2668 1
2669 0
2670 0
2671 0
2672 0
2673 0
2674 0
2675 1
2676 0
2677 0
2678 0
2679 0
2680 0
2681 1
2682 1
2683 0
2684 0
2685 0
2686 2
2687 0
2688 0
2689 0
2690 0
2691 0
2692 0
2693 1
2694 0
2695 0
2696 0
2697 0
2698 0
2699 0
2700 0
2701 0
2702 1
2703 0
2704 0
2705 0
2706 0
2707 0
2708 1
2709 0
2710 0
2711 1
2712 0
2713 0
2714 0
2715 0
2716 0
2717 0
2718 0
2719 0
2720 0
2721 0
2722 1
2723 0
2724 0
2725 0
2726 1
2727 0
2728 0
2729 0
2730 0
2731 1
2732 0
2733 2
2734 0
2735 0
2736 0
2737 0
2738 0
2739 0
2740 0
2741 0
2742 0
2743 1
2744 1
2745 0
2746 2
2747 1
2748 0
2749 0
2750 0
2751 0
2752 1
2753 0
2754 1
2755 0
2756 0
2757 0
2758 0
2759 0
2760 0
2761 0
2762 0
2763 0
2764 0
2765 0
2766 1
2767 1
2768 1
2769 0
2770 0
2771 0
2772 0
2773 1
2774 0
2775 0
2776 0
2777 1
2778 0
2779 0
2780 0
2781 1
2782 0
2783 1
2784 0
2785 0
2786 0
2787 0
2788 0
2789 0
2790 0
2791 1
2792 0
2793 0
2794 0
2795 1
2796 0
2797 1
2798 0
2799 0
2800 0
2801 0
2802 0
2803 0
2804 1
2805 0
2806 0
2807 0
2808 0
2809 1
2810 0
2811 0
2812 0
2813 1
2814 0
2815 0
2816 0
2817 2
2818 1
2819 0
2820 1
2821 0
2822 0
2823 0
2824 1
2825 0
2826 1
2827 0
2828 0
2829 0
2830 0
2831 0
2832 0
2833 0
2834 0
2835 0
2836 0
2837 0
2838 0
2839 1
2840 0
2841 1
2842 0
2843 0
2844 0
2845 0
2846 1
2847 1
2848 0
2849 0
2850 0
2851 1
2852 0
2853 0
2854 0
2855 0
2856 0
2857 0
2858 0
2859 0
2860 0
2861 0
2862 0
2863 0
2864 0
2865 0
2866 0
2867 0
2868 0
2869 1
2870 0
2871 0
2872 0
2873 0
2874 1
2875 0
2876 0
2877 0
2878 0
2879 0
2880 1
2881 1
2882 0
2883 0
2884 0
2885 1
2886 0
2887 0
2888 0
2889 0
2890 0
2891 0
2892 0
2893 0
2894 0
2895 0
2896 0
2897 0
2898 0
2899 1
2900 0
2901 1
2902 0
2903 0
2904 0
2905 0
2906 0
2907 0
2908 0
2909 0
2910 0
2911 0
2912 0
2913 0
2914 0
2915 1
2916 0
2917 0
2918 0
2919 0
2920 0
2921 0
2922 0
2923 0
2924 0
2925 0
2926 0
2927 0
2928 0
2929 1
2930 0
2931 0
2932 1
2933 0
2934 0
2935 0
2936 0
2937 0
2938 0
2939 0
2940 0
2941 1
2942 0
2943 0
2944 0
2945 2
2946 0
2947 0
2948 1
2949 0
2950 0
2951 0
2952 1
2953 0
2954 0
2955 0
2956 1
2957 0
2958 0
2959 0
2960 0
2961 0
2962 0
2963 1
2964 0
2965 0
2966 0
2967 0
2968 0
2969 0
2970 0
2971 0
2972 0
2973 0
2974 0
2975 0
2976 0
2977 1
2978 1
2979 0
2980 0
2981 1
2982 0
2983 1
2984 0
2985 0
2986 1
2987 0
2988 1
2989 0
2990 0
2991 0
2992 1
2993 0
2994 0
2995 0
2996 1
2997 0
2998 0
2999 1
3000 0
3001 1
3002 0
3003 1
3004 0
3005 0
3006 0
3007 0
3008 0
3009 0
3010 0
3011 0
3012 1
3013 0
3014 0
3015 0
3016 0
3017 0
3018 0
3019 0
3020 1
3021 0
3022 1
3023 1
3024 0
3025 0
3026 0
3027 1
3028 0
3029 0
3030 0
3031 0
3032 0
3033 0
3034 0
3035 0
3036 1
3037 0
3038 0
3039 0
3040 1
3041 0
3042 1
3043 0
3044 0
3045 0
3046 0
3047 0
3048 0
3049 0
3050 0
3051 0
3052 1
3053 0
3054 0
3055 0
3056 0
3057 0
3058 0
3059 0
3060 0
3061 0
3062 1
3063 0
3064 0
3065 0
3066 0
3067 1
3068 0
3069 0
3070 0
3071 0
3072 0
3073 0
3074 0
3075 0
3076 0
3077 0
3078 1
3079 0
3080 0
3081 0
3082 1
3083 1
3084 1
3085 0
3086 1
3087 0
3088 0
3089 1
3090 0
3091 0
3092 0
3093 0
3094 0
3095 0
3096 0
3097 0
3098 0
3099 0
3100 0
3101 0
3102 0
3103 0
3104 1
3105 0
3106 0
3107 0
3108 1
3109 0
3132 0
3133 1
3134 1
3135 0
3136 0
3137 0
3138 0
3139 0
3140 1
3141 0
3142 0
3143 0
3144 0
3145 0
3146 0
3147 1
3148 0
3149 0
3150 0
3151 0
3152 0
3153 1
3154 0
3176 0
3177 1
3178 0
3179 0
3180 0
3181 0
3182 0
3183 0
3184 0
3185 2
3186 0
3187 0
3188 0
3189 0
3190 0
3191 0
3192 1
3193 2
3194 0
3195 0
3196 0
3197 1
3198 0
3199 0
3200 2
3201 0
3221 0
3222 1
3223 0
3224 0
3225 0
3226 0
3227 1
3228 0
3229 0
3230 0
3231 0
3232 0
3233 1
3234 0
3235 0
3236 0
3237 0
3238 0
3239 0
3240 0
3241 0
3242 0
3243 1
3244 0
3267 0
3268 1
3269 0
3289 0
3290 1
3291 0
3292 0
3293 0
3294 0
3295 0
3296 0
3297 0
3298 0
3299 0
3300 0
3301 0
3302 0
3303 0
3304 0
3305 1
3306 0
3340 0
3341 1
3342 0
3343 0
3344 0
3345 0
3346 0
3347 0
3348 0
3349 0
3350 0
3351 0
3352 0
3353 0
3354 0
3355 0
3356 0
3357 1
3358 0
3359 1
3360 0
3361 0
3362 0
3363 0
3364 0
3365 0
3366 0
3367 0
3368 0
3369 0
3370 1
3371 0
3404 0
3405 1
3406 0
3407 0
3408 0
3409 0
3410 0
3411 0
3412 0
3413 1
3414 0
3465 0
3466 1
3467 0
3468 0
3469 0
3470 0
3471 0
3472 0
3473 0
3474 0
3475 0
3476 0
3477 0
3478 0
3479 0
3480 0
3481 0
3482 1
3483 0
3526 0
3527 1
3528 0
3529 0
3530 0
3531 0
3532 0
3533 0
3534 0
3535 0
3536 1
3537 0
3538 0
3539 1
3540 0
3541 0
3542 0
3543 0
3544 0
3545 0
3546 0
3547 0
3548 0
3549 0
3550 0
3551 0
3552 0
3553 0
3554 0
3555 0
3556 0
3557 1
3558 0
3559 0
3560 0
3561 0
3562 0
3563 0
3564 1
3565 0
3566 0
3567 0
3568 0
3569 1
3570 0
3571 0
3572 0
3573 0
3574 0
3575 0
3576 0
3577 0
3578 0
3579 0
3580 1
3581 0
3608 0
3609 1
3610 0
3611 0
3612 0
3613 0
3614 0
3615 0
3616 0
3617 0
3618 0
3619 0
3620 0
3621 0
3622 1
3623 0
3624 0
3625 0
3626 0
3627 0
3628 0
3629 1
3630 0
3631 0
3632 0
3633 0
3634 0
3635 0
3636 0
3637 0
3638 0
3639 1
3640 0
3641 0
3642 0
3643 0
3644 0
3645 0
3646 0
3647 0
3648 0
3649 0
3650 0
3651 0
3652 0
3653 0
3654 0
3655 0
3656 1
3657 0
3658 0
3659 0
3660 0
3661 1
3662 0
3663 1
3664 0
3665 0
3666 0
3667 0
3668 0
3669 0
3670 0
3671 0
3672 0
3673 0
3674 0
3675 1
3676 0
3677 0
3678 0
3679 0
3680 0
3681 0
3682 0
3683 0
3684 0
3685 0
3686 0
3687 0
3688 1
3689 0
3719 0
3720 1
3721 0
3722 0
3723 1
3724 0
3725 0
3726 0
3727 0
3728 0
3729 0
3730 0
3731 0
3732 0
3733 0
3734 1
3735 0
3788 0
3789 1
3790 0
3829 0
3830 1
3831 0
3832 0
3833 0
3834 1
3835 0
3836 0
3837 0
3838 0
3839 0
3840 0
3841 0
3842 0
3843 0
3844 1
3845 0
3846 0
3847 0
3848 0
3849 0
3850 0
3851 0
3852 0
3853 0
3854 0
3855 0
3856 0
3857 0
3858 0
3859 0
3860 0
3861 1
3862 0
3890 0
3891 1
3892 0
3920 0
3921 1
3922 0
3923 1
3924 1
3925 0
3926 0
3927 0
3928 0
3929 0
3930 0
3931 0
3932 0
3933 1
3934 0
3935 1
3936 0
3937 0
3938 0
3939 0
3940 0
3941 0
3942 0
3943 0
3944 1
3945 0
3946 0
3947 0
3948 0
3949 0
3950 0
3951 0
3952 0
3953 0
3954 0
3955 0
3956 0
3957 0
3958 0
3959 1
3960 0
3961 0
3962 1
3963 0
3964 0
3965 0
3966 0
3967 0
3968 0
3969 0
3970 1
3971 0
3972 0
3973 1
3974 0
3975 0
3976 0
3977 0
3978 0
3979 0
3980 0
3981 0
3982 0
3983 0
3984 0
3985 0
3986 0
3987 0
3988 0
3989 1
3990 0
4011 0
4012 1
4013 0
4045 0
4046 1
4047 1
4048 0
4071 0
4072 2
4073 0
4094 0
4095 63
OK
