Histogram of ADC0:
297 0
298 1
299 0
300 1
301 1
302 2
303 0
304 1
305 2
306 0
307 0
308 0
309 1
310 1
311 1
312 0
313 0
314 2
315 0
316 0
317 1
318 0
319 0
320 1
321 2
322 0
323 0
324 1
325 0
326 0
327 0
328 1
329 0
330 0
331 0
332 0
333 0
334 0
335 0
336 0
337 0
338 0
339 0
340 0
341 0
342 0
343 0
344 0
345 1
346 0
637 0
638 1
639 1
640 0
641 0
642 1
643 1
644 1
645 0
646 0
647 0
648 1
649 1
650 1
651 0
652 0
653 0
654 2
655 4
656 2
657 2
658 5
659 4
660 5
661 2
662 3
663 3
664 3
665 4
666 9
667 2
668 7
669 2
670 6
671 3
672 6
673 4
674 10
675 8
676 8
677 10
678 11
679 10
680 7
681 7
682 8
683 10
684 7
685 13
686 11
687 11
688 9
689 12
690 6
691 13
692 11
693 6
694 12
695 18
696 21
697 16
698 9
699 12
700 9
701 20
702 20
703 10
704 17
705 13
706 10
707 8
708 7
709 15
710 9
711 7
712 17
713 16
714 13
715 13
716 15
717 14
718 17
719 15
720 21
721 16
722 15
723 9
724 14
725 16
726 15
727 13
728 13
729 19
730 14
731 11
732 14
733 20
734 13
735 11
736 23
737 19
738 19
739 12
740 22
741 14
742 6
743 17
744 15
745 13
746 11
747 11
748 14
749 16
750 16
751 25
752 23
753 16
754 9
755 15
756 21
757 18
758 17
759 14
760 19
761 8
762 9
763 17
764 16
765 16
766 9
767 11
768 8
769 14
770 11
771 12
772 15
773 12
774 26
775 11
776 18
777 19
778 13
779 10
780 22
781 21
782 14
783 15
784 7
785 11
786 10
787 8
788 13
789 9
790 15
791 10
792 12
793 16
794 11
795 9
796 9
797 14
798 14
799 9
800 12
801 11
802 15
803 8
804 17
805 15
806 8
807 18
808 13
809 8
810 12
811 6
812 9
813 9
814 17
815 10
816 6
817 8
818 11
819 11
820 8
821 8
822 15
823 12
824 16
825 10
826 14
827 13
828 15
829 9
830 10
831 7
832 15
833 9
834 7
835 9
836 10
837 7
838 8
839 13
840 15
841 6
842 5
843 9
844 12
845 13
846 14
847 12
848 10
849 15
850 12
851 8
852 7
853 9
854 9
855 13
856 12
857 6
858 11
859 10
860 7
861 6
862 10
863 8
864 7
865 10
866 14
867 7
868 17
869 6
870 13
871 10
872 14
873 13
874 15
875 8
876 4
877 7
878 11
879 4
880 7
881 7
882 9
883 5
884 12
885 9
886 11
887 5
888 9
889 6
890 13
891 7
892 4
893 5
894 7
895 10
896 8
897 9
898 9
899 10
900 8
901 12
902 8
903 7
904 9
905 10
906 8
907 1
908 5
909 9
910 8
911 2
912 8
913 7
914 4
915 4
916 5
917 10
918 6
919 8
920 7
921 9
922 10
923 9
924 5
925 6
926 7
927 4
928 2
929 9
930 4
931 7
932 6
933 5
934 8
935 5
936 6
937 1
938 12
939 7
940 8
941 6
942 2
943 4
944 10
945 6
946 5
947 8
948 2
949 6
950 3
951 3
952 6
953 5
954 5
955 6
956 8
957 8
958 3
959 3
960 9
961 8
962 6
963 9
964 4
965 4
966 7
967 4
968 8
969 10
970 5
971 8
972 6
973 5
974 6
975 5
976 8
977 9
978 8
979 5
980 4
981 2
982 2
983 6
984 2
985 2
986 8
987 5
988 3
989 3
990 5
991 5
992 7
993 5
994 4
995 7
996 4
997 5
998 4
999 3
1000 5
1001 5
1002 8
1003 5
1004 3
1005 7
1006 1
1007 4
1008 4
1009 3
1010 4
1011 2
1012 4
1013 6
1014 3
1015 4
1016 5
1017 4
1018 5
1019 1
1020 2
1021 7
1022 8
1023 4
1024 5
1025 3
1026 4
1027 4
1028 4
1029 5
1030 9
1031 6
1032 6
1033 6
1034 7
1035 5
1036 6
1037 4
1038 4
1039 0
1040 5
1041 2
1042 5
1043 3
1044 1
1045 2
1046 3
1047 2
1048 3
1049 3
1050 5
1051 6
1052 7
1053 2
1054 2
1055 3
1056 2
1057 5
1058 1
1059 6
1060 5
1061 2
1062 3
1063 0
1064 2
1065 2
1066 1
1067 5
1068 3
1069 3
1070 5
1071 2
1072 1
1073 4
1074 2
1075 2
1076 2
1077 5
1078 5
1079 3
1080 2
1081 3
1082 4
1083 5
1084 3
1085 2
1086 2
1087 0
1088 2
1089 3
1090 1
1091 2
1092 4
1093 1
1094 4
1095 6
1096 1
1097 1
1098 5
1099 0
1100 8
1101 5
1102 4
1103 3
1104 3
1105 1
1106 1
1107 4
1108 2
1109 5
1110 1
1111 4
1112 0
1113 5
1114 4
1115 5
1116 2
1117 4
1118 4
1119 1
1120 2
1121 0
1122 0
1123 1
1124 1
1125 5
1126 1
1127 3
1128 2
1129 3
1130 1
1131 1
1132 3
1133 2
1134 3
1135 3
1136 3
1137 5
1138 2
1139 6
1140 2
1141 1
1142 3
1143 0
1144 4
1145 1
1146 3
1147 1
1148 3
1149 2
1150 1
1151 2
1152 2
1153 3
1154 0
1155 1
1156 1
1157 0
1158 1
1159 1
1160 7
1161 2
1162 2
1163 1
1164 3
1165 1
1166 1
1167 2
1168 3
1169 1
1170 2
1171 2
1172 5
1173 2
1174 2
1175 1
1176 2
1177 0
1178 4
1179 1
1180 2
1181 2
1182 2
1183 1
1184 1
1185 2
1186 2
1187 1
1188 2
1189 1
1190 6
1191 1
1192 2
1193 3
1194 2
1195 1
1196 2
1197 3
1198 4
1199 0
1200 1
1201 2
1202 1
1203 1
1204 0
1205 1
1206 1
1207 1
1208 1
1209 2
1210 1
1211 4
1212 2
1213 2
1214 1
1215 1
1216 1
1217 2
1218 1
1219 0
1220 0
1221 2
1222 1
1223 2
1224 1
1225 3
1226 3
1227 2
1228 2
1229 1
1230 4
1231 1
1232 0
1233 1
1234 5
1235 2
1236 1
1237 2
1238 0
1239 2
1240 3
1241 2
1242 0
1243 3
1244 1
1245 1
1246 1
1247 2
1248 2
1249 0
1250 2
1251 2
1252 1
1253 0
1254 3
1255 0
1256 1
1257 3
1258 2
1259 1
1260 2
1261 1
1262 1
1263 1
1264 1
1265 1
1266 1
1267 3
1268 0
1269 3
1270 2
1271 1
1272 1
1273 1
1274 1
1275 0
1276 1
1277 2
1278 1
1279 1
1280 0
1281 2
1282 2
1283 2
1284 1
1285 2
1286 1
1287 0
1288 0
1289 1
1290 0
1291 3
1292 1
1293 1
1294 0
1295 1
1296 2
1297 1
1298 1
1299 2
1300 2
1301 1
1302 1
1303 0
1304 2
1305 1
1306 1
1307 1
1308 2
1309 2
1310 1
1311 2
1312 2
1313 1
1314 2
1315 4
1316 2
1317 1
1318 2
1319 1
1320 0
1321 2
1322 0
1323 1
1324 0
1325 3
1326 0
1327 0
1328 1
1329 0
1330 1
1331 2
1332 1
1333 2
1334 1
1335 1
1336 0
1337 0
1338 1
1339 1
1340 2
1341 0
1342 1
1343 0
1344 0
1345 3
1346 0
1347 2
1348 1
1349 1
1350 1
1351 3
1352 0
1353 0
1354 0
1355 2
1356 3
1357 0
1358 0
1359 0
1360 2
1361 0
1362 0
1363 1
1364 1
1365 0
1366 5
1367 0
1368 2
1369 2
1370 1
1371 1
1372 2
1373 1
1374 0
1375 1
1376 1
1377 1
1378 2
1379 2
1380 0
1381 1
1382 1
1383 1
1384 1
1385 1
1386 0
1387 0
1388 2
1389 2
1390 1
1391 1
1392 2
1393 1
1394 0
1395 0
1396 0
1397 1
1398 1
1399 1
1400 3
1401 2
1402 0
1403 0
1404 0
1405 1
1406 1
1407 2
1408 1
1409 1
1410 1
1411 0
1412 0
1413 1
1414 2
1415 0
1416 1
1417 1
1418 1
1419 1
1420 0
1421 2
1422 2
1423 2
1424 2
1425 1
1426 1
1427 1
1428 2
1429 1
1430 1
1431 1
1432 2
1433 0
1434 2
1435 0
1436 1
1437 0
1438 1
1439 1
1440 1
1441 0
1442 2
1443 1
1444 0
1445 4
1446 1
1447 1
1448 1
1449 0
1450 2
1451 0
1452 0
1453 1
1454 1
1455 0
1456 0
1457 0
1458 0
1459 2
1460 1
1461 0
1462 1
1463 0
1464 1
1465 0
1466 2
1467 1
1468 0
1469 1
1470 1
1471 0
1472 0
1473 0
1474 0
1475 0
1476 1
1477 1
1478 0
1479 1
1480 0
1481 1
1482 0
1483 1
1484 1
1485 0
1486 1
1487 0
1488 1
1489 1
1490 1
1491 0
1492 0
1493 0
1494 0
1495 0
1496 0
1497 1
1498 2
1499 0
1500 1
1501 2
1502 2
1503 0
1504 2
1505 2
1506 0
1507 2
1508 0
1509 0
1510 1
1511 0
1512 0
1513 1
1514 1
1515 0
1516 2
1517 0
1518 1
1519 0
1520 1
1521 0
1522 0
1523 0
1524 0
1525 0
1526 0
1527 1
1528 0
1529 2
1530 0
1531 1
1532 0
1533 0
1534 2
1535 1
1536 1
1537 1
1538 0
1539 1
1540 0
1541 0
1542 0
1543 0
1544 1
1545 0
1546 1
1547 1
1548 0
1549 0
1550 0
1551 0
1552 1
1553 0
1554 0
1555 1
1556 2
1557 1
1558 0
1559 0
1560 0
1561 1
1562 2
1563 0
1564 0
1565 0
1566 1
1567 0
1568 0
1569 0
1570 0
1571 0
1572 1
1573 1
1574 0
1575 0
1576 0
1577 1
1578 0
1579 0
1580 0
1581 1
1582 0
1583 0
1584 1
1585 0
1586 0
1587 1
1588 0
1589 0
1590 0
1591 0
1592 1
1593 0
1594 0
1595 0
1596 0
1597 0
1598 2
1599 1
1600 1
1601 0
1602 0
1603 0
1604 0
1605 2
1606 0
1607 1
1608 2
1609 2
1610 0
1611 1
1612 0
1613 0
1614 0
1615 1
1616 0
1617 0
1618 1
1619 0
1620 1
1621 0
1622 2
1623 1
1624 1
1625 0
1626 0
1627 0
1628 0
1629 0
1630 0
1631 1
1632 0
1633 1
1634 1
1635 0
1636 0
1637 1
1638 2
1639 0
1640 0
1641 0
1642 0
1643 0
1644 0
1645 0
1646 0
1647 0
1648 0
1649 1
1650 1
1651 0
1652 0
1653 0
1654 0
1655 1
1656 0
1657 1
1658 1
1659 0
1660 0
1661 2
1662 0
1663 0
1664 0
1665 0
1666 1
1667 0
1668 0
1669 1
1670 0
1671 0
1672 0
1673 1
1674 0
1675 1
1676 1
1677 0
1678 0
1679 0
1680 0
1681 0
1682 0
1683 0
1684 0
1685 1
1686 0
1687 0
1688 0
1689 1
1690 0
1691 0
1692 0
1693 0
1694 0
1695 0
1696 0
1697 0
1698 0
1699 0
1700 1
1701 0
1702 0
1703 0
1704 1
1705 0
1706 0
1707 0
1708 1
1709 0
1710 1
1711 0
1712 0
1713 1
1714 2
1715 0
1716 0
1717 0
1718 1
1719 2
1720 0
1721 0
1722 0
1723 0
1724 0
1725 0
1726 0
1727 0
1728 1
1729 0
1730 1
1731 0
1732 0
1733 0
1734 0
1735 0
1736 0
1737 0
1738 0
1739 0
1740 0
1741 0
1742 0
1743 1
1744 1
1745 0
1746 1
1747 2
1748 0
1749 0
1750 0
1751 0
1752 0
1753 0
1754 0
1755 0
1756 0
1757 1
1758 0
1759 0
1760 0
1761 0
1762 0
1763 0
1764 0
1765 0
1766 0
1767 0
1768 0
1769 0
1770 0
1771 0
1772 0
1773 1
1774 1
1775 0
1776 1
1777 1
1778 0
1779 0
1780 0
1781 0
1782 0
1783 0
1784 1
1785 0
1786 1
1787 1
1788 0
1789 1
1790 0
1791 0
1792 0
1793 0
1794 1
1795 0
1796 0
1797 1
1798 1
1799 0
1800 0
1801 1
1802 0
1803 0
1804 0
1805 0
1806 0
1807 0
1808 0
1809 0
1810 1
1811 1
1812 0
1813 2
1814 0
1815 1
1816 0
1817 0
1818 0
1819 0
1820 0
1821 0
1822 0
1823 0
1824 1
1825 1
1826 0
1827 0
1828 0
1829 0
1830 0
1831 0
1832 1
1833 0
1834 0
1835 0
1836 1
1837 0
1838 0
1839 0
1840 1
1841 0
1842 1
1843 1
1844 0
1845 0
1846 0
1847 0
1848 1
1849 0
1850 0
1851 0
1852 0
1853 0
1854 0
1855 0
1856 0
1857 0
1858 0
1859 1
1860 0
1861 0
1862 0
1863 0
1864 0
1865 0
1866 0
1867 1
1868 0
1869 3
1870 0
1871 0
1872 0
1873 0
1874 1
1875 0
1876 0
1877 0
1878 0
1879 0
1880 1
1881 0
1882 0
1883 0
1884 0
1885 1
1886 1
1887 0
1888 0
1889 1
1890 0
1891 0
1892 0
1893 0
1894 0
1895 0
1896 0
1897 0
1898 0
1899 0
1900 0
1901 0
1902 0
1903 0
1904 0
1905 0
1906 0
1907 0
1908 0
1909 0
1910 1
1911 0
1912 0
1913 1
1914 0
1915 0
1916 0
1917 1
1918 0
1919 0
1920 0
1921 0
1922 0
1923 0
1924 0
1925 0
1926 0
1927 0
1928 0
1929 0
1930 0
1931 0
1932 0
1933 2
1934 0
1935 1
1936 0
1937 0
1938 0
1939 0
1940 0
1941 0
1942 0
1943 0
1944 0
1945 0
1946 0
1947 0
1948 0
1949 1
1950 0
1951 0
1952 0
1953 0
1954 1
1955 0
1956 0
1957 0
1958 0
1959 0
1960 0
1961 0
1962 0
1963 1
1964 0
1965 0
1966 0
1967 1
1968 0
1969 0
1970 0
1971 0
1972 1
1973 0
1974 1
1975 0
1976 0
1977 0
1978 0
1979 0
1980 0
1981 0
1982 1
1983 1
1984 0
1985 0
1986 0
1987 0
1988 0
1989 0
1990 0
1991 1
1992 0
1993 0
1994 2
1995 0
1996 0
1997 0
1998 1
1999 1
2000 0
2001 0
2002 0
2003 0
2004 0
2005 0
2006 0
2007 0
2008 0
2009 0
2010 0
2011 0
2012 0
2013 0
2014 0
2015 0
2016 0
2017 0
2018 2
2019 0
2020 1
2021 1
2022 0
2023 0
2024 0
2025 1
2026 0
2027 1
2028 0
2029 0
2030 0
2031 0
2032 0
2033 0
2034 0
2035 1
2036 0
2037 0
2038 0
2039 0
2040 0
2041 1
2042 0
2043 0
2044 1
2045 0
2046 0
2047 0
2048 2
2049 0
2050 0
2051 0
2052 0
2053 0
2054 0
2055 1
2056 1
2057 0
2058 0
2059 0
2060 0
2061 1
2062 0
2088 0
2089 1
2090 2
2091 0
2122 0
2123 1
2124 0
2125 0
2126 0
2127 0
2128 1
2129 0
2130 0
2131 0
2132 0
2133 0
2134 0
2135 0
2136 0
2137 0
2138 0
2139 0
2140 0
2141 0
2142 1
2143 0
2144 0
2145 0
2146 0
2147 0
2148 0
2149 0
2150 0
2151 0
2152 0
2153 0
2154 0
2155 0
2156 0
2157 0
2158 0
2159 0
2160 0
2161 1
2162 0
2163 0
2164 0
2165 0
2166 0
2167 0
2168 0
2169 0
2170 0
2171 1
2172 0
2173 0
2174 0
2175 0
2176 0
2177 0
2178 0
2179 0
2180 0
2181 0
2182 0
2183 0
2184 0
2185 0
2186 0
2187 0
2188 1
2189 0
2209 0
2210 1
2211 0
2212 0
2213 0
2214 0
2215 0
2216 1
2217 0
2218 0
2219 0
2220 1
2221 0
2222 1
2223 0
2224 0
2225 1
2226 0
2252 0
2253 1
2254 0
2255 0
2256 0
2257 0
2258 0
2259 0
2260 0
2261 1
2262 0
2263 0
2264 0
2265 0
2266 0
2267 0
2268 0
2269 0
2270 0
2271 0
2272 0
2273 0
2274 0
2275 1
2276 0
2277 0
2278 0
2279 0
2280 1
2281 1
2282 0
2283 0
2284 0
2285 0
2286 0
2287 0
2288 0
2289 0
2290 0
2291 0
2292 0
2293 0
2294 0
2295 0
2296 0
2297 0
2298 1
2299 0
2300 0
2301 0
2302 0
2303 0
2304 0
2305 0
2306 0
2307 0
2308 1
2309 0
2310 0
2311 0
2312 1
2313 0
2314 0
2315 0
2316 0
2317 0
2318 0
2319 0
2320 0
2321 0
2322 0
2323 0
2324 0
2325 0
2326 0
2327 0
2328 0
2329 0
2330 0
2331 1
2332 0
2359 0
2360 1
2361 0
2362 0
2363 0
2364 0
2365 0
2366 0
2367 0
2368 0
2369 0
2370 0
2371 0
2372 0
2373 0
2374 0
2375 0
2376 0
2377 0
2378 0
2379 0
2380 1
2381 0
2382 0
2383 1
2384 0
2385 0
2386 0
2387 0
2388 0
2389 0
2390 0
2391 0
2392 1
2393 0
2394 1
2395 0
2396 1
2397 0
2398 0
2399 0
2400 0
2401 0
2402 0
2403 0
2404 0
2405 0
2406 0
2407 1
2408 0
2446 0
2447 1
2448 0
2521 0
2522 1
2523 0
2524 1
2525 0
2526 0
2527 0
2528 0
2529 0
2530 0
2531 0
2532 0
2533 0
2534 0
2535 0
2536 1
2537 0
2538 0
2539 0
2540 0
2541 0
2542 0
2543 0
2544 0
2545 0
2546 0
2547 0
2548 0
2549 0
2550 0
2551 0
2552 0
2553 0
2554 0
2555 0
2556 0
2557 1
2558 0
2594 0
2595 1
2596 0
2659 0
2660 1
2661 1
2662 0
2663 1
2664 0
2700 0
2701 1
2702 0
2787 0
2788 1
2789 0
2815 0
2816 1
2817 0
2818 0
2819 0
2820 0
2821 0
2822 0
2823 0
2824 0
2825 0
2826 0
2827 0
2828 1
2829 0
3075 0
3076 1
3077 0
3078 0
3079 0
3080 0
3081 0
3082 0
3083 0
3084 0
3085 1
3086 0
3087 0
3088 0
3089 0
3090 0
3091 0
3092 0
3093 0
3094 0
3095 0
3096 0
3097 0
3098 1
3099 0
3100 0
3101 0
3102 1
3103 0
3104 0
3105 0
3106 0
3107 0
3108 0
3109 0
3110 0
3111 0
3112 0
3113 0
3114 0
3115 0
3116 0
3117 0
3118 0
3119 0
3120 0
3121 1
3122 1
3123 0
3124 0
3125 0
3126 0
3127 0
3128 0
3129 0
3130 1
3131 0
3151 0
3152 1
3153 0
3154 0
3155 1
3156 0
3157 0
3158 0
3159 0
3160 0
3161 0
3162 0
3163 0
3164 0
3165 0
3166 0
3167 0
3168 0
3169 0
3170 0
3171 0
3172 2
3173 0
3174 0
3175 1
3176 1
3177 1
3178 0
3179 0
3180 0
3181 0
3182 0
3183 0
3184 0
3185 1
3186 0
3187 0
3188 0
3189 0
3190 0
3191 0
3192 1
3193 1
3194 1
3195 0
3196 0
3197 0
3198 0
3199 0
3200 0
3201 1
3202 1
3203 0
3204 0
3205 0
3206 0
3207 0
3208 0
3209 0
3210 1
3211 0
3212 0
3213 0
3214 1
3215 0
3216 0
3217 1
3218 0
3219 0
3220 0
3221 2
3222 1
3223 0
3224 2
3225 2
3226 1
3227 0
3228 1
3229 0
3230 1
3231 0
3232 0
3233 0
3234 0
3235 0
3236 1
3237 0
3238 1
3239 0
3240 2
3241 1
3242 0
3243 0
3244 0
3245 1
3246 1
3247 1
3248 0
3249 0
3250 0
3251 2
3252 2
3253 0
3254 0
3255 1
3256 1
3257 2
3258 0
3259 0
3260 0
3261 1
3262 1
3263 0
3264 2
3265 1
3266 3
3267 0
3268 2
3269 0
3270 0
3271 1
3272 1
3273 0
3274 1
3275 1
3276 1
3277 2
3278 0
3279 0
3280 0
3281 1
3282 3
3283 2
3284 0
3285 1
3286 0
3287 0
3288 2
3289 0
3290 0
3291 2
3292 0
3293 1
3294 0
3295 0
3296 0
3297 0
3298 0
3299 1
3300 1
3301 0
3302 1
3303 0
3304 2
3305 0
3306 2
3307 1
3308 1
3309 0
3310 1
3311 1
3312 3
3313 0
3314 1
3315 1
3316 1
3317 1
3318 1
3319 0
3320 1
3321 0
3322 0
3323 1
3324 2
3325 0
3326 0
3327 0
3328 2
3329 0
3330 2
3331 3
3332 2
3333 3
3334 2
3335 1
3336 2
3337 2
3338 1
3339 1
3340 2
3341 1
3342 1
3343 2
3344 4
3345 3
3346 1
3347 2
3348 1
3349 5
3350 1
3351 1
3352 2
3353 1
3354 1
3355 4
3356 0
3357 0
3358 3
3359 0
3360 6
3361 2
3362 3
3363 1
3364 1
3365 1
3366 3
3367 4
3368 3
3369 2
3370 2
3371 5
3372 5
3373 4
3374 1
3375 1
3376 4
3377 2
3378 2
3379 2
3380 3
3381 4
3382 2
3383 1
3384 2
3385 4
3386 5
3387 6
3388 2
3389 3
3390 1
3391 2
3392 4
3393 0
3394 3
3395 4
3396 4
3397 3
3398 2
3399 1
3400 3
3401 0
3402 2
3403 1
3404 4
3405 1
3406 4
3407 1
3408 0
3409 0
3410 3
3411 0
3412 3
3413 7
3414 2
3415 0
3416 5
3417 4
3418 3
3419 1
3420 4
3421 1
3422 4
3423 0
3424 9
3425 1
3426 6
3427 1
3428 4
3429 9
3430 2
3431 3
3432 3
3433 3
3434 1
3435 2
3436 3
3437 7
3438 6
3439 6
3440 2
3441 6
3442 1
3443 2
3444 4
3445 2
3446 2
3447 7
3448 4
3449 6
3450 1
3451 2
3452 6
3453 2
3454 5
3455 0
3456 7
3457 3
3458 1
3459 5
3460 4
3461 7
3462 4
3463 3
3464 4
3465 3
3466 9
3467 5
3468 1
3469 4
3470 3
3471 2
3472 5
3473 4
3474 5
3475 2
3476 5
3477 8
3478 8
3479 6
3480 5
3481 4
3482 7
3483 7
3484 4
3485 6
3486 4
3487 5
3488 7
3489 10
3490 8
3491 4
3492 12
3493 11
3494 7
3495 4
3496 6
3497 10
3498 8
3499 2
3500 4
3501 8
3502 2
3503 3
3504 5
3505 3
3506 8
3507 3
3508 6
3509 13
3510 7
3511 4
3512 5
3513 6
3514 6
3515 5
3516 8
3517 4
3518 8
3519 2
3520 6
3521 6
3522 7
3523 4
3524 10
3525 9
3526 7
3527 7
3528 14
3529 5
3530 8
3531 3
3532 5
3533 8
3534 11
3535 4
3536 8
3537 5
3538 4
3539 5
3540 10
3541 7
3542 7
3543 6
3544 6
3545 8
3546 13
3547 6
3548 3
3549 6
3550 7
3551 3
3552 11
3553 8
3554 12
3555 2
3556 13
3557 14
3558 7
3559 9
3560 16
3561 12
3562 3
3563 11
3564 6
3565 9
3566 14
3567 6
3568 9
3569 12
3570 13
3571 3
3572 11
3573 8
3574 6
3575 8
3576 4
3577 7
3578 7
3579 9
3580 10
3581 10
3582 17
3583 2
3584 19
3585 13
3586 10
3587 14
3588 17
3589 11
3590 10
3591 12
3592 10
3593 9
3594 11
3595 12
3596 14
3597 9
3598 14
3599 6
3600 13
3601 8
3602 12
3603 12
3604 12
3605 17
3606 7
3607 8
3608 15
3609 8
3610 11
3611 9
3612 15
3613 9
3614 10
3615 7
3616 13
3617 17
3618 10
3619 20
3620 15
3621 15
3622 14
3623 11
3624 17
3625 11
3626 14
3627 13
3628 11
3629 10
3630 15
3631 16
3632 15
3633 18
3634 12
3635 9
3636 12
3637 14
3638 14
3639 9
3640 15
3641 11
3642 12
3643 12
3644 11
3645 19
3646 15
3647 5
3648 22
3649 11
3650 12
3651 7
3652 14
3653 20
3654 23
3655 16
3656 16
3657 22
3658 23
3659 13
3660 16
3661 18
3662 15
3663 10
3664 18
3665 16
3666 11
3667 14
3668 28
3669 18
3670 12
3671 16
3672 18
3673 25
3674 17
3675 9
3676 16
3677 9
3678 13
3679 16
3680 25
3681 15
3682 17
3683 16
3684 16
3685 23
3686 14
3687 18
3688 25
3689 25
3690 20
3691 27
3692 21
3693 25
3694 19
3695 14
3696 19
3697 15
3698 20
3699 14
3700 12
3701 22
3702 17
3703 16
3704 19
3705 19
3706 17
3707 19
3708 25
3709 29
3710 23
3711 16
3712 29
3713 19
3714 20
3715 23
3716 27
3717 29
3718 36
3719 16
3720 25
3721 18
3722 33
3723 14
3724 14
3725 24
3726 27
3727 14
3728 22
3729 24
3730 20
3731 18
3732 16
3733 29
3734 20
3735 20
3736 23
3737 32
3738 22
3739 20
3740 26
3741 16
3742 22
3743 9
3744 23
3745 21
3746 32
3747 17
3748 24
3749 16
3750 19
3751 29
3752 25
3753 21
3754 27
3755 28
3756 26
3757 24
3758 26
3759 22
3760 35
3761 22
3762 25
3763 22
3764 23
3765 32
3766 21
3767 32
3768 36
3769 21
3770 28
3771 24
3772 24
3773 25
3774 21
3775 14
3776 34
3777 27
3778 31
3779 19
3780 17
3781 32
3782 21
3783 23
3784 19
3785 22
3786 32
3787 31
3788 29
3789 25
3790 28
3791 19
3792 28
3793 22
3794 30
3795 30
3796 25
3797 35
3798 25
3799 36
3800 38
3801 35
3802 29
3803 24
3804 29
3805 34
3806 25
3807 19
3808 35
3809 31
3810 28
3811 25
3812 36
3813 31
3814 30
3815 25
3816 39
3817 33
3818 27
3819 30
3820 27
3821 37
3822 27
3823 30
3824 33
3825 35
3826 29
3827 23
3828 36
3829 42
3830 33
3831 37
3832 20
3833 44
3834 30
3835 29
3836 37
3837 44
3838 36
3839 11
3840 55
3841 32
3842 29
3843 21
3844 41
3845 45
3846 23
3847 25
3848 34
3849 39
3850 33
3851 23
3852 39
3853 35
3854 30
3855 34
3856 42
3857 45
3858 35
3859 33
3860 42
3861 39
3862 21
3863 31
3864 38
3865 44
3866 39
3867 25
3868 51
3869 39
3870 35
3871 23
3872 38
3873 39
3874 35
3875 23
3876 46
3877 45
3878 36
3879 30
3880 40
3881 51
3882 29
3883 47
3884 37
3885 41
3886 37
3887 37
3888 33
3889 47
3890 51
3891 35
3892 51
3893 41
3894 38
3895 35
3896 46
3897 40
3898 31
3899 30
3900 52
3901 43
3902 30
3903 16
3904 61
3905 49
3906 56
3907 23
3908 53
3909 38
3910 39
3911 33
3912 44
3913 42
3914 58
3915 37
3916 50
3917 36
3918 29
3919 26
3920 58
3921 50
3922 39
3923 37
3924 54
3925 44
3926 52
3927 37
3928 37
3929 41
3930 54
3931 23
3932 54
3933 43
3934 45
3935 30
3936 54
3937 27
3938 50
3939 24
3940 53
3941 38
3942 43
3943 34
3944 54
3945 35
3946 54
3947 40
3948 53
3949 38
3950 49
3951 39
3952 48
3953 46
3954 46
3955 28
3956 57
3957 55
3958 47
3959 43
3960 50
3961 48
3962 65
3963 33
3964 59
3965 39
3966 56
3967 35
3968 60
3969 41
3970 54
3971 35
3972 54
3973 46
3974 49
3975 35
3976 50
3977 47
3978 48
3979 32
3980 57
3981 35
3982 48
3983 43
3984 47
3985 47
3986 53
3987 37
3988 64
3989 67
3990 44
3991 35
3992 50
3993 51
3994 42
3995 26
3996 55
3997 60
3998 39
3999 34
4000 54
4001 53
4002 64
4003 24
4004 49
4005 54
4006 52
4007 40
4008 44
4009 54
4010 61
4011 39
4012 47
4013 53
4014 50
4015 40
4016 42
4017 51
4018 44
4019 32
4020 52
4021 46
4022 57
4023 43
4024 56
4025 65
4026 55
4027 44
4028 65
4029 65
4030 52
4031 23
4032 62
4033 37
4034 55
4035 40
4036 62
4037 52
4038 47
4039 40
4040 55
4041 52
4042 57
4043 37
4044 66
4045 57
4046 59
4047 48
4048 43
4049 41
4050 56
4051 37
4052 53
4053 66
4054 42
4055 48
4056 59
4057 48
4058 51
4059 43
4060 50
4061 59
4062 50
4063 39
4064 71
4065 50
4066 57
4067 45
4068 54
4069 52
4070 51
4071 39
4072 52
4073 51
4074 55
4075 45
4076 57
4077 57
4078 39
4079 53
4080 50
4081 60
4082 44
4083 25
4084 47
4085 71
4086 47
4087 45
4088 48
4089 61
4090 64
4091 41
4092 61
4093 64
4094 54
4095 22792
OK
