Histogram of ADC2:
8 0
9 4
10 14
11 2
12 0
13 0
14 0
15 0
16 0
17 0
18 0
19 0
20 0
21 0
22 0
23 0
24 26
25 170
26 317
27 360
28 367
29 332
30 291
31 230
32 256
33 221
34 210
35 170
36 137
37 140
38 110
39 113
40 119
41 69
42 73
43 70
44 54
45 50
46 48
47 36
48 44
49 36
50 26
51 27
52 31
53 24
54 25
55 25
56 28
57 21
58 13
59 14
60 15
61 15
62 9
63 6
64 14
65 10
66 8
67 5
68 9
69 6
70 4
71 6
72 9
73 5
74 5
75 7
76 4
77 2
78 5
79 5
80 6
81 6
82 6
83 1
84 3
85 1
86 2
87 2
88 1
89 2
90 3
91 3
92 3
93 2
94 1
95 0
96 4
97 2
98 1
99 1
100 0
101 0
102 2
103 2
104 0
105 1
106 0
107 1
108 2
109 2
110 0
111 0
112 0
113 0
114 0
115 2
116 0
117 0
118 0
119 0
120 0
121 0
122 1
123 1
124 1
125 1
126 11
127 7
128 16
129 11
130 20
131 16
132 39
133 38
134 66
135 65
136 85
137 89
138 125
139 167
140 158
141 202
142 248
143 294
144 330
145 351
146 481
147 488
148 532
149 591
150 627
151 721
152 806
153 892
154 943
155 1009
156 1026
157 1078
158 1167
159 1041
160 1226
161 1262
162 1290
163 1276
164 1352
165 1277
166 1291
167 1157
168 1244
169 1181
170 1216
171 1115
172 1089
173 1059
174 999
175 876
176 793
177 821
178 653
179 697
180 644
181 567
182 510
183 439
184 433
185 350
186 300
187 314
188 237
189 222
190 188
191 138
192 140
193 118
194 104
195 94
196 69
197 66
198 38
199 53
200 37
201 23
202 17
203 19
204 12
205 15
206 11
207 9
208 8
209 2
210 4
211 6
212 3
213 1
214 2
215 0
216 4
217 0
218 2
219 0
220 0
221 0
222 0
223 0
224 0
225 0
226 0
227 0
228 0
229 0
230 0
231 0
232 0
233 0
234 0
235 0
236 0
237 0
238 0
239 1
240 0
241 0
242 0
243 0
244 0
245 0
246 0
247 1
248 0
276 0
277 1
278 0
301 0
302 1
303 0
347 0
348 1
349 0
404 0
405 2
406 0
2061 0
2062 1
2063 0
OK
