Histogram of ADC0:
299 0
300 1
301 0
302 0
303 0
304 1
305 0
306 0
307 0
308 2
309 1
310 0
311 0
312 0
313 1
314 0
315 1
316 0
317 1
318 0
319 0
320 0
321 0
322 1
323 0
324 1
325 0
326 0
327 0
328 0
329 0
330 0
331 1
332 0
333 0
334 0
335 0
336 1
337 0
338 1
339 0
340 0
341 1
342 0
343 0
344 1
345 0
346 1
347 0
348 0
349 0
350 0
351 0
352 1
353 0
354 0
355 0
356 0
357 0
358 0
359 1
360 0
361 0
362 0
363 1
364 1
365 0
795 0
796 1
797 1
798 0
799 0
800 1
801 0
802 0
803 0
804 0
805 0
806 0
807 0
808 1
809 0
810 0
811 0
812 0
813 0
814 0
815 0
816 1
817 0
818 0
819 0
820 0
821 1
822 1
823 0
824 0
825 1
826 0
827 1
828 0
829 2
830 1
831 0
832 0
833 1
834 0
835 1
836 0
837 0
838 0
839 0
840 1
841 0
842 1
843 0
844 1
845 1
846 0
847 1
848 0
849 0
850 0
851 0
852 1
853 2
854 0
855 1
856 1
857 0
858 0
859 0
860 0
861 0
862 0
863 0
864 0
865 1
866 0
867 1
868 0
869 0
870 0
871 1
872 0
873 1
874 0
875 0
876 0
877 0
878 0
879 0
880 0
881 0
882 0
883 0
884 0
885 0
886 0
887 0
888 0
889 0
890 0
891 1
892 0
893 1
894 0
895 0
896 1
897 1
898 0
899 0
900 0
901 0
902 0
903 0
904 0
905 0
906 0
907 0
908 0
909 0
910 0
911 0
912 0
913 0
914 0
915 0
916 1
917 0
918 0
919 0
920 0
921 0
922 0
923 0
924 0
925 0
926 0
927 0
928 0
929 0
930 0
931 1
932 0
933 0
934 0
935 0
936 0
937 0
938 0
939 0
940 1
941 0
942 0
943 0
944 0
945 0
946 0
947 0
948 0
949 0
950 0
951 0
952 0
953 0
954 0
955 1
956 0
957 0
958 0
959 1
960 0
4094 0
4095 41001
OK
