Histogram of ADC2:
8 0
9 4
10 7
11 8
12 1
13 0
14 0
15 0
16 0
17 0
18 0
19 0
20 0
21 0
22 0
23 0
24 0
25 0
26 0
27 0
28 0
29 0
30 5
31 8
32 11
33 4
34 4
35 2
36 3
37 0
3860 0
3861 2
3862 2
3863 0
3864 3
3865 1
3866 1
3867 1
3868 6
3869 9
3870 5
3871 4
3872 14
3873 9
3874 11
3875 12
3876 24
3877 32
3878 52
3879 33
3880 52
3881 51
3882 78
3883 70
3884 66
3885 80
3886 128
3887 95
3888 186
3889 149
3890 193
3891 173
3892 220
3893 209
3894 300
3895 232
3896 344
3897 270
3898 382
3899 304
3900 344
3901 367
3902 456
3903 211
3904 644
3905 422
3906 502
3907 474
3908 502
3909 501
3910 602
3911 447
3912 588
3913 431
3914 644
3915 566
3916 612
3917 465
3918 641
3919 390
3920 816
3921 550
3922 601
3923 523
3924 670
3925 589
3926 648
3927 596
3928 703
3929 549
3930 700
3931 589
3932 687
3933 657
3934 768
3935 409
3936 853
3937 623
3938 710
3939 628
3940 635
3941 624
3942 761
3943 546
3944 881
3945 536
3946 750
3947 628
3948 706
3949 610
3950 747
3951 456
3952 831
3953 502
3954 640
3955 484
3956 517
3957 457
3958 497
3959 359
3960 466
3961 260
3962 325
3963 252
3964 228
3965 178
3966 186
3967 46
3968 158
3969 66
3970 67
3971 44
3972 23
3973 18
3974 18
3975 2
3976 4
3977 4
3978 5
3979 1
3980 0
3981 0
3982 1
3983 0
4094 0
4095 1
OK
