Histogram of ADC12:
9 0
10 7
11 13
12 30
13 7
14 0
801 0
802 2
803 3
804 8
805 8
806 14
807 15
808 22
809 31
810 44
811 82
812 101
813 143
814 197
815 253
816 292
817 393
818 459
819 615
820 743
821 844
822 909
823 1030
824 1097
825 1165
826 1299
827 1376
828 1356
829 1502
830 1513
831 1462
832 1639
833 1551
834 1628
835 1530
836 1582
837 1534
838 1524
839 1427
840 1434
841 1317
842 1347
843 1122
844 1074
845 968
846 850
847 745
848 596
849 539
850 460
851 309
852 233
853 168
854 160
855 103
856 71
857 46
858 27
859 16
860 10
861 9
862 2
863 1
864 0
4094 0
4095 1
OK
