Histogram of ADC12:
7 0
8 22
9 736
10 255407
11 554721
12 59011
13 1634
14 744
15 12
16 20
17 3
18 1
19 0
20 1
21 2
22 2
23 2
24 2
25 2
26 1
27 0
28 2
29 2
30 1
31 2
32 1
33 0
34 1
35 1
36 0
37 1
38 1
39 1
40 0
41 0
42 0
43 1
44 1
45 0
46 2
47 0
48 0
49 2
50 1
51 0
52 2
53 0
54 0
55 2
56 2
57 0
58 0
59 1
60 0
61 1
62 2
63 0
64 3
65 0
66 0
67 1
68 1
69 2
70 2
71 0
72 1
73 0
74 2
75 0
76 1
77 2
78 0
79 0
80 0
81 2
82 1
83 0
84 1
85 0
86 1
87 1
88 0
89 1
90 0
91 0
92 1
93 0
94 0
95 1
96 1
97 1
98 0
99 0
100 0
101 0
102 0
103 0
104 0
105 1
106 0
107 2
108 1
109 3
110 1
111 4
112 1
113 3
114 2
115 0
116 4
117 0
118 2
119 1
120 2
121 5
122 1
123 1
124 1
125 0
126 0
127 1
128 0
129 0
130 0
131 1
132 0
133 0
134 0
135 0
136 0
137 0
138 1
139 1
140 1
141 2
142 1
143 2
144 2
145 2
146 2
147 0
148 1
149 1
150 3
151 1
152 5
153 5
154 4
155 3
156 1
157 1
158 0
159 3
160 6
161 3
162 4
163 0
164 1
165 1
166 1
167 2
168 1
169 5
170 1
171 0
172 2
173 3
174 0
175 2
176 1
177 0
178 0
179 1
180 3
181 1
182 4
183 12
184 12
185 20
186 26
187 41
188 40
189 38
190 62
191 64
192 58
193 69
194 70
195 73
196 75
197 68
198 62
199 57
200 54
201 57
202 43
203 38
204 27
205 16
206 6
207 0
208 2
209 3
210 0
2063 0
2064 1
2065 0
OK
