Histogram of ADC2:
0 2041
1 3467
2 7238
3 11912
4 18442
5 28074
6 41888
7 52843
8 60502
9 60936
10 59247
11 66301
12 87281
13 97573
14 75966
15 53079
16 37748
17 25816
18 19702
19 15964
20 14182
21 12061
22 8458
23 4816
24 2214
25 1086
26 588
27 358
28 214
29 189
30 113
31 101
32 109
33 105
34 107
35 104
36 100
37 106
38 124
39 100
40 127
41 123
42 119
43 120
44 118
45 117
46 77
47 63
48 47
49 39
50 28
51 14
52 10
53 3
54 9
55 3
56 2
57 5
58 6
59 1
60 0
61 1
62 0
63 0
64 0
65 0
66 2
67 1
68 1
69 0
70 0
71 0
72 0
73 0
74 0
75 0
76 1
77 1
78 0
79 0
80 0
81 0
82 0
83 0
84 0
85 2
86 1
87 0
88 0
89 1
90 1
91 0
120 0
121 1
122 1
123 1
124 0
125 0
126 0
127 1
128 1
129 0
130 0
131 1
132 1
133 2
134 0
135 1
136 0
137 0
138 0
139 0
140 0
141 1
142 0
143 0
144 0
145 0
146 0
147 0
148 0
149 1
150 0
151 0
152 0
153 0
154 0
155 0
156 0
157 1
158 1
159 0
160 0
161 0
162 0
163 0
164 0
165 0
166 0
167 1
168 0
169 0
170 0
171 1
172 1
173 0
174 0
175 1
176 0
177 0
178 1
179 0
180 0
181 0
182 1
183 0
184 0
185 0
186 0
187 0
188 0
189 0
190 0
191 0
192 1
193 0
194 0
195 0
196 0
197 1
198 0
199 0
200 0
201 0
202 0
203 0
204 0
205 0
206 0
207 0
208 1
209 0
210 1
211 0
212 0
213 0
214 0
215 0
216 0
217 0
218 0
219 0
220 1
221 0
244 0
245 1
246 1
247 0
248 0
249 0
250 0
251 1
252 1
253 0
254 0
255 0
256 0
257 0
258 0
259 0
260 0
261 0
262 0
263 0
264 0
265 0
266 0
267 0
268 1
269 0
270 0
271 1
272 0
273 0
274 0
275 0
276 0
277 1
278 0
279 0
280 0
281 0
282 0
283 0
284 0
285 0
286 0
287 0
288 0
289 0
290 0
291 0
292 1
293 0
294 0
295 0
296 0
297 0
298 0
299 0
300 0
301 0
302 0
303 0
304 0
305 0
306 0
307 0
308 0
309 0
310 0
311 1
312 0
313 0
314 0
315 0
316 0
317 0
318 0
319 0
320 0
321 1
322 0
348 0
349 1
350 0
351 0
352 0
353 0
354 0
355 0
356 0
357 1
358 0
359 0
360 0
361 0
362 0
363 0
364 0
365 0
366 0
367 0
368 1
369 0
417 0
418 1
419 0
420 0
421 0
422 0
423 0
424 0
425 0
426 1
427 0
428 0
429 0
430 0
431 0
432 0
433 0
434 0
435 0
436 0
437 0
438 0
439 0
440 0
441 0
442 0
443 1
444 0
445 0
446 0
447 0
448 0
449 0
450 0
451 0
452 1
453 0
481 0
482 1
483 0
484 0
485 0
486 0
487 0
488 0
489 1
490 0
491 0
492 0
493 0
494 0
495 0
496 0
497 0
498 0
499 0
500 0
501 0
502 1
503 0
504 0
505 0
506 0
507 0
508 0
509 0
510 0
511 0
512 0
513 0
514 0
515 0
516 0
517 0
518 1
519 0
520 1
521 0
552 0
553 1
554 0
555 0
556 0
557 1
558 0
559 0
560 0
561 0
562 0
563 0
564 0
565 1
566 0
567 0
568 0
569 0
570 1
571 0
572 0
573 0
574 0
575 0
576 0
577 0
578 0
579 0
580 0
581 0
582 0
583 0
584 0
585 0
586 0
587 0
588 0
589 1
590 0
621 0
622 1
623 0
624 0
625 0
626 0
627 0
628 0
629 0
630 0
631 0
632 0
633 0
634 1
635 0
636 0
637 0
638 0
639 1
640 0
641 0
642 0
643 0
644 0
645 0
646 0
647 0
648 0
649 0
650 1
651 0
652 0
653 0
654 1
655 0
656 0
657 0
658 0
659 0
660 0
661 0
662 0
663 0
664 0
665 1
666 0
692 0
693 1
694 0
695 0
696 0
697 0
698 0
699 0
700 0
701 0
702 1
703 0
704 0
705 0
706 0
707 0
708 0
709 0
710 0
711 0
712 0
713 0
714 0
715 0
716 0
717 0
718 0
719 1
720 0
721 0
722 1
723 0
724 0
725 0
726 0
727 0
728 1
729 0
730 1
731 0
751 0
752 1
753 0
773 0
774 1
775 0
776 1
777 0
798 0
799 1
800 0
801 0
802 0
803 0
804 0
805 0
806 0
807 0
808 0
809 1
810 0
811 1
812 0
855 0
856 1
857 1
858 0
859 0
860 0
861 0
862 0
863 0
864 0
865 0
866 0
867 0
868 1
869 0
870 0
871 0
872 0
873 0
874 0
875 0
876 0
877 0
878 0
879 0
880 0
881 0
882 0
883 0
884 0
885 0
886 0
887 0
888 1
889 0
926 0
927 1
928 0
929 0
930 0
931 0
932 0
933 0
934 1
935 0
960 0
961 1
962 0
990 0
991 1
992 0
1025 0
1026 1
1027 0
1028 0
1029 0
1030 0
1031 0
1032 0
1033 0
1034 0
1035 0
1036 0
1037 0
1038 0
1039 0
1040 0
1041 0
1042 0
1043 0
1044 0
1045 0
1046 0
1047 1
1048 0
1049 0
1050 0
1051 0
1052 0
1053 0
1054 0
1055 0
1056 1
1057 0
1157 0
1158 1
1159 0
1184 0
1185 1
1186 0
1187 0
1188 0
1189 0
1190 0
1191 0
1192 1
1193 0
1194 1
1195 0
1196 0
1197 0
1198 0
1199 0
1200 0
1201 0
1202 0
1203 0
1204 0
1205 1
1206 0
1207 0
1208 0
1209 1
1210 0
1211 0
1212 1
1213 0
1214 0
1215 0
1216 0
1217 0
1218 0
1219 0
1220 0
1221 0
1222 1
1223 0
1224 0
1225 0
1226 0
1227 0
1228 0
1229 0
1230 0
1231 0
1232 0
1233 0
1234 0
1235 1
1236 1
1237 0
1238 1
1239 1
1240 0
1241 0
1242 0
1243 0
1244 0
1245 0
1246 0
1247 1
1248 0
1249 0
1250 0
1251 0
1252 0
1253 0
1254 0
1255 0
1256 0
1257 1
1258 0
1259 0
1260 0
1261 1
1262 0
1263 1
1264 0
1265 0
1266 0
1267 0
1268 0
1269 0
1270 0
1271 0
1272 0
1273 1
1274 0
1275 1
1276 0
1277 0
1278 0
1279 0
1280 0
1281 0
1282 0
1283 0
1284 0
1285 0
1286 0
1287 0
1288 0
1289 0
1290 0
1291 0
1292 1
1293 0
1294 0
1295 0
1296 0
1297 1
1298 0
1299 0
1300 0
1301 2
1302 0
1323 0
1324 1
1325 0
1326 1
1327 0
1328 0
1329 0
1330 0
1331 0
1332 0
1333 0
1334 1
1335 0
1336 0
1337 0
1338 0
1339 0
1340 0
1341 0
1342 0
1343 0
1344 0
1345 0
1346 0
1347 0
1348 0
1349 0
1350 1
1351 0
1352 0
1353 0
1354 2
1355 1
1356 0
1357 0
1358 0
1359 0
1360 1
1361 0
1362 1
1363 1
1364 0
1365 0
1366 0
1367 0
1368 0
1369 0
1370 0
1371 0
1372 0
1373 0
1374 0
1375 0
1376 0
1377 0
1378 0
1379 0
1380 1
1381 0
1382 0
1383 0
1384 0
1385 0
1386 0
1387 1
1388 0
1389 0
1390 0
1391 0
1392 0
1393 0
1394 0
1395 0
1396 0
1397 0
1398 0
1399 0
1400 0
1401 0
1402 0
1403 0
1404 1
1405 0
1443 0
1444 1
1445 0
1493 0
1494 1
1495 0
1597 0
1598 1
1599 0
1600 0
1601 0
1602 0
1603 0
1604 0
1605 0
1606 1
1607 0
1608 0
1609 0
1610 0
1611 0
1612 0
1613 0
1614 0
1615 0
1616 0
1617 1
1618 0
1619 0
1620 0
1621 1
1622 0
1623 0
1624 0
1625 1
1626 0
1627 0
1628 0
1629 0
1630 0
1631 0
1632 0
1633 0
1634 0
1635 0
1636 0
1637 0
1638 0
1639 0
1640 0
1641 0
1642 0
1643 0
1644 1
1645 0
1646 0
1647 0
1648 0
1649 0
1650 0
1651 1
1652 0
1653 0
1654 0
1655 0
1656 0
1657 0
1658 1
1659 1
1660 0
1661 0
1662 0
1663 0
1664 0
1665 0
1666 0
1667 0
1668 1
1669 0
1670 0
1671 0
1672 0
1673 0
1674 0
1675 0
1676 0
1677 0
1678 0
1679 0
1680 0
1681 0
1682 0
1683 0
1684 0
1685 1
1686 0
1687 1
1688 0
1689 0
1690 2
1691 0
1718 0
1719 1
1720 0
1721 0
1722 0
1723 0
1724 0
1725 0
1726 0
1727 0
1728 0
1729 0
1730 0
1731 1
1732 0
1733 0
1734 0
1735 0
1736 0
1737 0
1738 0
1739 0
1740 0
1741 0
1742 1
1743 0
1744 0
1745 0
1746 1
1747 0
1748 0
1749 0
1750 0
1751 0
1752 1
1753 0
1754 0
1755 0
1756 0
1757 0
1758 1
1759 0
1760 0
1761 0
1762 1
1763 0
1764 0
1765 0
1766 0
1767 0
1768 1
1769 0
1770 1
1771 1
1772 0
1773 0
1774 0
1775 0
1776 1
1777 0
1778 0
1779 0
1780 0
1781 0
1782 1
1783 0
1784 0
1785 1
1786 1
1787 0
1788 0
1789 0
1790 0
1791 0
1792 1
1793 0
1794 0
1795 3
1796 1
1797 0
1798 1
1799 0
1800 0
1801 1
1802 0
1803 0
1804 0
1805 0
1806 0
1807 0
1808 0
1809 0
1810 0
1811 0
1812 1
1813 0
1814 0
1815 1
1816 0
1817 0
1818 0
1819 0
1820 0
1821 0
1822 1
1823 1
1824 0
1855 0
1856 1
1857 0
1858 0
1859 0
1860 0
1861 0
1862 0
1863 0
1864 0
1865 1
1866 1
1867 0
1868 0
1869 2
1870 0
1871 0
1872 0
1873 0
1874 0
1875 1
1876 0
1877 1
1878 0
1879 0
1880 1
1881 0
1882 0
1883 0
1884 1
1885 0
1886 0
1887 0
1888 1
1889 0
1890 1
1891 0
1892 1
1893 0
1894 1
1895 1
1896 0
1897 0
1898 0
1899 0
1900 0
1901 0
1902 1
1903 0
1904 0
1905 0
1906 0
1907 0
1908 1
1909 0
1910 0
1911 0
1912 0
1913 0
1914 0
1915 0
1916 0
1917 0
1918 0
1919 0
1920 0
1921 0
1922 0
1923 0
1924 0
1925 1
1926 0
1927 0
1928 0
1929 0
1930 0
1931 0
1932 0
1933 0
1934 0
1935 0
1936 0
1937 0
1938 0
1939 0
1940 0
1941 0
1942 0
1943 1
1944 0
1945 0
1946 0
1947 0
1948 0
1949 0
1950 1
1951 0
1952 1
1953 0
1954 0
1955 0
1956 0
1957 0
1958 0
1959 0
1960 0
1961 0
1962 0
1963 0
1964 0
1965 0
1966 0
1967 1
1968 0
1969 0
1970 0
1971 0
1972 0
1973 0
1974 0
1975 0
1976 0
1977 0
1978 0
1979 1
1980 0
1981 0
1982 0
1983 0
1984 0
1985 2
1986 0
1987 1
1988 0
1989 0
1990 0
1991 0
1992 0
1993 0
1994 1
1995 0
1996 1
1997 0
1998 0
1999 1
2000 0
2023 0
2024 1
2025 0
2026 0
2027 0
2028 0
2029 0
2030 1
2031 0
2032 0
2033 1
2034 0
2035 0
2036 0
2037 0
2038 0
2039 0
2040 0
2041 0
2042 1
2043 0
2044 1
2045 0
2067 0
2068 2
2069 0
2070 0
2071 0
2072 0
2073 0
2074 0
2075 0
2076 0
2077 0
2078 0
2079 0
2080 0
2081 0
2082 0
2083 1
2084 0
2127 0
2128 1
2129 1
2130 0
2131 1
2132 0
2133 1
2134 0
2135 0
2136 0
2137 0
2138 0
2139 0
2140 0
2141 0
2142 0
2143 0
2144 0
2145 0
2146 0
2147 0
2148 1
2149 0
2150 0
2151 0
2152 0
2153 0
2154 0
2155 1
2156 0
2157 0
2158 0
2159 1
2160 1
2161 0
2162 0
2163 0
2164 2
2165 3
2166 0
2167 0
2168 0
2169 2
2170 0
2171 3
2172 0
2173 1
2174 3
2175 0
2176 0
2177 0
2178 0
2179 0
2180 2
2181 2
2182 1
2183 2
2184 1
2185 0
2186 2
2187 1
2188 3
2189 0
2190 2
2191 2
2192 1
2193 0
2194 2
2195 1
2196 5
2197 1
2198 0
2199 1
2200 0
2201 1
2202 1
2203 2
2204 2
2205 3
2206 4
2207 1
2208 1
2209 3
2210 6
2211 5
2212 0
2213 1
2214 2
2215 2
2216 6
2217 3
2218 6
2219 2
2220 2
2221 5
2222 5
2223 4
2224 1
2225 1
2226 3
2227 1
2228 3
2229 2
2230 3
2231 3
2232 8
2233 3
2234 3
2235 0
2236 9
2237 5
2238 2
2239 1
2240 7
2241 1
2242 2
2243 3
2244 4
2245 4
2246 3
2247 3
2248 5
2249 0
2250 8
2251 1
2252 8
2253 4
2254 5
2255 2
2256 5
2257 3
2258 11
2259 2
2260 6
2261 5
2262 8
2263 4
2264 4
2265 10
2266 5
2267 5
2268 6
2269 5
2270 6
2271 4
2272 5
2273 4
2274 3
2275 4
2276 8
2277 9
2278 3
2279 2
2280 7
2281 7
2282 4
2283 5
2284 3
2285 4
2286 4
2287 0
2288 10
2289 8
2290 6
2291 4
2292 6
2293 6
2294 7
2295 6
2296 5
2297 9
2298 5
2299 4
2300 4
2301 5
2302 4
2303 1
2304 8
2305 7
2306 9
2307 0
2308 4
2309 5
2310 19
2311 6
2312 7
2313 3
2314 7
2315 2
2316 6
2317 4
2318 10
2319 7
2320 9
2321 6
2322 5
2323 8
2324 6
2325 6
2326 8
2327 7
2328 7
2329 4
2330 7
2331 7
2332 5
2333 7
2334 9
2335 2
2336 10
2337 3
2338 6
2339 5
2340 8
2341 4
2342 6
2343 5
2344 7
2345 5
2346 3
2347 3
2348 7
2349 4
2350 10
2351 3
2352 4
2353 4
2354 6
2355 7
2356 4
2357 6
2358 8
2359 4
2360 10
2361 4
2362 3
2363 7
2364 3
2365 1
2366 3
2367 2
2368 8
2369 2
2370 1
2371 2
2372 3
2373 6
2374 4
2375 5
2376 4
2377 7
2378 5
2379 6
2380 2
2381 3
2382 7
2383 4
2384 12
2385 4
2386 3
2387 3
2388 6
2389 6
2390 6
2391 2
2392 4
2393 6
2394 9
2395 4
2396 8
2397 4
2398 1
2399 1
2400 3
2401 4
2402 2
2403 2
2404 2
2405 1
2406 3
2407 1
2408 4
2409 3
2410 2
2411 2
2412 6
2413 3
2414 3
2415 4
2416 3
2417 1
2418 5
2419 3
2420 3
2421 5
2422 2
2423 1
2424 3
2425 2
2426 2
2427 1
2428 3
2429 1
2430 2
2431 1
2432 2
2433 3
2434 0
2435 2
2436 2
2437 1
2438 0
2439 1
2440 0
2441 0
2442 0
2443 0
2444 0
2445 0
2446 0
2447 1
2448 2
2449 0
2450 1
2451 1
2452 1
2453 0
2454 0
2455 0
2456 0
2457 0
2458 0
2459 0
2460 0
2461 0
2462 0
2463 0
2464 0
2465 0
2466 0
2467 0
2468 0
2469 0
2470 0
2471 0
2472 0
2473 1
2474 1
2475 0
2476 1
2477 0
2478 0
2479 0
2480 0
2481 0
2482 0
2483 0
2484 0
2485 0
2486 0
2487 0
2488 1
2489 1
2490 0
4094 0
4095 1
OK
