Histogram of ADC0:
0 6031
1 133
2 147
3 138
4 140
5 124
6 151
7 158
8 148
9 160
10 155
11 174
12 168
13 153
14 183
15 163
16 169
17 166
18 177
19 154
20 167
21 164
22 209
23 205
24 188
25 194
26 188
27 202
28 206
29 206
30 215
31 206
32 225
33 210
34 246
35 198
36 222
37 255
38 251
39 266
40 255
41 239
42 254
43 239
44 312
45 256
46 301
47 298
48 305
49 281
50 330
51 245
52 301
53 326
54 270
55 322
56 324
57 313
58 348
59 316
60 348
61 342
62 319
63 311
64 359
65 372
66 333
67 389
68 411
69 388
70 372
71 412
72 410
73 376
74 387
75 419
76 433
77 391
78 421
79 454
80 452
81 473
82 451
83 472
84 464
85 440
86 482
87 487
88 498
89 475
90 558
91 506
92 547
93 512
94 506
95 515
96 494
97 522
98 571
99 536
100 563
101 600
102 533
103 534
104 615
105 607
106 619
107 570
108 655
109 600
110 642
111 624
112 659
113 673
114 640
115 633
116 694
117 671
118 674
119 726
120 741
121 717
122 749
123 727
124 717
125 771
126 768
127 726
128 769
129 761
130 765
131 760
132 824
133 819
134 833
135 828
136 859
137 824
138 854
139 842
140 860
141 865
142 928
143 908
144 975
145 985
146 917
147 902
148 953
149 990
150 997
151 1011
152 1060
153 973
154 999
155 1029
156 1020
157 1040
158 1081
159 964
160 1094
161 1090
162 1074
163 1033
164 1157
165 1083
166 1089
167 1131
168 1098
169 1261
170 1188
171 1084
172 1206
173 1149
174 1231
175 1222
176 1214
177 1171
178 1207
179 1262
180 1326
181 1222
182 1223
183 1265
184 1259
185 1205
186 1276
187 1239
188 1342
189 1333
190 1365
191 1243
192 1439
193 1323
194 1376
195 1363
196 1526
197 1443
198 1462
199 1498
200 1439
201 1458
202 1495
203 1481
204 1443
205 1556
206 1484
207 1408
208 1544
209 1530
210 1449
211 1523
212 1577
213 1641
214 1632
215 1580
216 1643
217 1608
218 1608
219 1582
220 1621
221 1658
222 1720
223 1519
224 1688
225 1775
226 1677
227 1602
228 1705
229 1757
230 1682
231 1732
232 1831
233 1687
234 1748
235 1713
236 1730
237 1802
238 1748
239 1840
240 1892
241 1830
242 1851
243 1930
244 1944
245 1866
246 1935
247 1921
248 1943
249 1907
250 1985
251 1927
252 1959
253 2002
254 1921
255 1865
256 2165
257 2005
258 2013
259 1991
260 2112
261 2137
262 2049
263 2070
264 2116
265 2150
266 2077
267 2079
268 2199
269 2085
270 2206
271 2134
272 2128
273 2112
274 2253
275 2154
276 2130
277 2123
278 2197
279 2108
280 2242
281 2264
282 2265
283 2211
284 2287
285 2250
286 2297
287 2072
288 2385
289 2330
290 2277
291 2227
292 2348
293 2344
294 2376
295 2274
296 2328
297 2415
298 2434
299 2293
300 2440
301 2398
302 2415
303 2376
304 2500
305 2431
306 2417
307 2406
308 2458
309 2476
310 2453
311 2363
312 2496
313 2471
314 2575
315 2405
316 2514
317 2567
318 2472
319 2248
320 2674
321 2491
322 2534
323 2494
324 2667
325 2526
326 2578
327 2581
328 2651
329 2534
330 2591
331 2442
332 2642
333 2626
334 2517
335 2691
336 2762
337 2760
338 2776
339 2643
340 2713
341 2632
342 2677
343 2690
344 2770
345 2719
346 2793
347 2701
348 2847
349 2756
350 2846
351 2588
352 2988
353 2898
354 2964
355 2783
356 2982
357 2893
358 2876
359 2907
360 2975
361 3090
362 3163
363 2803
364 3036
365 3036
366 3062
367 3109
368 3086
369 3003
370 3166
371 3010
372 3145
373 3075
374 3006
375 3096
376 3058
377 3017
378 3150
379 3022
380 3128
381 3072
382 3015
383 2825
384 3221
385 3063
386 3062
387 2908
388 2921
389 2922
390 2983
391 2790
392 3065
393 2960
394 2886
395 2700
396 2921
397 2665
398 2818
399 2733
400 2777
401 2772
402 2718
403 2509
404 2715
405 2654
406 2700
407 2546
408 2557
409 2488
410 2461
411 2305
412 2337
413 2401
414 2310
415 2030
416 2464
417 2201
418 2207
419 2022
420 2096
421 2091
422 2121
423 1943
424 2093
425 2010
426 2080
427 1894
428 1922
429 1882
430 1820
431 1809
432 1917
433 1749
434 1792
435 1604
436 1719
437 1745
438 1693
439 1660
440 1671
441 1572
442 1639
443 1461
444 1569
445 1500
446 1551
447 1286
448 1523
449 1399
450 1440
451 1326
452 1407
453 1386
454 1370
455 1286
456 1355
457 1255
458 1346
459 1244
460 1317
461 1221
462 1273
463 1131
464 1249
465 1144
466 1204
467 1122
468 1168
469 1140
470 1098
471 1159
472 1139
473 1004
474 1086
475 1023
476 1032
477 986
478 1065
479 867
480 1045
481 999
482 998
483 937
484 986
485 946
486 961
487 910
488 905
489 909
490 881
491 869
492 904
493 843
494 867
495 887
496 837
497 865
498 854
499 828
500 825
501 835
502 874
503 795
504 838
505 857
506 810
507 727
508 825
509 814
510 777
511 590
512 855
513 810
514 784
515 732
516 790
517 752
518 733
519 676
520 757
521 774
522 708
523 707
524 732
525 756
526 747
527 681
528 731
529 764
530 699
531 693
532 660
533 686
534 698
535 673
536 697
537 650
538 706
539 725
540 722
541 732
542 654
543 572
544 748
545 646
546 673
547 627
548 597
549 672
550 632
551 579
552 681
553 662
554 679
555 605
556 652
557 665
558 655
559 571
560 666
561 617
562 660
563 595
564 625
565 624
566 614
567 590
568 640
569 560
570 623
571 597
572 595
573 563
574 640
575 491
576 647
577 596
578 603
579 589
580 609
581 553
582 562
583 600
584 604
585 585
586 578
587 530
588 571
589 588
590 549
591 495
592 578
593 543
594 528
595 499
596 525
597 505
598 527
599 535
600 556
601 498
602 508
603 475
604 516
605 544
606 516
607 470
608 499
609 471
610 503
611 432
612 519
613 475
614 510
615 454
616 466
617 436
618 442
619 448
620 427
621 452
622 454
623 411
624 445
625 440
626 435
627 421
628 440
629 441
630 389
631 436
632 462
633 424
634 418
635 363
636 422
637 417
638 384
639 389
640 449
641 350
642 361
643 371
644 381
645 383
646 363
647 319
648 394
649 374
650 367
651 359
652 328
653 380
654 366
655 305
656 358
657 332
658 326
659 305
660 315
661 316
662 310
663 309
664 318
665 294
666 328
667 285
668 293
669 284
670 272
671 245
672 304
673 299
674 246
675 243
676 253
677 227
678 251
679 217
680 266
681 230
682 253
683 228
684 220
685 241
686 244
687 201
688 230
689 216
690 207
691 172
692 222
693 235
694 220
695 199
696 212
697 188
698 177
699 189
700 166
701 153
702 217
703 149
704 171
705 142
706 159
707 156
708 158
709 148
710 153
711 126
712 138
713 137
714 123
715 132
716 148
717 130
718 125
719 136
720 118
721 126
722 129
723 112
724 119
725 114
726 91
727 89
728 103
729 103
730 119
731 97
732 95
733 90
734 86
735 82
736 106
737 93
738 100
739 67
740 72
741 58
742 77
743 78
744 88
745 68
746 88
747 76
748 76
749 77
750 70
751 58
752 68
753 68
754 74
755 47
756 61
757 67
758 60
759 63
760 65
761 67
762 50
763 65
764 68
765 43
766 64
767 42
768 50
769 44
770 52
771 51
772 55
773 46
774 41
775 43
776 44
777 37
778 46
779 39
780 38
781 37
782 40
783 39
784 30
785 40
786 40
787 25
788 29
789 43
790 34
791 35
792 33
793 35
794 37
795 32
796 27
797 30
798 21
799 16
800 23
801 29
802 30
803 29
804 35
805 22
806 24
807 31
808 29
809 20
810 21
811 15
812 23
813 26
814 26
815 24
816 18
817 17
818 31
819 25
820 22
821 26
822 16
823 19
824 23
825 27
826 13
827 23
828 19
829 27
830 22
831 8
832 16
833 13
834 9
835 19
836 21
837 15
838 16
839 10
840 12
841 9
842 17
843 10
844 16
845 20
846 12
847 19
848 13
849 12
850 12
851 12
852 14
853 6
854 18
855 6
856 15
857 11
858 13
859 8
860 9
861 13
862 12
863 7
864 7
865 9
866 10
867 9
868 9
869 10
870 8
871 4
872 8
873 11
874 5
875 4
876 12
877 7
878 7
879 10
880 9
881 8
882 10
883 6
884 6
885 6
886 9
887 8
888 16
889 12
890 3
891 11
892 6
893 13
894 5
895 6
896 12
897 11
898 11
899 2
900 11
901 7
902 6
903 8
904 13
905 5
906 3
907 6
908 9
909 5
910 6
911 5
912 4
913 13
914 3
915 3
916 4
917 4
918 3
919 6
920 6
921 3
922 3
923 4
924 3
925 1
926 6
927 8
928 6
929 6
930 4
931 8
932 8
933 4
934 6
935 6
936 9
937 5
938 13
939 6
940 5
941 7
942 5
943 4
944 7
945 3
946 7
947 3
948 7
949 4
950 6
951 4
952 2
953 6
954 6
955 5
956 3
957 3
958 3
959 3
960 6
961 0
962 1
963 8
964 4
965 3
966 7
967 5
968 6
969 4
970 4
971 7
972 2
973 3
974 7
975 6
976 4
977 5
978 5
979 4
980 6
981 4
982 1
983 5
984 3
985 3
986 4
987 5
988 4
989 4
990 2
991 4
992 5
993 4
994 5
995 3
996 2
997 4
998 1
999 3
1000 4
1001 5
1002 3
1003 6
1004 5
1005 3
1006 6
1007 7
1008 7
1009 6
1010 4
1011 2
1012 4
1013 4
1014 6
1015 2
1016 9
1017 3
1018 5
1019 5
1020 5
1021 3
1022 5
1023 0
1024 5
1025 3
1026 2
1027 1
1028 2
1029 5
1030 6
1031 3
1032 3
1033 5
1034 4
1035 3
1036 6
1037 3
1038 8
1039 5
1040 3
1041 5
1042 3
1043 2
1044 4
1045 5
1046 3
1047 5
1048 6
1049 3
1050 7
1051 2
1052 7
1053 7
1054 2
1055 2
1056 5
1057 4
1058 3
1059 6
1060 5
1061 4
1062 4
1063 4
1064 2
1065 4
1066 3
1067 1
1068 4
1069 4
1070 5
1071 8
1072 4
1073 3
1074 4
1075 9
1076 6
1077 5
1078 6
1079 3
1080 7
1081 6
1082 5
1083 3
1084 3
1085 6
1086 3
1087 3
1088 5
1089 5
1090 4
1091 3
1092 5
1093 3
1094 4
1095 5
1096 8
1097 5
1098 4
1099 7
1100 3
1101 3
1102 4
1103 4
1104 4
1105 5
1106 2
1107 6
1108 7
1109 4
1110 0
1111 3
1112 5
1113 4
1114 5
1115 4
1116 1
1117 2
1118 3
1119 5
1120 4
1121 4
1122 8
1123 4
1124 7
1125 3
1126 6
1127 5
1128 3
1129 5
1130 4
1131 1
1132 6
1133 2
1134 2
1135 4
1136 2
1137 6
1138 9
1139 3
1140 3
1141 4
1142 4
1143 4
1144 3
1145 7
1146 2
1147 2
1148 4
1149 2
1150 6
1151 9
1152 6
1153 5
1154 3
1155 4
1156 4
1157 4
1158 1
1159 9
1160 12
1161 10
1162 7
1163 4
1164 2
1165 5
1166 8
1167 2
1168 6
1169 4
1170 1
1171 3
1172 13
1173 8
1174 8
1175 6
1176 3
1177 4
1178 4
1179 4
1180 6
1181 4
1182 5
1183 5
1184 7
1185 4
1186 4
1187 3
1188 1
1189 4
1190 4
1191 2
1192 2
1193 6
1194 5
1195 4
1196 5
1197 7
1198 7
1199 2
1200 6
1201 4
1202 2
1203 4
1204 7
1205 5
1206 4
1207 7
1208 5
1209 5
1210 6
1211 3
1212 4
1213 6
1214 2
1215 4
1216 7
1217 6
1218 2
1219 2
1220 5
1221 7
1222 2
1223 5
1224 8
1225 3
1226 6
1227 0
1228 5
1229 4
1230 5
1231 4
1232 4
1233 5
1234 3
1235 1
1236 4
1237 3
1238 1
1239 3
1240 6
1241 1
1242 3
1243 4
1244 2
1245 3
1246 5
1247 2
1248 5
1249 4
1250 5
1251 3
1252 1
1253 0
1254 2
1255 3
1256 4
1257 1
1258 3
1259 4
1260 7
1261 5
1262 4
1263 2
1264 4
1265 3
1266 2
1267 4
1268 4
1269 3
1270 4
1271 3
1272 2
1273 1
1274 4
1275 2
1276 4
1277 1
1278 4
1279 0
1280 2
1281 3
1282 1
1283 5
1284 4
1285 2
1286 4
1287 4
1288 2
1289 2
1290 2
1291 4
1292 3
1293 4
1294 2
1295 1
1296 0
1297 2
1298 4
1299 2
1300 3
1301 7
1302 2
1303 2
1304 4
1305 4
1306 0
1307 0
1308 2
1309 2
1310 3
1311 2
1312 2
1313 0
1314 3
1315 4
1316 0
1317 2
1318 2
1319 3
1320 1
1321 3
1322 3
1323 2
1324 1
1325 1
1326 2
1327 1
1328 0
1329 4
1330 4
1331 3
1332 1
1333 1
1334 0
1335 1
1336 4
1337 0
1338 1
1339 0
1340 1
1341 1
1342 1
1343 2
1344 3
1345 1
1346 2
1347 2
1348 1
1349 1
1350 2
1351 3
1352 4
1353 5
1354 3
1355 7
1356 2
1357 1
1358 2
1359 2
1360 3
1361 0
1362 1
1363 0
1364 2
1365 1
1366 1
1367 2
1368 0
1369 2
1370 1
1371 0
1372 2
1373 1
1374 1
1375 1
1376 1
1377 0
1378 1
1379 1
1380 0
1381 1
1382 0
1383 0
1384 3
1385 0
1386 4
1387 0
1388 1
1389 0
1390 2
1391 0
1392 2
1393 1
1394 0
1395 0
1396 2
1397 0
1398 1
1399 1
1400 1
1401 0
1402 1
1403 1
1404 0
1405 0
1406 0
1407 0
1408 1
1409 0
1410 0
1411 0
1412 2
1413 0
1414 0
1415 1
1416 0
1417 1
1418 1
1419 1
1420 1
1421 1
1422 0
1423 3
1424 1
1425 1
1426 0
1427 1
1428 1
1429 0
1430 1
1431 0
1432 0
1433 0
1434 1
1435 0
1436 1
1437 1
1438 1
1439 2
1440 2
1441 1
1442 0
1443 0
1444 0
1445 1
1446 0
1447 1
1448 0
1449 0
1450 0
1451 0
1452 0
1453 0
1454 1
1455 0
1456 3
1457 0
1458 1
1459 1
1460 1
1461 0
1462 0
1463 1
1464 1
1465 0
1466 1
1467 1
1468 0
1469 0
1470 1
1471 0
1472 0
1473 0
1474 0
1475 0
1476 1
1477 0
1478 0
1479 2
1480 0
1481 0
1482 0
1483 0
1484 0
1485 1
1486 1
1487 0
1488 0
1489 0
1490 0
1491 0
1492 0
1493 0
1494 1
1495 0
1496 0
1497 0
1498 0
1499 0
1500 1
1501 1
1502 0
1503 0
1504 0
1505 1
1506 1
1507 0
1508 0
1509 0
1510 0
1511 0
1512 0
1513 1
1514 0
1515 0
1516 0
1517 0
1518 0
1519 0
1520 0
1521 1
1522 0
1523 0
1524 0
1525 0
1526 0
1527 1
1528 0
1529 0
1530 0
1531 0
1532 0
1533 0
1534 1
1535 0
1536 0
1537 0
1538 0
1539 0
1540 0
1541 0
1542 0
1543 0
1544 0
1545 1
1546 1
1547 0
1548 0
1549 0
1550 0
1551 0
1552 0
1553 0
1554 1
1555 0
1556 1
1557 0
1558 0
1559 0
1560 0
1561 2
1562 1
1563 0
1587 0
1588 1
1589 0
1590 0
1591 0
1592 0
1593 0
1594 2
1595 0
1596 0
1597 0
1598 0
1599 0
1600 0
1601 0
1602 0
1603 0
1604 0
1605 1
1606 0
1607 0
1608 0
1609 0
1610 0
1611 0
1612 0
1613 0
1614 0
1615 0
1616 0
1617 0
1618 0
1619 0
1620 0
1621 0
1622 0
1623 1
1624 0
1651 0
1652 1
1653 0
1654 0
1655 0
1656 0
1657 0
1658 0
1659 1
1660 0
1692 0
1693 1
1694 0
1695 0
1696 0
1697 0
1698 0
1699 0
1700 0
1701 0
1702 0
1703 0
1704 0
1705 0
1706 0
1707 0
1708 0
1709 0
1710 0
1711 0
1712 0
1713 1
1714 0
1759 0
1760 1
1761 0
1844 0
1845 1
1846 0
1971 0
1972 1
1973 0
2044 0
2045 1
2046 0
2047 0
2048 1
2049 1
2050 0
2099 0
2100 1
2101 0
2140 0
2141 1
2142 0
2294 0
2295 1
2296 0
4002 0
4003 1
4004 0
4094 0
4095 1294
OK
