Histogram of ADC2:
8 0
9 8
10 12
11 1
12 0
3727 0
3728 2
3729 1
3730 2
3731 5
3732 6
3733 6
3734 10
3735 13
3736 27
3737 20
3738 19
3739 28
3740 27
3741 45
3742 71
3743 32
3744 138
3745 80
3746 135
3747 140
3748 138
3749 164
3750 215
3751 149
3752 286
3753 205
3754 338
3755 312
3756 354
3757 368
3758 434
3759 294
3760 582
3761 413
3762 525
3763 405
3764 553
3765 481
3766 575
3767 441
3768 634
3769 437
3770 617
3771 521
3772 536
3773 546
3774 673
3775 310
3776 788
3777 514
3778 619
3779 547
3780 552
3781 545
3782 620
3783 459
3784 617
3785 438
3786 615
3787 557
3788 602
3789 518
3790 628
3791 341
3792 722
3793 477
3794 609
3795 513
3796 537
3797 553
3798 622
3799 405
3800 694
3801 466
3802 615
3803 540
3804 534
3805 515
3806 576
3807 327
3808 688
3809 484
3810 534
3811 482
3812 492
3813 499
3814 593
3815 394
3816 619
3817 320
3818 507
3819 414
3820 434
3821 382
3822 419
3823 269
3824 435
3825 290
3826 345
3827 248
3828 285
3829 234
3830 236
3831 151
3832 213
3833 141
3834 161
3835 106
3836 109
3837 72
3838 105
3839 8
3840 107
3841 42
3842 39
3843 30
3844 25
3845 24
3846 20
3847 7
3848 19
3849 11
3850 13
3851 3
3852 1
3853 5
3854 2
3855 1
3856 1
3857 0
3858 2
3859 0
3860 0
3861 0
3862 0
3863 0
3864 0
3865 0
3866 0
3867 0
3868 0
3869 0
3870 0
3871 1
3872 0
4094 0
4095 1
OK
