Histogram of ADC2:
8 0
9 1
10 16
11 4
12 0
13 0
14 0
15 0
16 0
17 0
18 0
19 0
20 0
21 0
22 0
23 2
24 41
25 161
26 351
27 362
28 371
29 299
30 342
31 219
32 249
33 234
34 208
35 152
36 167
37 115
38 112
39 132
40 86
41 67
42 74
43 60
44 56
45 50
46 60
47 46
48 35
49 23
50 46
51 26
52 28
53 22
54 28
55 26
56 29
57 19
58 12
59 12
60 13
61 19
62 13
63 5
64 19
65 5
66 7
67 10
68 9
69 7
70 8
71 6
72 10
73 9
74 5
75 7
76 5
77 4
78 4
79 2
80 4
81 5
82 8
83 2
84 0
85 3
86 3
87 1
88 4
89 6
90 1
91 1
92 4
93 2
94 5
95 3
96 1
97 0
98 3
99 3
100 2
101 2
102 0
103 0
104 2
105 1
106 1
107 4
108 0
109 1
110 0
111 1
112 1
113 0
114 0
115 0
116 1
117 0
118 0
119 1
120 0
121 0
122 0
123 0
124 0
125 1
126 0
127 1
128 1
129 0
130 2
131 0
132 0
133 0
134 1
135 1
136 2
137 2
138 1
139 1
140 1
141 0
142 0
143 1
144 0
145 0
146 1
147 1
148 1
149 0
150 0
151 0
152 1
153 0
154 0
155 0
156 0
157 0
158 1
159 0
160 0
161 1
162 0
163 1
164 0
165 1
166 0
167 0
168 0
169 2
170 0
171 0
172 0
173 0
174 0
175 0
176 0
177 0
178 0
179 0
180 0
181 0
182 0
183 0
184 0
185 0
186 1
187 0
188 0
189 0
190 0
191 0
192 0
193 0
194 0
195 0
196 0
197 0
198 0
199 1
200 0
201 0
202 0
203 0
204 0
205 0
206 0
207 0
208 0
209 0
210 0
211 0
212 0
213 0
214 1
215 0
247 0
248 1
249 0
284 0
285 1
286 0
309 0
310 1
311 0
312 1
313 0
390 0
391 1
392 0
476 0
477 1
478 0
818 0
819 1
820 0
1109 0
1110 1
1111 0
1112 0
1113 0
1114 1
1115 1
1116 1
1117 0
1118 1
1119 0
1120 0
1121 2
1122 0
1123 3
1124 5
1125 2
1126 3
1127 0
1128 5
1129 3
1130 6
1131 2
1132 3
1133 3
1134 4
1135 7
1136 7
1137 3
1138 12
1139 8
1140 8
1141 12
1142 13
1143 15
1144 11
1145 18
1146 25
1147 22
1148 27
1149 24
1150 35
1151 31
1152 54
1153 48
1154 51
1155 47
1156 58
1157 52
1158 80
1159 71
1160 83
1161 84
1162 108
1163 93
1164 140
1165 106
1166 152
1167 121
1168 160
1169 156
1170 190
1171 192
1172 208
1173 229
1174 236
1175 215
1176 248
1177 252
1178 285
1179 283
1180 311
1181 319
1182 350
1183 287
1184 449
1185 361
1186 424
1187 424
1188 436
1189 456
1190 524
1191 466
1192 557
1193 483
1194 564
1195 570
1196 581
1197 600
1198 612
1199 511
1200 625
1201 604
1202 661
1203 605
1204 680
1205 606
1206 685
1207 641
1208 723
1209 626
1210 721
1211 561
1212 673
1213 644
1214 703
1215 496
1216 794
1217 622
1218 667
1219 609
1220 632
1221 597
1222 605
1223 550
1224 608
1225 525
1226 603
1227 492
1228 485
1229 472
1230 470
1231 408
1232 480
1233 410
1234 429
1235 369
1236 417
1237 326
1238 380
1239 318
1240 351
1241 260
1242 288
1243 280
1244 252
1245 235
1246 239
1247 130
1248 237
1249 173
1250 192
1251 150
1252 133
1253 132
1254 146
1255 118
1256 137
1257 99
1258 125
1259 83
1260 71
1261 78
1262 72
1263 64
1264 71
1265 42
1266 48
1267 40
1268 38
1269 31
1270 43
1271 31
1272 34
1273 20
1274 24
1275 23
1276 14
1277 17
1278 16
1279 10
1280 12
1281 10
1282 7
1283 8
1284 6
1285 2
1286 6
1287 5
1288 5
1289 5
1290 3
1291 5
1292 3
1293 4
1294 2
1295 2
1296 1
1297 2
1298 2
1299 0
1300 1
1301 0
1302 0
1303 1
1304 0
1305 0
1306 1
1307 0
1308 0
1309 0
1310 0
1311 0
1312 0
1313 0
1314 0
1315 0
1316 1
1317 0
4094 0
4095 1
OK
