Histogram of ADC0:
301 0
302 1
303 0
304 0
305 1
306 0
307 0
308 0
309 2
310 0
311 2
312 2
313 0
314 0
315 0
316 2
317 0
318 1
319 1
320 1
321 0
322 1
323 1
324 2
325 1
326 0
327 0
328 1
329 0
330 0
331 1
332 0
333 0
334 0
335 0
336 1
337 0
632 0
633 1
634 0
635 0
636 0
637 0
638 0
639 0
640 1
641 0
642 0
643 0
644 0
645 0
646 1
647 0
648 2
649 2
650 1
651 1
652 0
653 3
654 2
655 4
656 2
657 6
658 1
659 3
660 8
661 1
662 3
663 4
664 4
665 4
666 6
667 3
668 6
669 5
670 4
671 5
672 2
673 8
674 8
675 4
676 14
677 7
678 13
679 9
680 5
681 7
682 9
683 12
684 8
685 18
686 8
687 9
688 19
689 10
690 7
691 11
692 17
693 10
694 17
695 16
696 16
697 11
698 22
699 13
700 15
701 14
702 20
703 14
704 13
705 16
706 20
707 14
708 9
709 16
710 13
711 13
712 20
713 19
714 17
715 19
716 18
717 12
718 14
719 10
720 15
721 20
722 14
723 10
724 12
725 11
726 13
727 12
728 12
729 17
730 19
731 18
732 12
733 14
734 15
735 11
736 12
737 22
738 16
739 17
740 15
741 11
742 17
743 13
744 17
745 12
746 10
747 19
748 16
749 17
750 12
751 15
752 19
753 13
754 10
755 18
756 25
757 17
758 17
759 14
760 14
761 11
762 16
763 7
764 15
765 10
766 10
767 13
768 16
769 10
770 16
771 14
772 11
773 11
774 12
775 10
776 19
777 11
778 12
779 14
780 16
781 14
782 13
783 18
784 14
785 8
786 6
787 13
788 8
789 17
790 14
791 16
792 12
793 16
794 13
795 16
796 11
797 13
798 18
799 11
800 17
801 10
802 22
803 17
804 13
805 15
806 17
807 10
808 14
809 9
810 19
811 4
812 8
813 13
814 9
815 6
816 10
817 14
818 13
819 14
820 10
821 13
822 12
823 7
824 7
825 8
826 7
827 7
828 16
829 10
830 6
831 4
832 8
833 15
834 8
835 11
836 10
837 17
838 11
839 16
840 14
841 10
842 7
843 14
844 9
845 5
846 8
847 15
848 5
849 15
850 12
851 9
852 10
853 6
854 11
855 10
856 6
857 13
858 9
859 7
860 11
861 10
862 5
863 10
864 11
865 16
866 9
867 11
868 11
869 8
870 7
871 10
872 7
873 8
874 7
875 5
876 16
877 15
878 5
879 11
880 8
881 9
882 12
883 9
884 5
885 13
886 9
887 6
888 7
889 12
890 7
891 6
892 14
893 7
894 8
895 4
896 8
897 5
898 6
899 5
900 5
901 11
902 10
903 6
904 4
905 7
906 6
907 4
908 7
909 7
910 6
911 10
912 4
913 10
914 7
915 5
916 6
917 5
918 8
919 4
920 9
921 9
922 6
923 8
924 8
925 8
926 5
927 6
928 9
929 3
930 4
931 5
932 7
933 7
934 7
935 8
936 5
937 8
938 8
939 6
940 6
941 5
942 8
943 8
944 6
945 7
946 11
947 7
948 3
949 10
950 6
951 5
952 9
953 8
954 8
955 4
956 5
957 3
958 5
959 6
960 7
961 5
962 8
963 4
964 4
965 3
966 2
967 2
968 4
969 1
970 7
971 5
972 6
973 5
974 6
975 3
976 6
977 4
978 5
979 7
980 4
981 3
982 6
983 4
984 3
985 4
986 8
987 4
988 5
989 7
990 9
991 3
992 3
993 10
994 4
995 2
996 8
997 2
998 5
999 4
1000 2
1001 5
1002 3
1003 6
1004 5
1005 4
1006 4
1007 8
1008 3
1009 6
1010 1
1011 5
1012 8
1013 7
1014 4
1015 5
1016 6
1017 6
1018 9
1019 3
1020 9
1021 2
1022 4
1023 5
1024 2
1025 0
1026 5
1027 2
1028 3
1029 4
1030 1
1031 2
1032 5
1033 4
1034 4
1035 2
1036 0
1037 7
1038 4
1039 8
1040 5
1041 4
1042 4
1043 6
1044 2
1045 6
1046 2
1047 3
1048 4
1049 2
1050 4
1051 1
1052 1
1053 3
1054 2
1055 3
1056 3
1057 3
1058 1
1059 1
1060 2
1061 2
1062 3
1063 0
1064 3
1065 6
1066 4
1067 2
1068 5
1069 1
1070 2
1071 3
1072 1
1073 2
1074 3
1075 2
1076 8
1077 5
1078 4
1079 4
1080 2
1081 3
1082 6
1083 2
1084 4
1085 0
1086 2
1087 2
1088 1
1089 2
1090 2
1091 3
1092 4
1093 2
1094 4
1095 4
1096 6
1097 2
1098 4
1099 3
1100 0
1101 3
1102 5
1103 0
1104 3
1105 1
1106 2
1107 0
1108 2
1109 3
1110 2
1111 2
1112 3
1113 2
1114 2
1115 2
1116 4
1117 4
1118 2
1119 4
1120 1
1121 2
1122 1
1123 2
1124 4
1125 1
1126 3
1127 3
1128 2
1129 2
1130 2
1131 1
1132 2
1133 6
1134 2
1135 1
1136 2
1137 3
1138 1
1139 1
1140 4
1141 0
1142 0
1143 3
1144 2
1145 0
1146 0
1147 3
1148 2
1149 3
1150 0
1151 2
1152 1
1153 4
1154 0
1155 1
1156 2
1157 4
1158 5
1159 3
1160 3
1161 1
1162 3
1163 2
1164 5
1165 2
1166 7
1167 1
1168 1
1169 1
1170 3
1171 2
1172 1
1173 2
1174 3
1175 2
1176 2
1177 6
1178 1
1179 4
1180 2
1181 3
1182 2
1183 1
1184 0
1185 4
1186 4
1187 4
1188 5
1189 2
1190 4
1191 2
1192 1
1193 4
1194 4
1195 4
1196 2
1197 0
1198 0
1199 1
1200 1
1201 3
1202 3
1203 4
1204 3
1205 2
1206 2
1207 0
1208 1
1209 3
1210 1
1211 1
1212 1
1213 0
1214 2
1215 1
1216 2
1217 4
1218 3
1219 1
1220 1
1221 2
1222 0
1223 1
1224 0
1225 3
1226 4
1227 0
1228 1
1229 2
1230 1
1231 2
1232 1
1233 1
1234 0
1235 1
1236 1
1237 0
1238 2
1239 1
1240 3
1241 1
1242 1
1243 2
1244 0
1245 0
1246 1
1247 1
1248 0
1249 1
1250 2
1251 2
1252 0
1253 0
1254 1
1255 0
1256 1
1257 2
1258 0
1259 2
1260 2
1261 1
1262 6
1263 1
1264 0
1265 2
1266 0
1267 4
1268 2
1269 2
1270 1
1271 4
1272 2
1273 1
1274 2
1275 0
1276 0
1277 1
1278 1
1279 1
1280 2
1281 0
1282 1
1283 0
1284 1
1285 6
1286 0
1287 1
1288 2
1289 0
1290 0
1291 1
1292 2
1293 2
1294 0
1295 1
1296 1
1297 3
1298 2
1299 2
1300 0
1301 3
1302 2
1303 2
1304 2
1305 0
1306 1
1307 0
1308 3
1309 2
1310 0
1311 0
1312 0
1313 0
1314 2
1315 1
1316 1
1317 1
1318 2
1319 2
1320 0
1321 2
1322 2
1323 0
1324 5
1325 0
1326 0
1327 1
1328 1
1329 0
1330 2
1331 2
1332 1
1333 0
1334 1
1335 2
1336 0
1337 1
1338 0
1339 0
1340 1
1341 2
1342 0
1343 0
1344 1
1345 0
1346 1
1347 0
1348 2
1349 1
1350 0
1351 1
1352 2
1353 0
1354 0
1355 1
1356 3
1357 0
1358 1
1359 1
1360 2
1361 4
1362 2
1363 1
1364 1
1365 3
1366 2
1367 0
1368 0
1369 0
1370 1
1371 0
1372 0
1373 2
1374 0
1375 0
1376 3
1377 1
1378 3
1379 0
1380 1
1381 2
1382 1
1383 1
1384 0
1385 0
1386 1
1387 0
1388 0
1389 0
1390 2
1391 2
1392 0
1393 0
1394 2
1395 0
1396 3
1397 2
1398 2
1399 1
1400 0
1401 1
1402 5
1403 0
1404 1
1405 1
1406 1
1407 3
1408 3
1409 1
1410 1
1411 0
1412 1
1413 4
1414 1
1415 0
1416 1
1417 0
1418 2
1419 0
1420 1
1421 1
1422 3
1423 1
1424 0
1425 1
1426 1
1427 1
1428 1
1429 1
1430 1
1431 0
1432 1
1433 0
1434 0
1435 3
1436 1
1437 0
1438 3
1439 0
1440 2
1441 1
1442 0
1443 2
1444 1
1445 1
1446 0
1447 0
1448 1
1449 0
1450 1
1451 0
1452 0
1453 2
1454 1
1455 0
1456 2
1457 1
1458 2
1459 0
1460 0
1461 0
1462 0
1463 1
1464 0
1465 1
1466 0
1467 0
1468 0
1469 0
1470 0
1471 0
1472 0
1473 1
1474 0
1475 0
1476 0
1477 0
1478 1
1479 1
1480 1
1481 0
1482 0
1483 0
1484 2
1485 0
1486 0
1487 0
1488 2
1489 0
1490 0
1491 1
1492 1
1493 2
1494 0
1495 0
1496 1
1497 1
1498 1
1499 0
1500 1
1501 0
1502 1
1503 1
1504 0
1505 1
1506 0
1507 0
1508 0
1509 2
1510 0
1511 0
1512 1
1513 1
1514 2
1515 0
1516 0
1517 0
1518 0
1519 0
1520 0
1521 0
1522 1
1523 2
1524 0
1525 0
1526 2
1527 1
1528 1
1529 1
1530 1
1531 0
1532 0
1533 0
1534 2
1535 1
1536 1
1537 1
1538 0
1539 0
1540 2
1541 1
1542 1
1543 0
1544 0
1545 0
1546 0
1547 1
1548 2
1549 2
1550 1
1551 0
1552 0
1553 0
1554 0
1555 0
1556 0
1557 0
1558 0
1559 0
1560 2
1561 0
1562 1
1563 0
1564 0
1565 1
1566 1
1567 0
1568 0
1569 0
1570 1
1571 1
1572 1
1573 0
1574 1
1575 1
1576 2
1577 0
1578 0
1579 1
1580 0
1581 1
1582 1
1583 0
1584 0
1585 0
1586 0
1587 0
1588 0
1589 0
1590 0
1591 1
1592 0
1593 0
1594 0
1595 1
1596 0
1597 1
1598 0
1599 0
1600 1
1601 2
1602 1
1603 0
1604 1
1605 2
1606 0
1607 1
1608 0
1609 0
1610 1
1611 0
1612 1
1613 2
1614 0
1615 2
1616 1
1617 1
1618 1
1619 0
1620 0
1621 0
1622 0
1623 0
1624 0
1625 0
1626 0
1627 0
1628 0
1629 0
1630 0
1631 0
1632 1
1633 2
1634 1
1635 0
1636 0
1637 0
1638 0
1639 0
1640 0
1641 0
1642 1
1643 0
1644 0
1645 0
1646 0
1647 1
1648 1
1649 0
1650 0
1651 1
1652 0
1653 0
1654 0
1655 0
1656 2
1657 0
1658 1
1659 0
1660 0
1661 0
1662 0
1663 0
1664 0
1665 2
1666 0
1667 0
1668 0
1669 1
1670 1
1671 0
1672 0
1673 0
1674 0
1675 1
1676 0
1677 0
1678 0
1679 0
1680 0
1681 0
1682 0
1683 0
1684 2
1685 0
1686 0
1687 0
1688 0
1689 1
1690 0
1691 0
1692 0
1693 0
1694 2
1695 1
1696 1
1697 0
1698 0
1699 1
1700 0
1701 1
1702 0
1703 2
1704 0
1705 1
1706 0
1707 0
1708 0
1709 1
1710 1
1711 0
1712 2
1713 0
1714 0
1715 1
1716 1
1717 0
1718 1
1719 0
1720 0
1721 0
1722 0
1723 0
1724 0
1725 0
1726 0
1727 1
1728 1
1729 0
1730 0
1731 0
1732 2
1733 0
1734 0
1735 0
1736 0
1737 0
1738 0
1739 1
1740 1
1741 2
1742 0
1743 0
1744 0
1745 0
1746 0
1747 0
1748 0
1749 0
1750 1
1751 1
1752 0
1753 0
1754 0
1755 0
1756 0
1757 1
1758 0
1759 2
1760 0
1761 0
1762 0
1763 0
1764 1
1765 0
1766 0
1767 1
1768 0
1769 0
1770 0
1771 0
1772 0
1773 0
1774 0
1775 0
1776 0
1777 2
1778 0
1779 1
1780 0
1781 0
1782 0
1783 0
1784 0
1785 0
1786 0
1787 1
1788 0
1789 0
1790 0
1791 0
1792 1
1793 0
1794 2
1795 0
1796 1
1797 0
1798 0
1799 1
1800 0
1801 0
1802 0
1803 0
1804 1
1805 0
1806 1
1807 0
1808 2
1809 0
1810 0
1811 0
1812 1
1813 0
1814 0
1815 1
1816 0
1817 0
1818 0
1819 0
1820 0
1821 1
1822 0
1823 1
1824 0
1825 1
1826 1
1827 0
1828 1
1829 1
1830 1
1831 0
1832 0
1833 0
1834 0
1835 0
1836 1
1837 0
1838 0
1839 0
1840 0
1841 0
1842 1
1843 0
1844 0
1845 0
1846 0
1847 0
1848 0
1849 1
1850 0
1851 0
1852 0
1853 1
1854 0
1855 0
1856 1
1857 1
1858 0
1859 0
1860 0
1861 0
1862 1
1863 0
1864 0
1865 0
1866 1
1867 0
1868 0
1869 0
1870 1
1871 0
1872 1
1873 0
1874 0
1875 0
1876 1
1877 0
1878 0
1879 1
1880 0
1881 0
1882 1
1883 0
1884 0
1885 0
1886 0
1887 0
1888 1
1889 0
1890 0
1891 0
1892 0
1893 1
1894 0
1895 0
1896 1
1897 0
1898 1
1899 0
1900 0
1901 0
1902 0
1903 0
1904 0
1905 0
1906 0
1907 0
1908 0
1909 0
1910 0
1911 0
1912 0
1913 0
1914 0
1915 1
1916 0
1917 0
1918 2
1919 0
1920 0
1921 0
1922 0
1923 0
1924 1
1925 0
1926 0
1927 0
1928 0
1929 0
1930 1
1931 0
1932 0
1933 0
1934 0
1935 0
1936 1
1937 0
1938 0
1939 0
1940 0
1941 0
1942 0
1943 0
1944 0
1945 0
1946 0
1947 0
1948 0
1949 1
1950 0
1951 0
1952 1
1953 0
1954 0
1955 0
1956 0
1957 0
1958 0
1959 0
1960 0
1961 1
1962 0
1963 0
1964 0
1965 0
1966 0
1967 0
1968 0
1969 0
1970 0
1971 0
1972 0
1973 0
1974 0
1975 0
1976 2
1977 0
1978 0
1979 0
1980 0
1981 0
1982 0
1983 1
1984 0
1985 0
1986 1
1987 0
1988 0
1989 0
1990 2
1991 0
1992 0
1993 0
1994 0
1995 0
1996 0
1997 0
1998 0
1999 0
2000 0
2001 0
2002 0
2003 0
2004 0
2005 0
2006 0
2007 0
2008 1
2009 0
2010 0
2011 1
2012 0
2013 0
2014 0
2015 0
2016 0
2017 0
2018 0
2019 2
2020 0
2021 0
2022 0
2023 0
2024 0
2025 0
2026 0
2027 0
2028 0
2029 1
2030 0
2031 1
2032 0
2033 0
2034 0
2035 0
2036 0
2037 0
2038 0
2039 0
2040 1
2041 0
2042 1
2043 0
2044 0
2045 0
2046 0
2047 0
2048 1
2049 0
2050 1
2051 1
2052 1
2053 1
2054 0
2055 0
2056 0
2057 0
2058 0
2059 0
2060 0
2061 0
2062 0
2063 0
2064 0
2065 0
2066 0
2067 0
2068 0
2069 0
2070 0
2071 0
2072 0
2073 0
2074 2
2075 0
2114 0
2115 2
2116 0
2117 0
2118 0
2119 0
2120 0
2121 0
2122 1
2123 0
2124 0
2125 0
2126 0
2127 0
2128 0
2129 0
2130 0
2131 0
2132 0
2133 0
2134 0
2135 1
2136 0
2137 1
2138 0
2139 0
2140 0
2141 0
2142 0
2143 0
2144 0
2145 0
2146 0
2147 0
2148 0
2149 0
2150 1
2151 0
2152 0
2153 0
2154 0
2155 0
2156 0
2157 0
2158 0
2159 0
2160 0
2161 1
2162 0
2163 0
2164 0
2165 0
2166 0
2167 0
2168 0
2169 0
2170 0
2171 0
2172 0
2173 1
2174 0
2175 0
2176 0
2177 0
2178 0
2179 0
2180 0
2181 1
2182 0
2183 0
2184 0
2185 0
2186 0
2187 0
2188 0
2189 0
2190 0
2191 0
2192 0
2193 0
2194 1
2195 0
2196 0
2197 1
2198 0
2199 0
2200 1
2201 0
2202 1
2203 0
2204 1
2205 0
2206 0
2207 0
2208 0
2209 0
2210 0
2211 0
2212 0
2213 0
2214 0
2215 1
2216 0
2217 0
2218 0
2219 0
2220 0
2221 1
2222 0
2223 0
2224 0
2225 0
2226 1
2227 0
2228 0
2229 0
2230 0
2231 0
2232 0
2233 0
2234 0
2235 0
2236 0
2237 0
2238 0
2239 0
2240 0
2241 0
2242 0
2243 0
2244 1
2245 0
2246 0
2247 0
2248 1
2249 0
2250 0
2251 0
2252 0
2253 0
2254 0
2255 0
2256 0
2257 0
2258 0
2259 0
2260 0
2261 0
2262 0
2263 0
2264 0
2265 0
2266 0
2267 1
2268 0
2269 1
2270 0
2271 0
2272 0
2273 0
2274 1
2275 0
2276 0
2277 0
2278 0
2279 0
2280 0
2281 1
2282 0
2311 0
2312 1
2313 0
2314 1
2315 0
2316 0
2317 0
2318 0
2319 0
2320 0
2321 0
2322 0
2323 0
2324 1
2325 0
2326 2
2327 0
2328 0
2329 0
2330 0
2331 0
2332 1
2333 0
2334 0
2335 0
2336 0
2337 0
2338 0
2339 0
2340 0
2341 0
2342 0
2343 0
2344 0
2345 0
2346 0
2347 1
2348 0
2349 0
2350 0
2351 0
2352 0
2353 0
2354 0
2355 1
2356 0
2357 0
2358 0
2359 0
2360 1
2361 0
2362 1
2363 0
2364 0
2365 0
2366 0
2367 0
2368 0
2369 0
2370 0
2371 0
2372 0
2373 0
2374 0
2375 0
2376 1
2377 0
2416 0
2417 1
2418 0
2419 0
2420 0
2421 0
2422 0
2423 0
2424 0
2425 1
2426 0
2427 0
2428 0
2429 0
2430 1
2431 0
2432 0
2433 0
2434 0
2435 0
2436 0
2437 0
2438 0
2439 0
2440 0
2441 0
2442 0
2443 0
2444 0
2445 0
2446 0
2447 1
2448 0
2449 0
2450 0
2451 0
2452 0
2453 1
2454 0
2455 0
2456 0
2457 0
2458 0
2459 0
2460 0
2461 1
2462 0
2463 0
2464 1
2465 0
2466 0
2467 0
2468 0
2469 0
2470 1
2471 0
2491 0
2492 1
2493 0
2494 0
2495 0
2496 0
2497 0
2498 0
2499 1
2500 0
2564 0
2565 1
2566 0
2567 0
2568 0
2569 0
2570 0
2571 0
2572 0
2573 0
2574 0
2575 0
2576 0
2577 1
2578 0
2579 0
2580 0
2581 0
2582 0
2583 0
2584 0
2585 0
2586 0
2587 0
2588 0
2589 0
2590 0
2591 0
2592 0
2593 0
2594 0
2595 0
2596 0
2597 0
2598 1
2599 0
2600 0
2601 0
2602 0
2603 0
2604 0
2605 0
2606 0
2607 0
2608 0
2609 0
2610 0
2611 0
2612 0
2613 0
2614 0
2615 0
2616 0
2617 0
2618 1
2619 0
2620 0
2621 0
2622 0
2623 0
2624 0
2625 0
2626 0
2627 0
2628 0
2629 0
2630 0
2631 0
2632 0
2633 0
2634 0
2635 1
2636 0
2637 0
2638 0
2639 0
2640 1
2641 0
2642 0
2643 0
2644 1
2645 0
2646 0
2647 0
2648 0
2649 0
2650 0
2651 0
2652 0
2653 0
2654 0
2655 0
2656 0
2657 0
2658 0
2659 1
2660 0
2694 0
2695 1
2696 0
2743 0
2744 1
2745 0
2746 0
2747 0
2748 0
2749 0
2750 1
2751 0
2864 0
2865 1
2866 0
2933 0
2934 1
2935 0
3079 0
3080 1
3081 0
3108 0
3109 1
3110 0
3149 0
3150 1
3151 0
3179 0
3180 1
3181 0
3182 0
3183 0
3184 0
3185 0
3186 0
3187 0
3188 0
3189 0
3190 0
3191 0
3192 0
3193 0
3194 0
3195 0
3196 0
3197 1
3198 0
3278 0
3279 1
3280 0
3281 0
3282 0
3283 0
3284 0
3285 0
3286 0
3287 0
3288 0
3289 0
3290 0
3291 0
3292 0
3293 0
3294 0
3295 0
3296 0
3297 1
3298 0
3299 0
3300 0
3301 0
3302 0
3303 0
3304 0
3305 0
3306 0
3307 0
3308 0
3309 0
3310 0
3311 0
3312 0
3313 0
3314 0
3315 0
3316 0
3317 0
3318 1
3319 0
3320 0
3321 0
3322 0
3323 0
3324 0
3325 0
3326 0
3327 0
3328 0
3329 0
3330 0
3331 0
3332 0
3333 0
3334 0
3335 0
3336 1
3337 0
3338 0
3339 1
3340 0
3365 0
3366 1
3367 0
3368 0
3369 1
3370 0
3408 0
3409 1
3410 0
3411 0
3412 0
3413 0
3414 0
3415 0
3416 0
3417 0
3418 0
3419 0
3420 0
3421 0
3422 0
3423 0
3424 0
3425 0
3426 0
3427 1
3428 0
3498 0
3499 1
3500 0
3568 0
3569 1
3570 0
3614 0
3615 1
3616 1
3617 0
3703 0
3704 1
3705 0
3856 0
3857 1
3858 0
3943 0
3944 1
3945 0
3996 0
3997 1
3998 0
4032 0
4033 1
4034 0
4094 0
4095 40786
OK
