Histogram of ADC2:
0 532026
1 1
2 1
3 1
4 0
5 1
6 1
7 0
8 0
9 0
10 0
11 0
12 1
13 1
14 0
15 0
16 0
17 0
18 0
19 0
20 1
21 1
22 0
53 0
54 3
55 0
56 1
57 0
82 0
83 1
84 0
85 0
86 0
87 0
88 0
89 0
90 0
91 1
92 0
93 0
94 0
95 0
96 0
97 0
98 0
99 0
100 0
101 0
102 0
103 0
104 1
105 1
106 0
107 0
108 1
109 1
110 0
111 0
112 0
113 0
114 0
115 0
116 0
117 0
118 0
119 0
120 0
121 0
122 0
123 0
124 1
125 2
126 3
127 7
128 9
129 21
130 20
131 30
132 36
133 38
134 51
135 52
136 60
137 102
138 91
139 90
140 69
141 76
142 87
143 61
144 78
145 82
146 68
147 54
148 74
149 67
150 63
151 46
152 45
153 39
154 33
155 32
156 22
157 19
158 8
159 7
160 5
161 2
162 0
2056 0
2057 1
2058 0
OK
