Histogram of ADC0:
0 532025
1 0
2 0
3 1
4 0
36 0
37 1
38 0
112 0
113 1
114 0
115 0
116 0
117 0
118 0
119 0
120 0
121 0
122 0
123 0
124 0
125 0
126 0
127 0
128 0
129 1
130 0
131 0
132 0
133 0
134 0
135 0
136 0
137 1
138 0
180 0
181 1
182 0
208 0
209 1
210 0
352 0
353 1
354 0
935 0
936 1
937 0
1863 0
1864 1
1865 0
1931 0
1932 1
1933 0
2026 0
2027 1
2028 0
2075 0
2076 1
2077 0
2078 0
2079 0
2080 0
2081 0
2082 0
2083 0
2084 0
2085 0
2086 0
2087 0
2088 1
2089 0
2343 0
2344 1
2345 0
2457 0
2458 1
2459 0
2719 0
2720 1
2721 0
2722 0
2723 0
2724 0
2725 0
2726 0
2727 0
2728 0
2729 0
2730 0
2731 0
2732 0
2733 0
2734 1
2735 0
2777 0
2778 1
2779 0
2871 0
2872 1
2873 0
2995 0
2996 1
2997 0
3027 0
3028 1
3029 0
3088 0
3089 2
3090 0
3091 0
3092 0
3093 0
3094 0
3095 0
3096 0
3097 0
3098 0
3099 0
3100 1
3101 0
3102 0
3103 0
3104 0
3105 0
3106 0
3107 0
3108 0
3109 0
3110 0
3111 0
3112 0
3113 0
3114 0
3115 0
3116 0
3117 0
3118 0
3119 0
3120 1
3121 0
3122 0
3123 0
3124 0
3125 0
3126 0
3127 0
3128 0
3129 0
3130 0
3131 0
3132 1
3133 1
3134 0
3135 1
3136 0
3163 0
3164 1
3165 1
3166 0
3167 0
3168 0
3169 1
3170 0
3171 0
3172 0
3173 0
3174 0
3175 0
3176 1
3177 0
3178 1
3179 0
3180 1
3181 0
3182 0
3183 0
3184 5
3185 1
3186 0
3187 0
3188 0
3189 0
3190 0
3191 0
3192 0
3193 1
3194 0
3195 1
3196 0
3197 0
3198 0
3199 0
3200 0
3201 0
3202 0
3203 0
3204 0
3205 0
3206 0
3207 0
3208 0
3209 0
3210 0
3211 0
3212 0
3213 0
3214 0
3215 0
3216 6
3217 0
3218 0
3219 0
3220 1
3221 0
3222 1
3223 2
3224 6
3225 1
3226 1
3227 0
3228 4
3229 2
3230 1
3231 1
3232 1
3233 0
3234 0
3235 0
3236 0
3237 0
3238 1
3239 0
3240 0
3241 1
3242 0
3243 0
3244 1
3245 0
3246 0
3247 0
3248 6
3249 4
3250 1
3251 0
3252 1
3253 0
3254 0
3255 0
3256 1
3257 2
3258 0
3259 0
3260 2
3261 8
3262 1
3263 5
3264 0
3265 0
3266 0
3267 0
3268 1
3269 0
3270 0
3271 0
3272 1
3273 0
3274 0
3275 0
3276 0
3277 0
3278 0
3279 0
3280 6
3281 0
3282 1
3283 1
3284 1
3285 0
3286 1
3287 1
3288 8
3289 0
3290 1
3291 0
3292 3
3293 0
3294 0
3295 2
3296 3
3297 6
3298 0
3299 0
3300 1
3301 0
3302 0
3303 0
3304 0
3305 0
3306 0
3307 0
3308 0
3309 0
3310 0
3311 0
3312 6
3313 4
3314 1
3315 0
3316 1
3317 0
3318 2
3319 2
3320 5
3321 5
3322 1
3323 1
3324 3
3325 1
3326 0
3327 1
3328 2
3329 2
3330 0
3331 0
3332 0
3333 0
3334 0
3335 0
3336 1
3337 1
3338 2
3339 0
3340 0
3341 0
3342 1
3343 0
3344 7
3345 4
3346 1
3347 1
3348 5
3349 0
3350 1
3351 0
3352 10
3353 1
3354 3
3355 0
3356 6
3357 0
3358 2
3359 2
3360 6
3361 5
3362 3
3363 1
3364 0
3365 0
3366 1
3367 0
3368 0
3369 2
3370 0
3371 0
3372 0
3373 0
3374 0
3375 1
3376 9
3377 4
3378 5
3379 3
3380 4
3381 1
3382 4
3383 4
3384 8
3385 8
3386 0
3387 2
3388 4
3389 10
3390 3
3391 6
3392 3
3393 3
3394 1
3395 2
3396 2
3397 0
3398 2
3399 1
3400 1
3401 0
3402 0
3403 2
3404 0
3405 0
3406 0
3407 0
3408 6
3409 0
3410 5
3411 4
3412 2
3413 2
3414 3
3415 1
3416 8
3417 1
3418 2
3419 1
3420 4
3421 1
3422 4
3423 7
3424 10
3425 11
3426 1
3427 8
3428 2
3429 3
3430 2
3431 2
3432 2
3433 4
3434 0
3435 0
3436 2
3437 2
3438 0
3439 0
3440 11
3441 14
3442 3
3443 5
3444 7
3445 4
3446 2
3447 4
3448 5
3449 6
3450 7
3451 5
3452 7
3453 4
3454 4
3455 4
3456 2
3457 1
3458 3
3459 0
3460 3
3461 2
3462 5
3463 4
3464 1
3465 0
3466 3
3467 0
3468 0
3469 0
3470 1
3471 1
3472 6
3473 3
3474 1
3475 3
3476 6
3477 0
3478 6
3479 2
3480 6
3481 0
3482 7
3483 0
3484 7
3485 1
3486 4
3487 3
3488 4
3489 9
3490 0
3491 7
3492 6
3493 2
3494 3
3495 2
3496 3
3497 0
3498 1
3499 4
3500 1
3501 5
3502 1
3503 0
3504 6
3505 7
3506 4
3507 2
3508 4
3509 1
3510 1
3511 3
3512 7
3513 1
3514 6
3515 1
3516 3
3517 2
3518 6
3519 3
3520 5
3521 4
3522 9
3523 8
3524 0
3525 1
3526 1
3527 3
3528 9
3529 0
3530 3
3531 2
3532 0
3533 2
3534 2
3535 1
3536 2
3537 0
3538 4
3539 6
3540 2
3541 0
3542 4
3543 4
3544 8
3545 0
3546 7
3547 6
3548 3
3549 0
3550 5
3551 8
3552 7
3553 11
3554 5
3555 7
3556 4
3557 2
3558 3
3559 8
3560 3
3561 1
3562 0
3563 2
3564 1
3565 0
3566 1
3567 3
3568 1
3569 4
3570 5
3571 11
3572 0
3573 6
3574 2
3575 10
3576 2
3577 2
3578 0
3579 5
3580 1
3581 1
3582 1
3583 5
3584 0
3585 1
3586 4
3587 6
3588 2
3589 1
3590 5
3591 12
3592 5
3593 0
3594 2
3595 5
3596 5
3597 1
3598 2
3599 3
3600 4
3601 0
3602 7
3603 4
3604 1
3605 0
3606 2
3607 3
3608 2
3609 1
3610 2
3611 1
3612 0
3613 0
3614 2
3615 2
3616 3
3617 6
3618 2
3619 4
3620 1
3621 0
3622 8
3623 9
3624 1
3625 4
3626 1
3627 4
3628 2
3629 4
3630 1
3631 4
3632 0
3633 2
3634 0
3635 1
3636 1
3637 0
3638 0
3639 1
3640 3
3641 1
3642 2
3643 3
3644 2
3645 2
3646 2
3647 2
3648 3
3649 11
3650 9
3651 5
3652 2
3653 3
3654 3
3655 12
3656 2
3657 3
3658 1
3659 9
3660 5
3661 2
3662 3
3663 13
3664 1
3665 0
3666 1
3667 3
3668 0
3669 0
3670 1
3671 4
3672 1
3673 0
3674 1
3675 2
3676 3
3677 1
3678 4
3679 7
3680 3
3681 8
3682 4
3683 1
3684 2
3685 1
3686 4
3687 6
3688 4
3689 3
3690 0
3691 4
3692 2
3693 3
3694 4
3695 4
3696 0
3697 0
3698 1
3699 1
3700 1
3701 0
3702 0
3703 1
3704 3
3705 1
3706 0
3707 1
3708 1
3709 2
3710 2
3711 1
3712 12
3713 2
3714 3
3715 4
3716 6
3717 4
3718 8
3719 11
3720 2
3721 4
3722 1
3723 2
3724 5
3725 4
3726 5
3727 11
3728 0
3729 0
3730 0
3731 0
3732 0
3733 0
3734 1
3735 0
3736 1
3737 0
3738 2
3739 3
3740 2
3741 0
3742 4
3743 1
3744 2
3745 4
3746 0
3747 1
3748 4
3749 4
3750 2
3751 4
3752 1
3753 3
3754 1
3755 3
3756 2
3757 2
3758 6
3759 6
3760 0
3761 0
3762 0
3763 0
3764 0
3765 1
3766 0
3767 2
3768 0
3769 0
3770 1
3771 3
3772 2
3773 0
3774 3
3775 1
3776 4
3777 2
3778 1
3779 2
3780 1
3781 3
3782 2
3783 7
3784 2
3785 3
3786 1
3787 4
3788 2
3789 9
3790 4
3791 12
3792 1
3793 0
3794 0
3795 0
3796 0
3797 0
3798 0
3799 2
3800 0
3801 0
3802 0
3803 0
3804 1
3805 1
3806 1
3807 4
3808 0
3809 1
3810 0
3811 3
3812 2
3813 2
3814 2
3815 1
3816 0
3817 1
3818 0
3819 1
3820 5
3821 3
3822 1
3823 4
3824 0
3825 0
3826 0
3827 0
3828 0
3829 0
3830 0
3831 1
3832 2
3833 0
3834 0
3835 0
3836 0
3837 1
3838 0
3839 1
3840 3
3841 1
3842 0
3843 1
3844 5
3845 4
3846 5
3847 2
3848 1
3849 1
3850 0
3851 1
3852 7
3853 3
3854 14
3855 7
3856 0
3857 0
3858 1
3859 0
3860 0
3861 1
3862 0
3863 1
3864 0
3865 0
3866 0
3867 0
3868 0
3869 0
3870 3
3871 1
3872 0
3873 1
3874 1
3875 0
3876 2
3877 0
3878 0
3879 3
3880 0
3881 0
3882 1
3883 0
3884 5
3885 4
3886 1
3887 4
3888 0
3889 0
3890 0
3891 0
3892 0
3893 0
3894 0
3895 0
3896 0
3897 0
3898 0
3899 0
3900 0
3901 1
3902 0
3903 1
3904 1
3905 0
3906 0
3907 1
3908 2
3909 1
3910 2
3911 3
3912 1
3913 1
3914 1
3915 0
3916 3
3917 0
3918 3
3919 3
3920 0
3921 0
3922 0
3923 0
3924 0
3925 0
3926 0
3927 0
3928 0
3929 0
3930 0
3931 1
3932 0
3933 0
3934 1
3935 0
3936 0
3937 0
3938 0
3939 0
3940 1
3941 0
3942 0
3943 0
3944 0
3945 0
3946 0
3947 0
3948 0
3949 0
3950 1
3951 1
3952 0
3953 0
3954 0
3955 0
3956 0
3957 0
3958 0
3959 0
3960 0
3961 1
3962 0
3963 0
3964 0
3965 0
3966 1
3967 0
3968 0
3969 0
3970 0
3971 0
3972 2
3973 0
3974 0
3975 1
3976 2
3977 0
3978 0
3979 0
3980 1
3981 0
3982 1
3983 2
3984 0
3985 0
3986 0
3987 0
3988 0
3989 0
3990 0
3991 0
3992 0
3993 0
3994 0
3995 0
3996 0
3997 0
3998 0
3999 1
4000 0
4001 0
4002 0
4003 0
4004 0
4005 0
4006 0
4007 1
4008 0
4009 0
4010 0
4011 0
4012 1
4013 0
4014 1
4015 0
4038 0
4039 1
4040 0
4041 0
4042 0
4043 0
4044 2
4045 0
4075 0
4076 1
4077 0
4078 0
4079 0
4080 0
4081 0
4082 0
4083 0
4084 0
4085 0
4086 0
4087 0
4088 0
4089 0
4090 0
4091 0
4092 0
4093 0
4094 0
4095 1
OK
