Histogram of ADC12:
12 0
13 20
14 1612
15 2024
16 553
17 191
18 94
19 41
20 28
21 11
22 8
23 6
24 8
25 8
26 4
27 3
28 0
29 0
30 1
31 1
32 2
33 1
34 1
35 0
36 0
37 0
38 1
39 0
40 0
41 0
42 0
43 0
44 0
45 0
46 0
47 0
48 0
49 0
50 0
51 0
52 0
53 0
54 0
55 0
56 1
57 0
58 0
59 0
60 0
61 0
62 1
63 1
64 0
65 0
66 0
67 0
68 0
69 0
70 0
71 11
72 44
73 300
74 1236
75 3442
76 6758
77 9302
78 9177
79 6181
80 2995
81 1027
82 259
83 47
84 7
85 1
86 0
87 0
88 0
89 1
90 0
91 0
92 0
93 0
94 0
95 0
96 0
97 0
98 0
99 0
100 0
101 0
102 0
103 0
104 0
105 1
106 0
4094 0
4095 1
OK
