Histogram of ADC0:
297 0
298 1
299 0
300 1
301 0
302 3
303 2
304 1
305 1
306 1
307 0
308 1
309 2
310 0
311 1
312 0
313 0
314 0
315 0
316 1
317 1
318 2
319 0
320 0
321 0
322 1
323 0
324 0
325 0
326 0
327 0
328 0
329 0
330 0
331 1
332 0
635 0
636 1
637 0
638 0
639 0
640 1
641 0
642 0
643 0
644 1
645 0
646 0
647 2
648 0
649 1
650 3
651 1
652 3
653 1
654 0
655 1
656 1
657 2
658 3
659 0
660 2
661 3
662 4
663 6
664 3
665 1
666 6
667 1
668 6
669 9
670 3
671 7
672 7
673 8
674 7
675 10
676 9
677 5
678 14
679 13
680 13
681 18
682 14
683 7
684 7
685 15
686 10
687 6
688 14
689 10
690 14
691 6
692 14
693 5
694 11
695 10
696 9
697 14
698 18
699 13
700 16
701 13
702 19
703 15
704 17
705 18
706 17
707 11
708 13
709 18
710 20
711 15
712 14
713 10
714 16
715 17
716 20
717 17
718 13
719 12
720 13
721 13
722 23
723 11
724 18
725 24
726 11
727 20
728 17
729 18
730 22
731 14
732 18
733 17
734 14
735 10
736 19
737 14
738 18
739 13
740 16
741 22
742 12
743 15
744 12
745 13
746 16
747 13
748 26
749 15
750 25
751 12
752 16
753 9
754 9
755 8
756 13
757 11
758 10
759 14
760 11
761 16
762 10
763 15
764 9
765 11
766 14
767 21
768 15
769 14
770 8
771 15
772 12
773 11
774 12
775 13
776 14
777 19
778 11
779 9
780 14
781 11
782 16
783 19
784 7
785 11
786 12
787 9
788 18
789 14
790 18
791 11
792 22
793 12
794 12
795 13
796 13
797 10
798 11
799 17
800 11
801 12
802 6
803 8
804 10
805 12
806 9
807 12
808 11
809 3
810 11
811 13
812 15
813 15
814 20
815 6
816 16
817 6
818 13
819 10
820 10
821 22
822 14
823 10
824 7
825 10
826 11
827 11
828 11
829 13
830 8
831 7
832 19
833 15
834 6
835 10
836 18
837 16
838 10
839 12
840 9
841 15
842 12
843 2
844 9
845 14
846 12
847 7
848 10
849 13
850 7
851 6
852 15
853 14
854 14
855 10
856 8
857 8
858 11
859 8
860 5
861 11
862 9
863 7
864 10
865 8
866 9
867 6
868 6
869 14
870 6
871 8
872 9
873 8
874 8
875 12
876 8
877 6
878 10
879 11
880 13
881 8
882 8
883 8
884 5
885 8
886 5
887 6
888 8
889 8
890 2
891 5
892 3
893 17
894 11
895 6
896 12
897 4
898 7
899 6
900 7
901 9
902 7
903 9
904 10
905 8
906 9
907 10
908 9
909 6
910 8
911 9
912 6
913 5
914 6
915 5
916 7
917 9
918 3
919 9
920 8
921 7
922 3
923 10
924 11
925 9
926 9
927 3
928 6
929 6
930 7
931 3
932 6
933 6
934 4
935 8
936 7
937 3
938 8
939 1
940 6
941 11
942 5
943 9
944 3
945 6
946 8
947 2
948 6
949 4
950 4
951 6
952 5
953 9
954 4
955 4
956 6
957 2
958 6
959 6
960 7
961 3
962 7
963 5
964 6
965 4
966 5
967 6
968 5
969 6
970 3
971 4
972 4
973 5
974 4
975 7
976 6
977 2
978 14
979 4
980 4
981 7
982 1
983 5
984 6
985 8
986 3
987 5
988 4
989 6
990 1
991 4
992 6
993 3
994 1
995 4
996 5
997 1
998 2
999 6
1000 2
1001 8
1002 7
1003 1
1004 10
1005 5
1006 2
1007 2
1008 5
1009 3
1010 7
1011 5
1012 2
1013 5
1014 4
1015 3
1016 5
1017 4
1018 5
1019 3
1020 9
1021 3
1022 3
1023 1
1024 2
1025 4
1026 3
1027 3
1028 3
1029 6
1030 2
1031 4
1032 3
1033 4
1034 5
1035 4
1036 3
1037 3
1038 6
1039 2
1040 5
1041 7
1042 3
1043 0
1044 5
1045 5
1046 3
1047 6
1048 4
1049 4
1050 3
1051 4
1052 3
1053 3
1054 2
1055 6
1056 2
1057 2
1058 3
1059 6
1060 3
1061 2
1062 4
1063 2
1064 4
1065 1
1066 2
1067 2
1068 7
1069 4
1070 2
1071 5
1072 0
1073 3
1074 3
1075 2
1076 3
1077 1
1078 2
1079 1
1080 3
1081 5
1082 2
1083 1
1084 4
1085 3
1086 5
1087 2
1088 3
1089 2
1090 3
1091 4
1092 4
1093 0
1094 2
1095 3
1096 2
1097 3
1098 3
1099 2
1100 5
1101 2
1102 3
1103 2
1104 4
1105 0
1106 4
1107 4
1108 5
1109 2
1110 2
1111 1
1112 2
1113 5
1114 1
1115 1
1116 3
1117 1
1118 4
1119 4
1120 3
1121 4
1122 7
1123 1
1124 5
1125 3
1126 4
1127 0
1128 2
1129 0
1130 8
1131 3
1132 4
1133 2
1134 2
1135 3
1136 2
1137 2
1138 1
1139 1
1140 2
1141 1
1142 4
1143 1
1144 7
1145 2
1146 4
1147 0
1148 2
1149 3
1150 1
1151 0
1152 2
1153 1
1154 4
1155 1
1156 0
1157 2
1158 4
1159 1
1160 2
1161 3
1162 2
1163 1
1164 2
1165 2
1166 4
1167 5
1168 4
1169 4
1170 0
1171 2
1172 2
1173 3
1174 0
1175 3
1176 1
1177 3
1178 1
1179 5
1180 3
1181 4
1182 2
1183 0
1184 0
1185 1
1186 0
1187 2
1188 0
1189 2
1190 3
1191 4
1192 3
1193 3
1194 0
1195 3
1196 0
1197 2
1198 2
1199 4
1200 2
1201 1
1202 2
1203 2
1204 3
1205 2
1206 1
1207 2
1208 3
1209 1
1210 3
1211 1
1212 4
1213 3
1214 1
1215 1
1216 1
1217 0
1218 7
1219 0
1220 1
1221 1
1222 1
1223 2
1224 3
1225 1
1226 1
1227 3
1228 3
1229 0
1230 3
1231 1
1232 2
1233 2
1234 0
1235 1
1236 0
1237 1
1238 0
1239 1
1240 1
1241 0
1242 0
1243 1
1244 0
1245 3
1246 1
1247 0
1248 3
1249 2
1250 0
1251 0
1252 0
1253 2
1254 0
1255 1
1256 0
1257 1
1258 0
1259 0
1260 1
1261 3
1262 0
1263 2
1264 3
1265 4
1266 0
1267 2
1268 1
1269 2
1270 0
1271 0
1272 0
1273 0
1274 2
1275 1
1276 2
1277 2
1278 1
1279 2
1280 3
1281 5
1282 2
1283 1
1284 1
1285 1
1286 0
1287 0
1288 1
1289 2
1290 0
1291 0
1292 1
1293 3
1294 4
1295 1
1296 2
1297 0
1298 1
1299 2
1300 1
1301 1
1302 1
1303 2
1304 0
1305 1
1306 2
1307 0
1308 0
1309 0
1310 2
1311 3
1312 2
1313 0
1314 0
1315 0
1316 0
1317 0
1318 2
1319 3
1320 0
1321 0
1322 3
1323 2
1324 2
1325 1
1326 0
1327 0
1328 1
1329 1
1330 3
1331 0
1332 1
1333 1
1334 3
1335 1
1336 0
1337 2
1338 1
1339 1
1340 0
1341 0
1342 0
1343 1
1344 0
1345 1
1346 2
1347 1
1348 2
1349 2
1350 0
1351 1
1352 2
1353 0
1354 1
1355 3
1356 0
1357 2
1358 3
1359 1
1360 0
1361 1
1362 0
1363 2
1364 0
1365 2
1366 1
1367 1
1368 1
1369 0
1370 1
1371 0
1372 1
1373 1
1374 1
1375 1
1376 4
1377 2
1378 0
1379 1
1380 4
1381 2
1382 0
1383 2
1384 2
1385 1
1386 0
1387 2
1388 0
1389 2
1390 2
1391 3
1392 1
1393 3
1394 3
1395 1
1396 2
1397 3
1398 0
1399 0
1400 2
1401 0
1402 1
1403 0
1404 1
1405 1
1406 0
1407 1
1408 0
1409 1
1410 2
1411 1
1412 0
1413 1
1414 2
1415 1
1416 1
1417 1
1418 1
1419 1
1420 0
1421 0
1422 1
1423 0
1424 0
1425 3
1426 1
1427 0
1428 0
1429 1
1430 0
1431 1
1432 0
1433 0
1434 1
1435 0
1436 0
1437 0
1438 2
1439 0
1440 1
1441 0
1442 0
1443 1
1444 0
1445 4
1446 0
1447 1
1448 0
1449 0
1450 0
1451 0
1452 1
1453 1
1454 0
1455 0
1456 3
1457 0
1458 0
1459 1
1460 1
1461 0
1462 0
1463 1
1464 1
1465 0
1466 0
1467 0
1468 1
1469 2
1470 0
1471 0
1472 1
1473 0
1474 0
1475 0
1476 1
1477 0
1478 0
1479 0
1480 2
1481 0
1482 0
1483 0
1484 1
1485 0
1486 0
1487 0
1488 1
1489 1
1490 1
1491 0
1492 1
1493 0
1494 1
1495 1
1496 1
1497 0
1498 2
1499 1
1500 1
1501 0
1502 0
1503 1
1504 2
1505 2
1506 1
1507 2
1508 1
1509 1
1510 1
1511 0
1512 2
1513 0
1514 0
1515 0
1516 0
1517 0
1518 1
1519 0
1520 0
1521 0
1522 0
1523 2
1524 1
1525 0
1526 0
1527 2
1528 2
1529 1
1530 1
1531 0
1532 0
1533 0
1534 2
1535 1
1536 0
1537 1
1538 0
1539 1
1540 0
1541 0
1542 0
1543 0
1544 1
1545 0
1546 0
1547 0
1548 1
1549 0
1550 1
1551 0
1552 0
1553 0
1554 0
1555 1
1556 1
1557 2
1558 1
1559 0
1560 0
1561 0
1562 0
1563 3
1564 1
1565 1
1566 1
1567 0
1568 1
1569 0
1570 0
1571 2
1572 0
1573 3
1574 3
1575 0
1576 0
1577 0
1578 0
1579 0
1580 1
1581 1
1582 1
1583 0
1584 0
1585 2
1586 0
1587 0
1588 0
1589 1
1590 0
1591 0
1592 0
1593 0
1594 0
1595 1
1596 0
1597 0
1598 0
1599 0
1600 0
1601 1
1602 0
1603 1
1604 0
1605 1
1606 2
1607 0
1608 2
1609 0
1610 0
1611 1
1612 1
1613 0
1614 0
1615 1
1616 2
1617 0
1618 1
1619 0
1620 1
1621 0
1622 1
1623 0
1624 0
1625 0
1626 0
1627 1
1628 0
1629 1
1630 0
1631 1
1632 0
1633 2
1634 0
1635 0
1636 0
1637 0
1638 1
1639 0
1640 0
1641 1
1642 1
1643 0
1644 1
1645 1
1646 0
1647 0
1648 0
1649 0
1650 0
1651 0
1652 1
1653 0
1654 1
1655 0
1656 0
1657 0
1658 0
1659 0
1660 0
1661 0
1662 1
1663 0
1664 0
1665 1
1666 2
1667 1
1668 0
1669 0
1670 0
1671 0
1672 0
1673 2
1674 0
1675 0
1676 0
1677 0
1678 0
1679 1
1680 0
1681 1
1682 0
1683 0
1684 0
1685 1
1686 0
1687 0
1688 0
1689 0
1690 0
1691 1
1692 0
1693 1
1694 0
1695 1
1696 2
1697 0
1698 0
1699 0
1700 0
1701 1
1702 1
1703 0
1704 0
1705 1
1706 2
1707 0
1708 0
1709 1
1710 0
1711 1
1712 0
1713 0
1714 1
1715 0
1716 0
1717 1
1718 1
1719 0
1720 0
1721 0
1722 0
1723 0
1724 0
1725 0
1726 1
1727 0
1728 0
1729 0
1730 0
1731 0
1732 0
1733 0
1734 1
1735 0
1736 0
1737 0
1738 0
1739 1
1740 0
1741 0
1742 0
1743 0
1744 2
1745 0
1746 1
1747 0
1748 1
1749 1
1750 3
1751 0
1752 1
1753 0
1754 0
1755 2
1756 0
1757 0
1758 1
1759 0
1760 0
1761 0
1762 0
1763 0
1764 0
1765 0
1766 0
1767 0
1768 1
1769 0
1770 0
1771 0
1772 0
1773 0
1774 0
1775 1
1776 0
1777 0
1778 0
1779 0
1780 0
1781 0
1782 0
1783 0
1784 0
1785 1
1786 0
1787 0
1788 0
1789 0
1790 0
1791 0
1792 1
1793 0
1794 0
1795 0
1796 0
1797 0
1798 2
1799 0
1800 0
1801 0
1802 0
1803 0
1804 0
1805 0
1806 2
1807 0
1808 0
1809 0
1810 0
1811 1
1812 1
1813 1
1814 0
1815 0
1816 1
1817 0
1818 0
1819 1
1820 0
1821 1
1822 1
1823 0
1824 2
1825 1
1826 0
1827 0
1828 0
1829 0
1830 0
1831 0
1832 0
1833 1
1834 0
1835 0
1836 0
1837 0
1838 1
1839 0
1840 0
1841 0
1842 0
1843 1
1844 0
1845 0
1846 1
1847 1
1848 0
1849 0
1850 0
1851 1
1852 0
1853 0
1854 2
1855 0
1856 1
1857 0
1858 0
1859 1
1860 0
1861 1
1862 0
1863 0
1864 2
1865 0
1866 2
1867 0
1868 0
1869 0
1870 0
1871 0
1872 0
1873 1
1874 0
1875 0
1876 0
1877 0
1878 2
1879 1
1880 0
1881 0
1882 1
1883 0
1884 0
1885 1
1886 1
1887 0
1888 1
1889 0
1890 0
1891 0
1892 1
1893 0
1894 1
1895 0
1896 0
1897 0
1898 0
1899 1
1900 0
1901 1
1902 0
1903 0
1904 0
1905 0
1906 0
1907 1
1908 1
1909 0
1910 0
1911 0
1912 0
1913 0
1914 0
1915 1
1916 1
1917 0
1918 0
1919 0
1920 0
1921 0
1922 0
1923 0
1924 0
1925 0
1926 0
1927 0
1928 0
1929 0
1930 0
1931 0
1932 1
1933 0
1934 0
1935 0
1936 0
1937 0
1938 0
1939 0
1940 0
1941 0
1942 0
1943 0
1944 1
1945 0
1946 0
1947 0
1948 0
1949 1
1950 0
1951 0
1952 0
1953 0
1954 0
1955 0
1956 0
1957 0
1958 0
1959 1
1960 0
1961 0
1962 0
1963 1
1964 0
1965 0
1966 0
1967 0
1968 1
1969 0
1970 0
1971 0
1972 0
1973 0
1974 0
1975 0
1976 0
1977 0
1978 0
1979 0
1980 0
1981 0
1982 1
1983 0
1984 0
1985 0
1986 1
1987 0
1988 0
1989 2
1990 0
1991 0
1992 0
1993 1
1994 0
1995 0
1996 0
1997 0
1998 1
1999 0
2000 0
2001 0
2002 0
2003 0
2004 0
2005 0
2006 1
2007 0
2008 0
2009 0
2010 0
2011 0
2012 0
2013 0
2014 0
2015 0
2016 0
2017 0
2018 0
2019 0
2020 0
2021 0
2022 0
2023 0
2024 0
2025 1
2026 0
2027 0
2028 0
2029 0
2030 0
2031 0
2032 1
2033 0
2034 0
2035 0
2036 0
2037 0
2038 0
2039 0
2040 0
2041 0
2042 0
2043 0
2044 0
2045 0
2046 0
2047 0
2048 0
2049 2
2050 1
2051 0
2052 0
2053 0
2054 0
2055 0
2056 1
2057 0
2058 1
2059 0
2060 0
2061 0
2062 0
2063 0
2064 0
2065 0
2066 0
2067 0
2068 0
2069 0
2070 0
2071 0
2072 2
2073 1
2074 0
2075 0
2076 1
2077 0
2078 0
2079 0
2080 0
2081 0
2082 0
2083 1
2084 0
2085 0
2086 0
2087 0
2088 0
2089 0
2090 1
2091 0
2092 1
2093 0
2094 0
2095 1
2096 0
2097 0
2098 0
2099 0
2100 0
2101 0
2102 1
2103 0
2104 0
2105 0
2106 0
2107 0
2108 0
2109 0
2110 0
2111 0
2112 0
2113 0
2114 1
2115 0
2116 0
2117 0
2118 0
2119 0
2120 0
2121 0
2122 0
2123 0
2124 1
2125 1
2126 0
2127 0
2128 0
2129 0
2130 0
2131 0
2132 0
2133 0
2134 0
2135 0
2136 0
2137 0
2138 0
2139 0
2140 0
2141 0
2142 0
2143 0
2144 1
2145 1
2146 0
2147 0
2148 0
2149 0
2150 0
2151 1
2152 0
2153 0
2154 0
2155 1
2156 0
2157 0
2158 0
2159 0
2160 2
2161 0
2162 1
2163 0
2164 0
2165 0
2166 0
2167 0
2168 0
2169 0
2170 0
2171 0
2172 1
2173 0
2174 0
2175 0
2176 0
2177 0
2178 0
2179 0
2180 0
2181 0
2182 0
2183 0
2184 0
2185 0
2186 0
2187 0
2188 0
2189 1
2190 0
2191 0
2192 0
2193 0
2194 0
2195 0
2196 0
2197 0
2198 0
2199 0
2200 0
2201 0
2202 0
2203 0
2204 0
2205 0
2206 2
2207 1
2208 0
2209 0
2210 1
2211 0
2212 0
2213 0
2214 0
2215 0
2216 0
2217 0
2218 0
2219 0
2220 0
2221 0
2222 1
2223 0
2224 0
2225 0
2226 0
2227 0
2228 1
2229 0
2230 0
2231 0
2232 0
2233 0
2234 0
2235 0
2236 0
2237 0
2238 0
2239 0
2240 1
2241 0
2242 1
2243 0
2244 0
2245 0
2246 0
2247 0
2248 0
2249 0
2250 1
2251 0
2252 0
2253 0
2254 2
2255 1
2256 0
2257 0
2258 0
2259 0
2260 0
2261 0
2262 0
2263 1
2264 0
2265 0
2266 0
2267 0
2268 0
2269 0
2270 0
2271 0
2272 0
2273 1
2274 0
2275 0
2276 0
2277 0
2278 0
2279 0
2280 0
2281 0
2282 1
2283 0
2284 0
2285 0
2286 0
2287 0
2288 0
2289 0
2290 1
2291 0
2292 0
2293 0
2294 0
2295 0
2296 0
2297 0
2298 0
2299 0
2300 0
2301 0
2302 0
2303 0
2304 0
2305 0
2306 1
2307 0
2308 1
2309 0
2339 0
2340 1
2341 0
2342 0
2343 0
2344 0
2345 0
2346 0
2347 0
2348 0
2349 0
2350 0
2351 1
2352 0
2353 0
2354 0
2355 0
2356 0
2357 0
2358 0
2359 0
2360 0
2361 0
2362 1
2363 0
2405 0
2406 1
2407 0
2441 0
2442 1
2443 0
2444 0
2445 0
2446 0
2447 0
2448 0
2449 0
2450 0
2451 0
2452 0
2453 0
2454 0
2455 0
2456 0
2457 0
2458 0
2459 0
2460 0
2461 0
2462 1
2463 1
2464 0
2465 0
2466 0
2467 0
2468 0
2469 0
2470 0
2471 1
2472 0
2473 0
2474 0
2475 0
2476 0
2477 0
2478 0
2479 1
2480 0
2481 0
2482 0
2483 0
2484 1
2485 0
2486 0
2487 0
2488 0
2489 0
2490 0
2491 0
2492 0
2493 0
2494 0
2495 0
2496 0
2497 0
2498 0
2499 0
2500 0
2501 0
2502 0
2503 1
2504 0
2505 0
2506 0
2507 0
2508 0
2509 0
2510 0
2511 0
2512 0
2513 0
2514 0
2515 0
2516 1
2517 0
2518 0
2519 0
2520 0
2521 0
2522 0
2523 0
2524 0
2525 0
2526 0
2527 0
2528 0
2529 0
2530 0
2531 1
2532 0
2533 0
2534 0
2535 1
2536 0
2537 0
2538 0
2539 0
2540 0
2541 0
2542 1
2543 0
2565 0
2566 1
2567 0
2568 0
2569 0
2570 0
2571 0
2572 0
2573 0
2574 0
2575 0
2576 0
2577 0
2578 0
2579 0
2580 1
2581 0
2602 0
2603 1
2604 0
2605 0
2606 1
2607 0
2637 0
2638 1
2639 0
2662 0
2663 1
2664 0
2707 0
2708 1
2709 0
2710 0
2711 0
2712 0
2713 0
2714 0
2715 0
2716 0
2717 0
2718 0
2719 0
2720 1
2721 0
2722 0
2723 0
2724 0
2725 0
2726 0
2727 0
2728 0
2729 0
2730 0
2731 0
2732 0
2733 0
2734 0
2735 0
2736 0
2737 0
2738 1
2739 0
2791 0
2792 1
2793 0
2794 0
2795 0
2796 0
2797 0
2798 0
2799 0
2800 0
2801 1
2802 0
2857 0
2858 1
2859 0
2860 0
2861 0
2862 0
2863 0
2864 0
2865 0
2866 0
2867 0
2868 0
2869 0
2870 0
2871 0
2872 0
2873 0
2874 0
2875 0
2876 0
2877 1
2878 0
2933 0
2934 1
2935 0
3021 0
3022 1
3023 0
3079 0
3080 1
3081 0
3082 0
3083 0
3084 0
3085 0
3086 0
3087 0
3088 0
3089 0
3090 0
3091 0
3092 0
3093 0
3094 1
3095 0
3096 0
3097 0
3098 1
3099 0
3100 0
3101 0
3102 0
3103 0
3104 0
3105 0
3106 0
3107 0
3108 0
3109 0
3110 0
3111 0
3112 0
3113 0
3114 0
3115 0
3116 0
3117 0
3118 0
3119 1
3120 0
3155 0
3156 1
3157 0
3158 0
3159 0
3160 0
3161 0
3162 0
3163 0
3164 1
3165 0
3166 0
3167 0
3168 0
3169 0
3170 0
3171 0
3172 0
3173 0
3174 0
3175 0
3176 0
3177 0
3178 0
3179 0
3180 0
3181 0
3182 1
3183 0
3219 0
3220 1
3221 0
3275 0
3276 1
3277 0
3391 0
3392 1
3393 0
3394 0
3395 0
3396 0
3397 0
3398 0
3399 0
3400 0
3401 0
3402 0
3403 0
3404 1
3405 0
3469 0
3470 1
3471 0
3529 0
3530 1
3531 0
3562 0
3563 1
3564 0
3595 0
3596 1
3597 0
3598 0
3599 0
3600 1
3601 0
3624 0
3625 1
3626 0
3672 0
3673 1
3674 0
3790 0
3791 2
3792 0
3823 0
3824 1
3825 0
3851 0
3852 1
3853 1
3854 0
3855 0
3856 0
3857 0
3858 1
3859 0
3860 0
3861 0
3862 0
3863 0
3864 0
3865 0
3866 0
3867 0
3868 1
3869 0
4049 0
4050 1
4051 0
4094 0
4095 40805
OK
