Histogram of ADC2:
8 0
9 3
10 16
11 1
12 0
13 0
14 0
15 0
16 0
17 0
18 0
19 0
20 0
21 0
22 0
23 0
24 31
25 183
26 338
27 396
28 345
29 305
30 307
31 250
32 266
33 218
34 173
35 180
36 159
37 106
38 112
39 112
40 87
41 87
42 69
43 63
44 66
45 54
46 50
47 50
48 33
49 29
50 30
51 30
52 23
53 29
54 24
55 36
56 17
57 14
58 11
59 16
60 16
61 13
62 18
63 9
64 15
65 10
66 6
67 8
68 12
69 4
70 14
71 1
72 9
73 6
74 11
75 8
76 9
77 3
78 3
79 3
80 6
81 2
82 3
83 6
84 5
85 3
86 2
87 5
88 3
89 4
90 3
91 5
92 3
93 2
94 1
95 2
96 0
97 1
98 0
99 1
100 4
101 2
102 2
103 2
104 1
105 2
106 1
107 1
108 1
109 0
110 2
111 1
112 0
113 1
114 1
115 0
116 1
117 1
118 0
119 1
120 0
121 0
122 0
123 1
124 0
125 1
126 2
127 1
128 0
129 2
130 1
131 1
132 0
133 1
134 0
135 0
136 0
137 0
138 1
139 1
140 0
141 1
142 0
143 0
144 1
145 1
146 0
147 2
148 1
149 0
150 1
151 0
152 0
153 0
154 0
155 2
156 1
157 0
158 4
159 0
160 0
161 0
162 0
163 0
164 0
165 0
166 1
167 0
168 0
169 1
170 0
171 0
172 1
173 0
174 1
175 0
176 1
177 0
178 1
179 0
180 0
181 0
182 0
183 0
184 0
185 0
186 1
187 0
223 0
224 1
225 0
226 0
227 0
228 0
229 0
230 0
231 0
232 0
233 0
234 0
235 0
236 0
237 0
238 0
239 0
240 0
241 0
242 1
243 2
244 0
265 0
266 2
267 0
312 0
313 1
314 0
544 0
545 1
546 0
614 0
615 1
616 0
643 0
644 1
645 0
724 0
725 1
726 1
727 2
728 1
729 1
730 2
731 2
732 0
733 2
734 1
735 3
736 3
737 3
738 4
739 4
740 5
741 4
742 5
743 7
744 13
745 8
746 15
747 13
748 19
749 15
750 32
751 20
752 26
753 36
754 46
755 43
756 50
757 55
758 70
759 70
760 93
761 75
762 88
763 109
764 117
765 124
766 178
767 95
768 195
769 172
770 213
771 230
772 209
773 296
774 280
775 280
776 352
777 346
778 384
779 391
780 436
781 405
782 485
783 419
784 523
785 556
786 580
787 564
788 606
789 648
790 673
791 677
792 703
793 665
794 784
795 697
796 753
797 729
798 840
799 622
800 860
801 854
802 830
803 771
804 763
805 797
806 860
807 791
808 837
809 757
810 817
811 731
812 757
813 728
814 707
815 618
816 713
817 648
818 654
819 573
820 608
821 546
822 542
823 470
824 477
825 402
826 456
827 382
828 354
829 348
830 352
831 297
832 316
833 237
834 265
835 232
836 215
837 186
838 219
839 143
840 145
841 151
842 125
843 114
844 115
845 93
846 81
847 84
848 74
849 56
850 56
851 43
852 43
853 45
854 41
855 25
856 31
857 18
858 20
859 15
860 15
861 12
862 17
863 7
864 13
865 12
866 8
867 5
868 7
869 6
870 2
871 3
872 4
873 2
874 3
875 2
876 1
877 0
878 0
879 1
880 1
881 3
882 0
883 0
884 0
885 0
886 0
887 0
888 0
889 0
890 0
891 0
892 0
893 0
894 1
895 0
943 0
944 1
945 0
1145 0
1146 1
1147 0
4094 0
4095 1
OK
