Histogram of ADC2:
8 0
9 1
10 19
11 1
12 0
13 0
14 0
15 0
16 0
17 0
18 0
19 0
20 0
21 0
22 0
23 0
24 31
25 206
26 346
27 400
28 401
29 348
30 339
31 275
32 258
33 267
34 213
35 183
36 167
37 132
38 122
39 97
40 108
41 81
42 76
43 77
44 59
45 56
46 52
47 49
48 43
49 40
50 36
51 36
52 33
53 30
54 30
55 24
56 15
57 17
58 14
59 23
60 16
61 15
62 12
63 15
64 18
65 9
66 3
67 4
68 10
69 14
70 7
71 6
72 6
73 7
74 6
75 4
76 3
77 6
78 4
79 3
80 3
81 6
82 6
83 5
84 3
85 1
86 2
87 1
88 3
89 3
90 4
91 3
92 1
93 5
94 4
95 2
96 3
97 2
98 2
99 2
100 0
101 1
102 4
103 1
104 5
105 0
106 1
107 0
108 4
109 0
110 2
111 0
112 0
113 2
114 1
115 1
116 3
117 2
118 3
119 2
120 1
121 0
122 1
123 0
124 0
125 0
126 3
127 1
128 3
129 4
130 3
131 5
132 6
133 5
134 15
135 13
136 16
137 18
138 18
139 22
140 39
141 47
142 45
143 46
144 60
145 75
146 75
147 106
148 109
149 136
150 158
151 138
152 186
153 173
154 203
155 180
156 242
157 233
158 255
159 267
160 303
161 296
162 302
163 298
164 313
165 326
166 336
167 294
168 307
169 293
170 299
171 286
172 278
173 272
174 271
175 283
176 241
177 205
178 231
179 185
180 183
181 160
182 144
183 162
184 129
185 118
186 98
187 85
188 72
189 71
190 78
191 47
192 59
193 47
194 44
195 22
196 24
197 30
198 16
199 21
200 14
201 17
202 10
203 9
204 8
205 7
206 4
207 0
208 3
209 4
210 0
211 2
212 0
213 2
214 0
215 0
216 4
217 1
218 0
219 0
220 0
221 0
222 1
223 0
224 0
225 0
226 0
227 0
228 0
229 0
230 0
231 0
232 0
233 0
234 0
235 1
236 0
237 0
238 0
239 0
240 0
241 0
242 0
243 0
244 0
245 0
246 0
247 0
248 0
249 0
250 0
251 0
252 1
253 0
387 0
388 1
389 0
469 0
470 1
471 0
562 0
563 1
564 0
960 0
961 1
962 0
2061 0
2062 1
2063 0
OK
