Histogram of ADC0:
292 0
293 1
294 0
295 0
296 0
297 0
298 0
299 0
300 1
301 0
302 0
303 1
304 1
305 0
306 1
307 2
308 3
309 2
310 1
311 2
312 0
313 1
314 0
315 2
316 0
317 0
318 0
319 1
320 0
321 0
322 0
323 0
324 0
325 0
326 0
327 0
328 0
329 1
330 0
331 0
332 0
333 0
334 0
335 1
336 0
638 0
639 1
640 0
641 1
642 0
643 0
644 3
645 2
646 1
647 0
648 0
649 2
650 0
651 1
652 2
653 2
654 2
655 2
656 0
657 2
658 1
659 6
660 5
661 1
662 8
663 4
664 4
665 2
666 7
667 8
668 10
669 6
670 10
671 4
672 7
673 7
674 9
675 6
676 13
677 11
678 7
679 6
680 7
681 14
682 7
683 12
684 17
685 9
686 12
687 11
688 7
689 14
690 17
691 13
692 16
693 14
694 7
695 15
696 18
697 18
698 10
699 11
700 13
701 16
702 12
703 13
704 19
705 18
706 18
707 13
708 20
709 15
710 19
711 9
712 20
713 12
714 22
715 17
716 8
717 22
718 16
719 18
720 14
721 15
722 12
723 16
724 20
725 19
726 19
727 11
728 22
729 15
730 23
731 16
732 18
733 14
734 13
735 10
736 23
737 18
738 14
739 19
740 21
741 13
742 14
743 22
744 16
745 13
746 12
747 16
748 19
749 32
750 16
751 13
752 22
753 17
754 10
755 10
756 15
757 16
758 19
759 12
760 17
761 12
762 14
763 11
764 11
765 14
766 15
767 14
768 18
769 10
770 15
771 11
772 17
773 16
774 16
775 21
776 15
777 13
778 7
779 15
780 16
781 20
782 17
783 15
784 13
785 12
786 13
787 10
788 17
789 15
790 13
791 17
792 18
793 14
794 18
795 12
796 13
797 8
798 10
799 22
800 18
801 10
802 22
803 14
804 13
805 11
806 19
807 13
808 10
809 8
810 15
811 9
812 12
813 20
814 11
815 17
816 14
817 18
818 15
819 14
820 10
821 16
822 14
823 12
824 13
825 6
826 13
827 11
828 9
829 13
830 14
831 15
832 14
833 10
834 8
835 12
836 7
837 9
838 12
839 7
840 16
841 11
842 8
843 8
844 13
845 10
846 5
847 7
848 15
849 8
850 10
851 13
852 12
853 10
854 12
855 11
856 12
857 13
858 8
859 12
860 11
861 13
862 15
863 8
864 18
865 10
866 16
867 9
868 13
869 9
870 7
871 8
872 10
873 8
874 13
875 6
876 13
877 7
878 12
879 10
880 8
881 10
882 12
883 10
884 7
885 10
886 11
887 11
888 10
889 4
890 12
891 6
892 7
893 9
894 12
895 10
896 7
897 3
898 11
899 4
900 4
901 8
902 11
903 5
904 10
905 10
906 6
907 6
908 12
909 3
910 10
911 5
912 6
913 9
914 9
915 9
916 9
917 8
918 9
919 6
920 6
921 8
922 7
923 4
924 9
925 5
926 8
927 7
928 8
929 6
930 11
931 8
932 9
933 6
934 3
935 6
936 11
937 7
938 5
939 7
940 10
941 8
942 9
943 8
944 5
945 5
946 2
947 6
948 8
949 11
950 7
951 2
952 11
953 5
954 7
955 3
956 7
957 8
958 6
959 3
960 3
961 6
962 9
963 4
964 6
965 9
966 4
967 8
968 7
969 6
970 7
971 5
972 4
973 3
974 7
975 1
976 4
977 3
978 3
979 5
980 7
981 3
982 6
983 6
984 7
985 3
986 3
987 5
988 6
989 5
990 6
991 7
992 4
993 3
994 7
995 5
996 5
997 6
998 3
999 3
1000 5
1001 3
1002 3
1003 3
1004 6
1005 4
1006 4
1007 4
1008 4
1009 5
1010 5
1011 1
1012 3
1013 3
1014 6
1015 4
1016 6
1017 3
1018 2
1019 4
1020 4
1021 4
1022 5
1023 2
1024 5
1025 4
1026 2
1027 4
1028 2
1029 5
1030 4
1031 4
1032 8
1033 2
1034 4
1035 2
1036 3
1037 5
1038 7
1039 6
1040 2
1041 7
1042 5
1043 1
1044 4
1045 3
1046 5
1047 2
1048 3
1049 4
1050 4
1051 1
1052 6
1053 4
1054 2
1055 2
1056 3
1057 9
1058 4
1059 2
1060 6
1061 5
1062 4
1063 2
1064 4
1065 3
1066 1
1067 3
1068 3
1069 1
1070 2
1071 4
1072 4
1073 7
1074 6
1075 2
1076 6
1077 3
1078 1
1079 0
1080 5
1081 7
1082 0
1083 0
1084 3
1085 5
1086 3
1087 3
1088 1
1089 5
1090 0
1091 1
1092 3
1093 3
1094 6
1095 5
1096 3
1097 2
1098 6
1099 3
1100 2
1101 7
1102 2
1103 2
1104 4
1105 3
1106 2
1107 4
1108 2
1109 6
1110 1
1111 0
1112 6
1113 6
1114 2
1115 1
1116 3
1117 5
1118 1
1119 0
1120 1
1121 3
1122 1
1123 2
1124 3
1125 3
1126 1
1127 5
1128 2
1129 2
1130 5
1131 2
1132 1
1133 2
1134 2
1135 6
1136 2
1137 4
1138 2
1139 2
1140 5
1141 1
1142 0
1143 2
1144 4
1145 3
1146 3
1147 3
1148 3
1149 3
1150 2
1151 2
1152 2
1153 2
1154 4
1155 4
1156 2
1157 1
1158 0
1159 2
1160 2
1161 4
1162 3
1163 5
1164 2
1165 1
1166 3
1167 2
1168 4
1169 5
1170 1
1171 1
1172 2
1173 1
1174 1
1175 2
1176 1
1177 1
1178 0
1179 2
1180 1
1181 2
1182 4
1183 2
1184 3
1185 0
1186 3
1187 2
1188 3
1189 0
1190 3
1191 0
1192 4
1193 3
1194 2
1195 2
1196 1
1197 1
1198 1
1199 2
1200 2
1201 3
1202 0
1203 1
1204 2
1205 2
1206 5
1207 1
1208 0
1209 4
1210 2
1211 0
1212 2
1213 3
1214 1
1215 1
1216 7
1217 4
1218 2
1219 3
1220 2
1221 0
1222 1
1223 2
1224 0
1225 1
1226 1
1227 1
1228 2
1229 3
1230 0
1231 3
1232 2
1233 4
1234 5
1235 4
1236 3
1237 0
1238 1
1239 1
1240 2
1241 1
1242 6
1243 0
1244 1
1245 1
1246 0
1247 3
1248 2
1249 2
1250 0
1251 0
1252 0
1253 1
1254 3
1255 3
1256 1
1257 2
1258 3
1259 4
1260 0
1261 3
1262 0
1263 1
1264 4
1265 1
1266 1
1267 2
1268 1
1269 3
1270 4
1271 1
1272 1
1273 0
1274 1
1275 1
1276 0
1277 2
1278 2
1279 0
1280 0
1281 1
1282 1
1283 2
1284 0
1285 1
1286 2
1287 1
1288 4
1289 1
1290 3
1291 3
1292 3
1293 1
1294 0
1295 2
1296 0
1297 1
1298 1
1299 0
1300 4
1301 0
1302 2
1303 1
1304 4
1305 3
1306 2
1307 0
1308 1
1309 1
1310 1
1311 0
1312 3
1313 2
1314 0
1315 2
1316 0
1317 3
1318 2
1319 0
1320 0
1321 0
1322 2
1323 1
1324 3
1325 2
1326 1
1327 1
1328 0
1329 0
1330 2
1331 1
1332 3
1333 2
1334 1
1335 1
1336 3
1337 0
1338 2
1339 2
1340 1
1341 1
1342 5
1343 1
1344 2
1345 1
1346 0
1347 0
1348 1
1349 2
1350 2
1351 1
1352 1
1353 0
1354 3
1355 1
1356 0
1357 0
1358 0
1359 1
1360 1
1361 2
1362 0
1363 0
1364 0
1365 0
1366 3
1367 2
1368 0
1369 1
1370 2
1371 2
1372 0
1373 2
1374 2
1375 0
1376 3
1377 0
1378 1
1379 0
1380 1
1381 3
1382 1
1383 2
1384 1
1385 0
1386 2
1387 1
1388 0
1389 0
1390 1
1391 0
1392 0
1393 1
1394 1
1395 4
1396 3
1397 1
1398 0
1399 1
1400 1
1401 0
1402 1
1403 1
1404 3
1405 1
1406 1
1407 3
1408 0
1409 0
1410 0
1411 0
1412 0
1413 1
1414 0
1415 1
1416 0
1417 1
1418 1
1419 2
1420 1
1421 0
1422 1
1423 0
1424 1
1425 0
1426 1
1427 0
1428 0
1429 1
1430 1
1431 1
1432 1
1433 1
1434 0
1435 1
1436 0
1437 0
1438 0
1439 0
1440 1
1441 1
1442 2
1443 2
1444 0
1445 0
1446 0
1447 0
1448 1
1449 1
1450 1
1451 1
1452 0
1453 1
1454 0
1455 0
1456 0
1457 2
1458 0
1459 0
1460 1
1461 1
1462 0
1463 1
1464 1
1465 0
1466 0
1467 0
1468 0
1469 1
1470 1
1471 2
1472 0
1473 2
1474 2
1475 1
1476 0
1477 1
1478 0
1479 1
1480 0
1481 3
1482 0
1483 2
1484 1
1485 0
1486 2
1487 1
1488 1
1489 0
1490 0
1491 1
1492 1
1493 1
1494 1
1495 1
1496 2
1497 0
1498 5
1499 0
1500 1
1501 1
1502 0
1503 0
1504 0
1505 0
1506 1
1507 0
1508 2
1509 0
1510 1
1511 0
1512 2
1513 0
1514 1
1515 0
1516 1
1517 0
1518 0
1519 1
1520 1
1521 0
1522 0
1523 1
1524 0
1525 1
1526 0
1527 2
1528 0
1529 0
1530 0
1531 1
1532 1
1533 1
1534 1
1535 1
1536 0
1537 0
1538 0
1539 0
1540 1
1541 1
1542 1
1543 0
1544 0
1545 0
1546 3
1547 1
1548 1
1549 1
1550 1
1551 0
1552 0
1553 0
1554 0
1555 0
1556 1
1557 0
1558 0
1559 1
1560 0
1561 0
1562 0
1563 0
1564 1
1565 2
1566 1
1567 1
1568 1
1569 0
1570 1
1571 1
1572 2
1573 0
1574 0
1575 0
1576 0
1577 1
1578 1
1579 1
1580 0
1581 2
1582 0
1583 0
1584 0
1585 1
1586 1
1587 0
1588 0
1589 1
1590 0
1591 0
1592 0
1593 1
1594 3
1595 0
1596 0
1597 1
1598 2
1599 0
1600 1
1601 2
1602 2
1603 0
1604 2
1605 1
1606 0
1607 0
1608 1
1609 1
1610 1
1611 1
1612 1
1613 0
1614 0
1615 0
1616 2
1617 1
1618 0
1619 0
1620 0
1621 0
1622 0
1623 0
1624 1
1625 1
1626 0
1627 0
1628 0
1629 2
1630 0
1631 0
1632 0
1633 0
1634 1
1635 2
1636 0
1637 1
1638 0
1639 0
1640 1
1641 1
1642 0
1643 0
1644 1
1645 0
1646 0
1647 0
1648 0
1649 0
1650 0
1651 0
1652 0
1653 0
1654 0
1655 1
1656 0
1657 0
1658 0
1659 0
1660 0
1661 0
1662 1
1663 0
1664 0
1665 0
1666 0
1667 0
1668 0
1669 0
1670 0
1671 0
1672 0
1673 0
1674 0
1675 0
1676 0
1677 0
1678 0
1679 0
1680 0
1681 1
1682 0
1683 0
1684 0
1685 0
1686 0
1687 2
1688 0
1689 0
1690 0
1691 0
1692 1
1693 0
1694 0
1695 0
1696 1
1697 3
1698 0
1699 1
1700 0
1701 1
1702 0
1703 0
1704 1
1705 0
1706 0
1707 0
1708 0
1709 1
1710 0
1711 2
1712 0
1713 0
1714 0
1715 0
1716 1
1717 0
1718 0
1719 0
1720 0
1721 0
1722 1
1723 0
1724 0
1725 2
1726 2
1727 0
1728 1
1729 2
1730 1
1731 0
1732 0
1733 1
1734 0
1735 1
1736 1
1737 0
1738 0
1739 0
1740 0
1741 1
1742 0
1743 0
1744 0
1745 1
1746 0
1747 0
1748 1
1749 0
1750 0
1751 1
1752 0
1753 0
1754 1
1755 0
1756 0
1757 0
1758 0
1759 1
1760 0
1761 0
1762 1
1763 0
1764 0
1765 0
1766 0
1767 1
1768 0
1769 2
1770 0
1771 0
1772 0
1773 0
1774 1
1775 0
1776 0
1777 2
1778 0
1779 0
1780 1
1781 0
1782 0
1783 0
1784 0
1785 0
1786 0
1787 0
1788 0
1789 0
1790 0
1791 0
1792 0
1793 1
1794 1
1795 0
1796 0
1797 0
1798 1
1799 0
1800 0
1801 0
1802 0
1803 1
1804 0
1805 0
1806 0
1807 0
1808 1
1809 0
1810 1
1811 0
1812 1
1813 0
1814 0
1815 0
1816 1
1817 0
1818 0
1819 0
1820 0
1821 1
1822 0
1823 1
1824 0
1825 0
1826 1
1827 0
1828 0
1829 0
1830 0
1831 0
1832 1
1833 1
1834 1
1835 0
1836 1
1837 0
1838 1
1839 0
1840 0
1841 1
1842 0
1843 0
1844 0
1845 0
1846 1
1847 0
1848 1
1849 0
1850 0
1851 0
1852 0
1853 0
1854 0
1855 0
1856 1
1857 0
1858 0
1859 0
1860 0
1861 0
1862 0
1863 0
1864 1
1865 1
1866 0
1867 0
1868 0
1869 0
1870 0
1871 0
1872 0
1873 0
1874 0
1875 0
1876 0
1877 1
1878 0
1879 0
1880 0
1881 0
1882 0
1883 0
1884 0
1885 0
1886 0
1887 0
1888 0
1889 0
1890 1
1891 0
1892 0
1893 0
1894 0
1895 0
1896 0
1897 0
1898 0
1899 1
1900 0
1901 0
1902 0
1903 0
1904 0
1905 0
1906 0
1907 0
1908 1
1909 0
1910 0
1911 0
1912 0
1913 0
1914 1
1915 0
1916 0
1917 1
1918 0
1919 0
1920 0
1921 0
1922 0
1923 0
1924 0
1925 1
1926 0
1927 0
1928 0
1929 1
1930 1
1931 0
1932 0
1933 0
1934 2
1935 1
1936 0
1937 0
1938 0
1939 0
1940 0
1941 0
1942 0
1943 0
1944 0
1945 0
1946 0
1947 0
1948 2
1949 0
1950 0
1951 0
1952 0
1953 1
1954 0
1955 0
1956 0
1957 0
1958 0
1959 1
1960 0
1961 0
1962 0
1963 0
1964 0
1965 0
1966 0
1967 0
1968 0
1969 0
1970 0
1971 0
1972 0
1973 1
1974 0
1975 0
1976 0
1977 0
1978 0
1979 0
1980 0
1981 1
1982 0
1983 0
1984 0
1985 0
1986 0
1987 1
1988 0
1989 0
1990 0
1991 0
1992 0
1993 0
1994 0
1995 0
1996 0
1997 0
1998 0
1999 0
2000 1
2001 0
2002 0
2003 0
2004 0
2005 0
2006 0
2007 0
2008 0
2009 0
2010 1
2011 0
2012 0
2013 1
2014 0
2015 0
2016 1
2017 0
2018 1
2019 0
2020 0
2021 0
2022 0
2023 0
2024 0
2025 0
2026 0
2027 0
2028 0
2029 0
2030 1
2031 0
2032 0
2033 1
2034 0
2035 1
2036 1
2037 0
2038 2
2039 1
2040 0
2041 0
2042 0
2043 0
2044 0
2045 0
2046 0
2047 0
2048 0
2049 0
2050 0
2051 0
2052 0
2053 0
2054 0
2055 0
2056 0
2057 1
2058 0
2059 1
2060 1
2061 0
2062 0
2063 1
2064 0
2065 0
2066 1
2067 0
2068 0
2069 0
2070 0
2071 0
2072 0
2073 0
2074 0
2075 0
2076 0
2077 0
2078 1
2079 0
2080 0
2081 0
2082 0
2083 0
2084 0
2085 0
2086 0
2087 0
2088 1
2089 0
2090 0
2091 0
2092 0
2093 0
2094 0
2095 0
2096 0
2097 1
2098 0
2099 1
2100 0
2101 0
2102 0
2103 0
2104 0
2105 0
2106 0
2107 0
2108 0
2109 1
2110 0
2146 0
2147 2
2148 0
2149 0
2150 0
2151 0
2152 0
2153 0
2154 0
2155 0
2156 0
2157 0
2158 0
2159 0
2160 0
2161 0
2162 0
2163 0
2164 0
2165 0
2166 0
2167 0
2168 1
2169 0
2170 0
2171 0
2172 0
2173 0
2174 0
2175 0
2176 0
2177 0
2178 0
2179 0
2180 0
2181 0
2182 0
2183 0
2184 0
2185 1
2186 0
2187 0
2188 1
2189 0
2190 0
2191 0
2192 0
2193 0
2194 0
2195 0
2196 0
2197 1
2198 0
2199 0
2200 0
2201 0
2202 0
2203 0
2204 0
2205 0
2206 0
2207 1
2208 0
2209 0
2210 0
2211 0
2212 0
2213 0
2214 1
2215 0
2216 0
2217 1
2218 0
2219 0
2220 0
2221 0
2222 0
2223 1
2224 0
2225 0
2226 0
2227 1
2228 0
2229 0
2230 0
2231 0
2232 0
2233 0
2234 1
2235 0
2236 0
2237 0
2238 0
2239 0
2240 0
2241 0
2242 0
2243 0
2244 0
2245 1
2246 0
2247 1
2248 0
2249 0
2250 0
2251 0
2252 0
2253 0
2254 0
2255 0
2256 0
2257 0
2258 0
2259 0
2260 0
2261 0
2262 0
2263 1
2264 1
2265 0
2266 0
2267 0
2268 0
2269 0
2270 0
2271 0
2272 0
2273 0
2274 0
2275 0
2276 0
2277 0
2278 0
2279 1
2280 0
2281 0
2282 0
2283 0
2284 0
2285 0
2286 0
2287 0
2288 0
2289 0
2290 0
2291 0
2292 0
2293 0
2294 0
2295 0
2296 0
2297 0
2298 1
2299 0
2300 1
2301 0
2302 0
2303 0
2304 0
2305 0
2306 0
2307 0
2308 0
2309 0
2310 2
2311 0
2312 0
2313 0
2314 0
2315 0
2316 0
2317 1
2318 0
2319 0
2320 0
2321 0
2322 1
2323 1
2324 1
2325 0
2326 1
2327 0
2347 0
2348 1
2349 0
2350 0
2351 0
2352 0
2353 0
2354 0
2355 0
2356 0
2357 1
2358 0
2359 0
2360 0
2361 0
2362 1
2363 0
2364 1
2365 0
2366 0
2367 0
2368 0
2369 0
2370 0
2371 0
2372 0
2373 1
2374 0
2375 0
2376 0
2377 0
2378 0
2379 0
2380 0
2381 0
2382 1
2383 0
2384 0
2385 0
2386 0
2387 0
2388 0
2389 0
2390 0
2391 0
2392 0
2393 0
2394 0
2395 0
2396 0
2397 0
2398 0
2399 0
2400 0
2401 1
2402 0
2403 0
2404 0
2405 0
2406 0
2407 0
2408 0
2409 0
2410 0
2411 0
2412 0
2413 0
2414 0
2415 0
2416 0
2417 1
2418 0
2419 0
2420 1
2421 0
2449 0
2450 1
2451 0
2452 0
2453 0
2454 1
2455 0
2508 0
2509 1
2510 0
2511 2
2512 0
2513 0
2514 0
2515 0
2516 0
2517 0
2518 0
2519 0
2520 0
2521 0
2522 0
2523 0
2524 0
2525 0
2526 0
2527 0
2528 0
2529 0
2530 1
2531 0
2532 0
2533 0
2534 1
2535 0
2536 0
2537 0
2538 0
2539 0
2540 0
2541 0
2542 0
2543 0
2544 0
2545 0
2546 1
2547 0
2548 0
2549 0
2550 0
2551 0
2552 0
2553 0
2554 0
2555 0
2556 0
2557 0
2558 0
2559 0
2560 0
2561 1
2562 0
2563 0
2564 0
2565 0
2566 0
2567 1
2568 0
2569 0
2570 1
2571 0
2572 0
2573 0
2574 0
2575 0
2576 0
2577 0
2578 1
2579 0
2580 0
2581 0
2582 1
2583 0
2628 0
2629 1
2630 0
2656 0
2657 1
2658 0
2659 0
2660 0
2661 0
2662 0
2663 0
2664 0
2665 1
2666 1
2667 0
2668 0
2669 0
2670 0
2671 0
2672 0
2673 0
2674 0
2675 1
2676 0
2677 0
2678 0
2679 0
2680 0
2681 0
2682 0
2683 0
2684 0
2685 0
2686 0
2687 0
2688 0
2689 0
2690 0
2691 0
2692 0
2693 0
2694 1
2695 0
2696 0
2697 0
2698 0
2699 0
2700 0
2701 0
2702 0
2703 0
2704 0
2705 0
2706 0
2707 0
2708 0
2709 0
2710 0
2711 0
2712 0
2713 0
2714 0
2715 1
2716 0
2763 0
2764 1
2765 0
2785 0
2786 1
2787 0
2816 0
2817 1
2818 0
2819 0
2820 0
2821 0
2822 0
2823 0
2824 1
2825 0
2851 0
2852 1
2853 0
2854 0
2855 0
2856 0
2857 0
2858 0
2859 0
2860 0
2861 0
2862 0
2863 0
2864 1
2865 1
2866 0
2867 0
2868 0
2869 0
2870 0
2871 0
2872 1
2873 0
2874 0
2875 0
2876 0
2877 0
2878 0
2879 0
2880 0
2881 0
2882 0
2883 1
2884 0
2885 0
2886 0
2887 1
2888 0
2889 0
2890 0
2891 0
2892 0
2893 0
2894 0
2895 0
2896 0
2897 0
2898 1
2899 0
2920 0
2921 1
2922 0
2923 0
2924 0
2925 0
2926 0
2927 0
2928 0
2929 0
2930 0
2931 0
2932 1
2933 0
2934 0
2935 1
2936 0
2937 0
2938 0
2939 0
2940 0
2941 0
2942 0
2943 0
2944 0
2945 0
2946 0
2947 0
2948 0
2949 0
2950 1
2951 0
2999 0
3000 1
3001 0
3127 0
3128 1
3129 0
3157 0
3158 1
3159 0
3160 0
3161 0
3162 0
3163 0
3164 0
3165 0
3166 0
3167 0
3168 0
3169 0
3170 0
3171 0
3172 0
3173 0
3174 0
3175 0
3176 1
3177 0
3178 0
3179 1
3180 0
3181 0
3182 0
3183 0
3184 0
3185 0
3186 0
3187 0
3188 0
3189 0
3190 0
3191 0
3192 0
3193 0
3194 0
3195 1
3196 0
3197 0
3198 0
3199 0
3200 1
3201 0
3202 1
3203 0
3204 0
3205 0
3206 0
3207 0
3208 0
3209 0
3210 0
3211 0
3212 0
3213 0
3214 0
3215 0
3216 1
3217 1
3218 0
3219 1
3220 1
3221 0
3222 0
3223 0
3224 0
3225 0
3226 1
3227 0
3228 0
3229 0
3230 0
3231 0
3232 0
3233 0
3234 0
3235 0
3236 0
3237 0
3238 0
3239 0
3240 0
3241 1
3242 0
3273 0
3274 1
3275 0
3276 0
3277 0
3278 0
3279 0
3280 0
3281 0
3282 0
3283 1
3284 0
3285 0
3286 0
3287 1
3288 0
3289 1
3290 0
3291 0
3292 0
3293 0
3294 0
3295 0
3296 0
3297 0
3298 0
3299 0
3300 0
3301 0
3302 0
3303 0
3304 0
3305 0
3306 0
3307 1
3308 0
3309 2
3310 0
3311 1
3312 0
3313 0
3314 0
3315 0
3316 0
3317 0
3318 0
3319 0
3320 0
3321 0
3322 1
3323 0
3324 0
3325 1
3326 1
3327 0
3328 0
3329 0
3330 1
3331 0
3332 0
3333 0
3334 1
3335 0
3336 1
3337 0
3338 1
3339 0
3340 0
3341 2
3342 0
3343 0
3344 1
3345 0
3346 0
3347 0
3348 0
3349 0
3350 2
3351 0
3352 0
3353 0
3354 1
3355 1
3356 0
3357 1
3358 0
3359 0
3360 0
3361 0
3362 0
3363 0
3364 0
3365 0
3366 0
3367 0
3368 0
3369 1
3370 0
3371 1
3372 0
3373 1
3374 0
3375 0
3376 3
3377 0
3378 0
3379 0
3380 1
3381 1
3382 1
3383 1
3384 1
3385 0
3386 0
3387 0
3388 0
3389 1
3390 2
3391 0
3392 1
3393 1
3394 0
3395 0
3396 2
3397 1
3398 0
3399 0
3400 0
3401 1
3402 0
3403 0
3404 1
3405 2
3406 0
3407 0
3408 0
3409 0
3410 2
3411 0
3412 0
3413 0
3414 1
3415 0
3416 0
3417 1
3418 0
3419 0
3420 1
3421 0
3422 0
3423 0
3424 1
3425 0
3426 0
3427 0
3428 3
3429 0
3430 1
3431 0
3432 0
3433 0
3434 0
3435 1
3436 0
3437 0
3438 0
3439 0
3440 1
3441 0
3442 1
3443 0
3444 1
3445 1
3446 0
3447 0
3448 1
3449 1
3450 0
3451 1
3452 1
3453 0
3454 0
3455 0
3456 2
3457 1
3458 0
3459 0
3460 1
3461 1
3462 1
3463 2
3464 4
3465 1
3466 1
3467 0
3468 1
3469 2
3470 2
3471 2
3472 0
3473 1
3474 1
3475 1
3476 2
3477 2
3478 1
3479 2
3480 2
3481 3
3482 0
3483 1
3484 2
3485 0
3486 0
3487 0
3488 3
3489 0
3490 0
3491 0
3492 0
3493 2
3494 0
3495 1
3496 1
3497 1
3498 1
3499 0
3500 1
3501 0
3502 2
3503 0
3504 3
3505 0
3506 0
3507 0
3508 1
3509 1
3510 1
3511 1
3512 0
3513 1
3514 2
3515 0
3516 2
3517 1
3518 1
3519 1
3520 2
3521 2
3522 1
3523 1
3524 2
3525 2
3526 2
3527 0
3528 1
3529 0
3530 0
3531 3
3532 2
3533 4
3534 1
3535 3
3536 2
3537 1
3538 0
3539 3
3540 1
3541 1
3542 3
3543 1
3544 1
3545 1
3546 1
3547 1
3548 1
3549 3
3550 1
3551 2
3552 3
3553 4
3554 2
3555 1
3556 2
3557 1
3558 4
3559 0
3560 4
3561 1
3562 2
3563 0
3564 1
3565 1
3566 5
3567 2
3568 1
3569 4
3570 2
3571 1
3572 2
3573 3
3574 1
3575 0
3576 2
3577 1
3578 1
3579 3
3580 0
3581 3
3582 1
3583 0
3584 5
3585 3
3586 2
3587 1
3588 1
3589 0
3590 1
3591 1
3592 1
3593 0
3594 0
3595 4
3596 1
3597 2
3598 0
3599 4
3600 1
3601 4
3602 2
3603 2
3604 1
3605 0
3606 2
3607 0
3608 2
3609 4
3610 2
3611 2
3612 3
3613 1
3614 0
3615 0
3616 2
3617 3
3618 5
3619 2
3620 3
3621 3
3622 0
3623 0
3624 4
3625 3
3626 6
3627 1
3628 2
3629 2
3630 3
3631 6
3632 5
3633 1
3634 2
3635 2
3636 5
3637 4
3638 2
3639 4
3640 1
3641 1
3642 2
3643 1
3644 1
3645 0
3646 1
3647 3
3648 5
3649 3
3650 1
3651 5
3652 4
3653 2
3654 2
3655 2
3656 4
3657 3
3658 4
3659 2
3660 2
3661 3
3662 2
3663 4
3664 5
3665 3
3666 3
3667 2
3668 4
3669 4
3670 2
3671 8
3672 3
3673 2
3674 2
3675 2
3676 8
3677 3
3678 0
3679 2
3680 3
3681 4
3682 2
3683 3
3684 5
3685 4
3686 2
3687 6
3688 2
3689 4
3690 3
3691 2
3692 4
3693 5
3694 2
3695 2
3696 4
3697 5
3698 5
3699 2
3700 2
3701 7
3702 4
3703 2
3704 3
3705 6
3706 9
3707 3
3708 7
3709 4
3710 9
3711 3
3712 8
3713 2
3714 2
3715 6
3716 6
3717 6
3718 3
3719 5
3720 5
3721 4
3722 7
3723 2
3724 8
3725 1
3726 5
3727 2
3728 3
3729 4
3730 3
3731 7
3732 5
3733 3
3734 0
3735 3
3736 5
3737 3
3738 5
3739 6
3740 4
3741 7
3742 5
3743 4
3744 7
3745 7
3746 7
3747 5
3748 3
3749 15
3750 5
3751 9
3752 6
3753 8
3754 1
3755 8
3756 6
3757 4
3758 4
3759 6
3760 11
3761 6
3762 6
3763 3
3764 6
3765 5
3766 7
3767 2
3768 6
3769 11
3770 2
3771 5
3772 6
3773 4
3774 4
3775 3
3776 9
3777 2
3778 12
3779 10
3780 5
3781 10
3782 5
3783 2
3784 11
3785 5
3786 6
3787 3
3788 5
3789 3
3790 10
3791 5
3792 3
3793 8
3794 5
3795 6
3796 7
3797 8
3798 5
3799 5
3800 3
3801 6
3802 5
3803 4
3804 6
3805 11
3806 4
3807 3
3808 8
3809 11
3810 7
3811 5
3812 8
3813 8
3814 3
3815 4
3816 11
3817 9
3818 9
3819 3
3820 6
3821 2
3822 2
3823 12
3824 6
3825 4
3826 11
3827 7
3828 7
3829 10
3830 8
3831 5
3832 8
3833 8
3834 5
3835 8
3836 9
3837 9
3838 5
3839 1
3840 10
3841 9
3842 5
3843 2
3844 10
3845 8
3846 7
3847 5
3848 5
3849 4
3850 6
3851 9
3852 11
3853 12
3854 8
3855 6
3856 10
3857 11
3858 10
3859 6
3860 12
3861 6
3862 6
3863 11
3864 9
3865 4
3866 6
3867 5
3868 7
3869 7
3870 6
3871 3
3872 5
3873 13
3874 4
3875 7
3876 10
3877 8
3878 9
3879 1
3880 9
3881 14
3882 9
3883 7
3884 14
3885 8
3886 12
3887 7
3888 7
3889 8
3890 5
3891 4
3892 9
3893 9
3894 6
3895 9
3896 8
3897 10
3898 8
3899 6
3900 9
3901 13
3902 2
3903 4
3904 13
3905 4
3906 14
3907 10
3908 16
3909 5
3910 11
3911 7
3912 10
3913 6
3914 8
3915 3
3916 3
3917 9
3918 13
3919 2
3920 7
3921 7
3922 9
3923 4
3924 6
3925 8
3926 5
3927 6
3928 4
3929 6
3930 8
3931 5
3932 10
3933 14
3934 18
3935 5
3936 19
3937 10
3938 5
3939 7
3940 16
3941 6
3942 12
3943 4
3944 17
3945 7
3946 10
3947 4
3948 8
3949 12
3950 15
3951 10
3952 8
3953 13
3954 12
3955 3
3956 19
3957 11
3958 16
3959 7
3960 8
3961 8
3962 13
3963 10
3964 20
3965 11
3966 7
3967 8
3968 14
3969 8
3970 13
3971 5
3972 16
3973 16
3974 11
3975 5
3976 7
3977 10
3978 17
3979 13
3980 10
3981 16
3982 7
3983 9
3984 8
3985 6
3986 7
3987 3
3988 13
3989 12
3990 15
3991 12
3992 13
3993 12
3994 13
3995 11
3996 13
3997 19
3998 8
3999 14
4000 13
4001 7
4002 8
4003 14
4004 17
4005 9
4006 14
4007 10
4008 6
4009 12
4010 11
4011 8
4012 20
4013 8
4014 12
4015 12
4016 13
4017 9
4018 10
4019 12
4020 18
4021 18
4022 9
4023 13
4024 8
4025 15
4026 13
4027 5
4028 14
4029 9
4030 18
4031 11
4032 18
4033 14
4034 10
4035 10
4036 22
4037 18
4038 14
4039 9
4040 8
4041 10
4042 15
4043 17
4044 14
4045 8
4046 17
4047 14
4048 13
4049 11
4050 9
4051 11
4052 11
4053 14
4054 12
4055 12
4056 6
4057 7
4058 11
4059 6
4060 18
4061 15
4062 16
4063 9
4064 12
4065 9
4066 21
4067 3
4068 11
4069 14
4070 16
4071 12
4072 17
4073 7
4074 13
4075 10
4076 13
4077 12
4078 11
4079 12
4080 7
4081 9
4082 12
4083 12
4084 15
4085 12
4086 13
4087 12
4088 14
4089 11
4090 13
4091 11
4092 13
4093 15
4094 13
4095 6288
OK
