Histogram of ADC2:
8 0
9 5
10 15
11 0
12 0
13 0
14 0
15 0
16 0
17 0
18 0
19 0
20 0
21 0
22 0
23 1
24 24
25 181
26 395
27 396
28 453
29 357
30 310
31 251
32 267
33 238
34 229
35 194
36 168
37 157
38 111
39 125
40 86
41 65
42 102
43 68
44 69
45 55
46 67
47 47
48 50
49 42
50 36
51 40
52 33
53 22
54 19
55 18
56 23
57 23
58 15
59 14
60 14
61 19
62 9
63 20
64 21
65 11
66 14
67 8
68 13
69 2
70 3
71 4
72 8
73 7
74 6
75 5
76 11
77 7
78 6
79 6
80 2
81 7
82 3
83 2
84 6
85 2
86 3
87 3
88 0
89 1
90 6
91 3
92 4
93 1
94 3
95 0
96 4
97 2
98 0
99 2
100 1
101 5
102 2
103 1
104 0
105 1
106 1
107 1
108 1
109 0
110 0
111 2
112 0
113 0
114 2
115 2
116 0
117 1
118 0
119 0
120 1
121 1
122 0
123 0
124 0
125 0
126 0
127 2
128 0
129 1
130 0
131 0
132 0
133 0
134 0
135 0
136 1
137 0
138 0
139 0
140 0
141 2
142 2
143 1
144 0
145 0
146 0
147 0
148 1
149 0
150 0
151 0
152 1
153 0
154 0
155 0
156 1
157 1
158 0
159 0
160 0
161 0
162 1
163 0
164 1
165 0
166 0
167 0
168 0
169 0
170 0
171 0
172 0
173 1
174 0
175 0
176 0
177 0
178 0
179 2
180 0
181 0
182 0
183 0
184 0
185 0
186 0
187 0
188 0
189 1
190 0
213 0
214 1
215 2
216 0
217 0
218 1
219 0
220 0
221 0
222 0
223 0
224 0
225 0
226 0
227 0
228 0
229 0
230 0
231 0
232 0
233 0
234 0
235 0
236 1
237 0
238 0
239 0
240 0
241 1
242 0
243 0
244 0
245 0
246 0
247 0
248 1
249 0
250 1
251 0
252 0
253 0
254 0
255 0
256 0
257 0
258 0
259 0
260 0
261 0
262 0
263 0
264 0
265 0
266 1
267 1
268 0
269 0
270 0
271 0
272 0
273 0
274 0
275 0
276 0
277 0
278 0
279 0
280 0
281 0
282 0
283 1
284 0
285 0
286 0
287 0
288 0
289 0
290 0
291 0
292 0
293 0
294 0
295 0
296 0
297 0
298 0
299 0
300 1
301 0
302 0
303 0
304 0
305 0
306 0
307 0
308 0
309 0
310 0
311 0
312 0
313 0
314 0
315 0
316 0
317 0
318 0
319 0
320 1
321 0
401 0
402 1
403 0
2061 0
2062 1
2063 0
OK
