Histogram of ADC0:
295 0
296 2
297 0
298 0
299 2
300 3
301 1
302 1
303 3
304 0
305 3
306 1
307 1
308 0
309 0
310 1
311 0
312 0
313 0
314 0
315 0
316 1
317 0
318 0
319 1
320 0
638 0
639 2
640 0
641 0
642 0
643 1
644 0
645 0
646 0
647 2
648 0
649 3
650 0
651 0
652 4
653 0
654 1
655 0
656 3
657 2
658 1
659 0
660 2
661 1
662 3
663 2
664 6
665 4
666 5
667 6
668 6
669 6
670 7
671 2
672 7
673 9
674 12
675 7
676 5
677 11
678 8
679 15
680 11
681 11
682 10
683 12
684 17
685 8
686 13
687 10
688 21
689 11
690 12
691 16
692 17
693 19
694 10
695 20
696 17
697 16
698 15
699 16
700 21
701 17
702 18
703 13
704 11
705 21
706 12
707 14
708 21
709 21
710 16
711 13
712 18
713 13
714 21
715 19
716 15
717 15
718 19
719 20
720 20
721 18
722 9
723 18
724 10
725 16
726 10
727 18
728 15
729 25
730 20
731 16
732 17
733 20
734 19
735 17
736 16
737 17
738 23
739 19
740 22
741 20
742 27
743 8
744 28
745 21
746 19
747 10
748 16
749 14
750 15
751 15
752 28
753 17
754 25
755 11
756 16
757 14
758 10
759 20
760 18
761 22
762 18
763 8
764 16
765 14
766 18
767 9
768 13
769 12
770 15
771 11
772 17
773 17
774 13
775 10
776 12
777 22
778 18
779 9
780 17
781 7
782 13
783 10
784 24
785 12
786 18
787 16
788 17
789 14
790 9
791 11
792 12
793 14
794 11
795 15
796 6
797 9
798 17
799 9
800 19
801 14
802 15
803 8
804 21
805 18
806 10
807 8
808 13
809 19
810 20
811 9
812 12
813 11
814 11
815 12
816 11
817 14
818 6
819 10
820 15
821 7
822 15
823 13
824 15
825 9
826 20
827 9
828 12
829 9
830 9
831 7
832 10
833 15
834 10
835 11
836 9
837 7
838 12
839 12
840 9
841 9
842 11
843 10
844 19
845 20
846 11
847 16
848 11
849 9
850 3
851 9
852 4
853 11
854 8
855 15
856 9
857 6
858 8
859 11
860 8
861 8
862 9
863 7
864 12
865 11
866 12
867 9
868 13
869 12
870 10
871 11
872 10
873 7
874 9
875 4
876 13
877 12
878 9
879 8
880 6
881 14
882 11
883 8
884 12
885 8
886 19
887 11
888 6
889 9
890 8
891 7
892 12
893 13
894 8
895 9
896 14
897 9
898 10
899 7
900 10
901 6
902 9
903 8
904 7
905 4
906 11
907 6
908 10
909 10
910 6
911 4
912 7
913 8
914 10
915 6
916 8
917 7
918 12
919 13
920 5
921 6
922 5
923 8
924 5
925 14
926 6
927 9
928 9
929 3
930 5
931 6
932 6
933 9
934 4
935 9
936 3
937 8
938 9
939 6
940 14
941 2
942 7
943 10
944 5
945 12
946 11
947 4
948 5
949 7
950 8
951 8
952 5
953 8
954 11
955 7
956 5
957 5
958 7
959 5
960 11
961 5
962 7
963 10
964 7
965 8
966 4
967 8
968 4
969 8
970 1
971 5
972 5
973 4
974 5
975 5
976 3
977 5
978 6
979 2
980 3
981 5
982 6
983 7
984 3
985 5
986 6
987 5
988 3
989 8
990 9
991 6
992 1
993 3
994 2
995 9
996 5
997 5
998 9
999 9
1000 2
1001 2
1002 5
1003 2
1004 5
1005 5
1006 3
1007 5
1008 3
1009 2
1010 5
1011 7
1012 6
1013 6
1014 3
1015 5
1016 6
1017 3
1018 3
1019 3
1020 4
1021 9
1022 6
1023 1
1024 6
1025 5
1026 3
1027 5
1028 9
1029 3
1030 1
1031 4
1032 6
1033 3
1034 6
1035 2
1036 5
1037 1
1038 2
1039 2
1040 4
1041 0
1042 3
1043 1
1044 3
1045 2
1046 0
1047 0
1048 2
1049 3
1050 1
1051 4
1052 2
1053 3
1054 2
1055 1
1056 5
1057 2
1058 4
1059 6
1060 3
1061 4
1062 2
1063 4
1064 1
1065 2
1066 2
1067 7
1068 6
1069 7
1070 0
1071 3
1072 3
1073 5
1074 6
1075 7
1076 4
1077 1
1078 8
1079 5
1080 3
1081 5
1082 7
1083 5
1084 2
1085 3
1086 5
1087 0
1088 5
1089 3
1090 3
1091 2
1092 5
1093 2
1094 1
1095 4
1096 1
1097 2
1098 4
1099 5
1100 7
1101 2
1102 3
1103 0
1104 4
1105 1
1106 3
1107 1
1108 4
1109 4
1110 5
1111 3
1112 0
1113 2
1114 3
1115 8
1116 2
1117 3
1118 3
1119 2
1120 7
1121 3
1122 3
1123 1
1124 4
1125 1
1126 3
1127 3
1128 2
1129 3
1130 5
1131 1
1132 5
1133 3
1134 1
1135 0
1136 4
1137 5
1138 1
1139 4
1140 1
1141 2
1142 1
1143 0
1144 4
1145 0
1146 3
1147 2
1148 0
1149 1
1150 1
1151 1
1152 5
1153 0
1154 5
1155 2
1156 2
1157 4
1158 5
1159 1
1160 1
1161 1
1162 4
1163 2
1164 3
1165 6
1166 2
1167 2
1168 3
1169 3
1170 2
1171 6
1172 1
1173 1
1174 2
1175 5
1176 1
1177 2
1178 3
1179 4
1180 4
1181 4
1182 3
1183 2
1184 2
1185 5
1186 0
1187 3
1188 2
1189 2
1190 3
1191 3
1192 1
1193 1
1194 6
1195 3
1196 0
1197 1
1198 2
1199 1
1200 1
1201 3
1202 2
1203 1
1204 3
1205 3
1206 1
1207 0
1208 0
1209 3
1210 1
1211 4
1212 2
1213 2
1214 1
1215 2
1216 4
1217 2
1218 5
1219 1
1220 1
1221 2
1222 0
1223 2
1224 1
1225 3
1226 0
1227 0
1228 2
1229 3
1230 2
1231 6
1232 2
1233 1
1234 3
1235 3
1236 1
1237 4
1238 1
1239 0
1240 1
1241 2
1242 2
1243 1
1244 3
1245 0
1246 5
1247 1
1248 1
1249 1
1250 1
1251 1
1252 1
1253 2
1254 4
1255 1
1256 2
1257 5
1258 1
1259 2
1260 0
1261 1
1262 4
1263 2
1264 3
1265 1
1266 1
1267 2
1268 2
1269 2
1270 0
1271 2
1272 0
1273 0
1274 2
1275 4
1276 1
1277 1
1278 2
1279 0
1280 3
1281 0
1282 2
1283 0
1284 4
1285 1
1286 2
1287 1
1288 1
1289 5
1290 0
1291 0
1292 0
1293 4
1294 1
1295 0
1296 1
1297 0
1298 2
1299 0
1300 3
1301 2
1302 2
1303 2
1304 1
1305 4
1306 1
1307 1
1308 1
1309 3
1310 2
1311 1
1312 1
1313 2
1314 0
1315 0
1316 2
1317 6
1318 2
1319 2
1320 2
1321 4
1322 1
1323 1
1324 0
1325 2
1326 1
1327 0
1328 0
1329 3
1330 1
1331 0
1332 2
1333 2
1334 1
1335 0
1336 1
1337 0
1338 1
1339 0
1340 3
1341 3
1342 1
1343 0
1344 0
1345 0
1346 0
1347 2
1348 1
1349 1
1350 0
1351 0
1352 1
1353 1
1354 0
1355 0
1356 1
1357 2
1358 1
1359 2
1360 0
1361 0
1362 1
1363 2
1364 0
1365 0
1366 0
1367 1
1368 2
1369 1
1370 1
1371 2
1372 1
1373 0
1374 1
1375 0
1376 0
1377 0
1378 1
1379 1
1380 0
1381 1
1382 2
1383 0
1384 1
1385 0
1386 0
1387 0
1388 2
1389 1
1390 0
1391 0
1392 0
1393 2
1394 1
1395 0
1396 0
1397 1
1398 2
1399 1
1400 3
1401 1
1402 1
1403 2
1404 0
1405 1
1406 0
1407 2
1408 0
1409 1
1410 0
1411 2
1412 1
1413 0
1414 1
1415 2
1416 1
1417 0
1418 0
1419 1
1420 3
1421 0
1422 3
1423 0
1424 0
1425 1
1426 0
1427 2
1428 1
1429 2
1430 1
1431 0
1432 0
1433 2
1434 0
1435 1
1436 0
1437 2
1438 0
1439 0
1440 4
1441 0
1442 1
1443 0
1444 0
1445 1
1446 3
1447 1
1448 1
1449 2
1450 0
1451 0
1452 0
1453 1
1454 1
1455 2
1456 1
1457 2
1458 0
1459 0
1460 1
1461 0
1462 1
1463 1
1464 0
1465 1
1466 0
1467 0
1468 1
1469 1
1470 0
1471 0
1472 1
1473 3
1474 1
1475 0
1476 0
1477 2
1478 0
1479 1
1480 0
1481 1
1482 0
1483 0
1484 0
1485 1
1486 1
1487 1
1488 1
1489 1
1490 0
1491 0
1492 0
1493 0
1494 1
1495 1
1496 1
1497 0
1498 1
1499 1
1500 0
1501 0
1502 0
1503 0
1504 2
1505 0
1506 2
1507 0
1508 0
1509 0
1510 0
1511 0
1512 0
1513 0
1514 0
1515 0
1516 2
1517 0
1518 0
1519 1
1520 0
1521 1
1522 1
1523 1
1524 1
1525 1
1526 3
1527 0
1528 1
1529 2
1530 0
1531 2
1532 2
1533 0
1534 0
1535 0
1536 0
1537 0
1538 0
1539 0
1540 1
1541 0
1542 2
1543 0
1544 1
1545 1
1546 1
1547 1
1548 1
1549 0
1550 0
1551 2
1552 1
1553 0
1554 1
1555 1
1556 1
1557 0
1558 0
1559 0
1560 1
1561 0
1562 0
1563 0
1564 1
1565 0
1566 1
1567 0
1568 1
1569 0
1570 1
1571 1
1572 2
1573 0
1574 1
1575 1
1576 1
1577 0
1578 1
1579 1
1580 1
1581 0
1582 0
1583 2
1584 1
1585 2
1586 0
1587 1
1588 0
1589 1
1590 0
1591 0
1592 1
1593 1
1594 1
1595 0
1596 0
1597 1
1598 0
1599 1
1600 1
1601 1
1602 0
1603 1
1604 1
1605 1
1606 1
1607 1
1608 2
1609 1
1610 0
1611 1
1612 2
1613 1
1614 0
1615 0
1616 0
1617 0
1618 1
1619 0
1620 1
1621 4
1622 0
1623 0
1624 2
1625 2
1626 0
1627 0
1628 1
1629 1
1630 0
1631 0
1632 0
1633 0
1634 0
1635 1
1636 0
1637 1
1638 1
1639 0
1640 0
1641 0
1642 1
1643 0
1644 1
1645 1
1646 0
1647 1
1648 0
1649 0
1650 0
1651 0
1652 1
1653 0
1654 1
1655 0
1656 0
1657 0
1658 2
1659 0
1660 1
1661 2
1662 1
1663 0
1664 0
1665 0
1666 2
1667 0
1668 1
1669 0
1670 1
1671 1
1672 0
1673 0
1674 0
1675 0
1676 1
1677 0
1678 0
1679 0
1680 0
1681 0
1682 1
1683 0
1684 0
1685 2
1686 0
1687 0
1688 1
1689 0
1690 0
1691 0
1692 1
1693 0
1694 1
1695 0
1696 0
1697 1
1698 0
1699 0
1700 0
1701 2
1702 0
1703 0
1704 0
1705 0
1706 2
1707 0
1708 0
1709 0
1710 0
1711 2
1712 1
1713 1
1714 0
1715 2
1716 0
1717 1
1718 0
1719 0
1720 0
1721 0
1722 1
1723 0
1724 0
1725 1
1726 0
1727 0
1728 0
1729 0
1730 0
1731 0
1732 0
1733 0
1734 0
1735 0
1736 0
1737 0
1738 1
1739 0
1740 0
1741 0
1742 0
1743 0
1744 0
1745 0
1746 0
1747 0
1748 0
1749 0
1750 0
1751 0
1752 0
1753 0
1754 1
1755 0
1756 1
1757 0
1758 0
1759 0
1760 0
1761 0
1762 1
1763 0
1764 0
1765 0
1766 1
1767 0
1768 1
1769 0
1770 0
1771 0
1772 0
1773 0
1774 0
1775 0
1776 0
1777 1
1778 0
1779 0
1780 0
1781 1
1782 0
1783 0
1784 0
1785 0
1786 0
1787 0
1788 0
1789 0
1790 0
1791 0
1792 0
1793 0
1794 1
1795 0
1796 0
1797 0
1798 0
1799 0
1800 1
1801 0
1802 1
1803 1
1804 1
1805 0
1806 0
1807 0
1808 1
1809 1
1810 0
1811 0
1812 0
1813 0
1814 0
1815 0
1816 0
1817 0
1818 1
1819 1
1820 0
1821 0
1822 0
1823 0
1824 0
1825 0
1826 0
1827 1
1828 0
1829 0
1830 0
1831 0
1832 2
1833 1
1834 1
1835 1
1836 0
1837 0
1838 2
1839 0
1840 0
1841 0
1842 0
1843 1
1844 0
1845 0
1846 0
1847 0
1848 0
1849 0
1850 0
1851 0
1852 1
1853 0
1854 0
1855 0
1856 0
1857 0
1858 0
1859 2
1860 1
1861 0
1862 0
1863 0
1864 0
1865 0
1866 0
1867 0
1868 0
1869 0
1870 0
1871 0
1872 0
1873 0
1874 0
1875 1
1876 1
1877 1
1878 0
1879 0
1880 0
1881 0
1882 0
1883 0
1884 0
1885 1
1886 0
1887 0
1888 0
1889 0
1890 1
1891 1
1892 0
1893 1
1894 2
1895 0
1896 1
1897 0
1898 1
1899 0
1900 1
1901 2
1902 0
1903 0
1904 0
1905 1
1906 0
1907 0
1908 0
1909 0
1910 0
1911 0
1912 0
1913 1
1914 0
1915 1
1916 1
1917 0
1918 0
1919 0
1920 0
1921 0
1922 0
1923 1
1924 0
1925 1
1926 1
1927 0
1928 0
1929 0
1930 0
1931 0
1932 0
1933 0
1934 0
1935 0
1936 1
1937 1
1938 1
1939 0
1940 0
1941 0
1942 1
1943 0
1944 0
1945 0
1946 0
1947 0
1948 1
1949 0
1950 0
1951 0
1952 0
1953 0
1954 0
1955 1
1956 0
1957 1
1958 1
1959 0
1960 0
1961 0
1962 0
1963 1
1964 0
1965 0
1966 0
1967 0
1968 1
1969 0
1970 0
1971 0
1972 0
1973 1
1974 0
1975 0
1976 2
1977 0
1978 0
1979 0
1980 0
1981 0
1982 0
1983 0
1984 0
1985 0
1986 0
1987 0
1988 1
1989 0
1990 0
1991 0
1992 0
1993 0
1994 0
1995 0
1996 0
1997 0
1998 0
1999 0
2000 0
2001 0
2002 0
2003 0
2004 0
2005 3
2006 0
2007 0
2008 0
2009 0
2010 1
2011 0
2012 0
2013 0
2014 0
2015 0
2016 0
2017 1
2018 0
2019 0
2020 0
2021 0
2022 0
2023 0
2024 0
2025 0
2026 0
2027 1
2028 0
2029 1
2030 1
2031 0
2032 0
2033 0
2034 0
2035 0
2036 0
2037 0
2038 0
2039 1
2040 0
2041 0
2042 0
2043 0
2044 0
2045 0
2046 1
2047 0
2048 0
2049 0
2050 0
2051 0
2052 0
2053 0
2054 0
2055 1
2056 0
2057 0
2058 0
2059 1
2060 0
2061 0
2062 1
2063 0
2064 0
2065 0
2066 0
2067 0
2068 0
2069 0
2070 0
2071 0
2072 0
2073 0
2074 1
2075 0
2076 1
2077 0
2078 0
2079 0
2080 0
2081 0
2082 0
2083 0
2084 0
2085 0
2086 0
2087 1
2088 0
2089 0
2090 1
2091 0
2092 1
2093 0
2094 1
2095 1
2096 0
2097 0
2098 0
2099 0
2100 0
2101 0
2102 0
2103 1
2104 0
2105 0
2106 0
2107 0
2108 0
2109 0
2110 0
2111 0
2112 0
2113 0
2114 0
2115 0
2116 1
2117 0
2118 0
2119 0
2120 0
2121 0
2122 1
2123 0
2143 0
2144 2
2145 1
2146 0
2147 0
2148 0
2149 0
2150 0
2151 0
2152 0
2153 0
2154 0
2155 1
2156 0
2176 0
2177 1
2178 0
2220 0
2221 1
2222 0
2223 0
2224 0
2225 0
2226 3
2227 1
2228 0
2229 0
2230 0
2231 1
2232 0
2233 0
2234 0
2235 0
2236 0
2237 1
2238 0
2239 0
2240 0
2241 0
2242 0
2243 0
2244 0
2245 0
2246 0
2247 0
2248 0
2249 0
2250 0
2251 1
2252 0
2253 0
2254 0
2255 0
2256 1
2257 0
2258 0
2259 0
2260 1
2261 0
2262 0
2263 0
2264 0
2265 0
2266 0
2267 0
2268 0
2269 0
2270 0
2271 0
2272 0
2273 0
2274 0
2275 0
2276 0
2277 0
2278 0
2279 0
2280 0
2281 1
2282 0
2283 1
2284 1
2285 0
2286 0
2287 1
2288 0
2289 0
2290 0
2291 0
2292 0
2293 0
2294 0
2295 0
2296 0
2297 0
2298 0
2299 0
2300 0
2301 0
2302 0
2303 0
2304 0
2305 0
2306 1
2307 0
2308 0
2309 0
2310 0
2311 0
2312 0
2313 0
2314 0
2315 0
2316 1
2317 0
2318 0
2319 0
2320 0
2321 0
2322 0
2323 0
2324 0
2325 0
2326 0
2327 0
2328 0
2329 0
2330 0
2331 0
2332 0
2333 1
2334 0
2335 0
2336 0
2337 0
2338 0
2339 1
2340 0
2365 0
2366 1
2367 0
2368 0
2369 0
2370 0
2371 0
2372 0
2373 0
2374 0
2375 0
2376 0
2377 1
2378 0
2379 0
2380 0
2381 1
2382 0
2383 0
2384 1
2385 0
2386 0
2387 0
2388 0
2389 0
2390 0
2391 1
2392 0
2393 0
2394 0
2395 0
2396 0
2397 0
2398 0
2399 0
2400 0
2401 0
2402 1
2403 0
2442 0
2443 1
2444 0
2445 0
2446 0
2447 0
2448 0
2449 0
2450 0
2451 1
2452 0
2487 0
2488 2
2489 0
2490 0
2491 0
2492 0
2493 1
2494 1
2495 0
2496 0
2497 0
2498 1
2499 0
2500 0
2501 0
2502 0
2503 0
2504 0
2505 0
2506 0
2507 0
2508 0
2509 0
2510 0
2511 0
2512 1
2513 0
2514 0
2515 0
2516 0
2517 0
2518 0
2519 0
2520 0
2521 0
2522 0
2523 0
2524 0
2525 0
2526 0
2527 0
2528 1
2529 1
2530 0
2531 0
2532 0
2533 0
2534 0
2535 0
2536 0
2537 0
2538 0
2539 0
2540 0
2541 0
2542 1
2543 0
2594 0
2595 1
2596 0
2597 0
2598 0
2599 0
2600 0
2601 0
2602 0
2603 0
2604 0
2605 0
2606 0
2607 0
2608 0
2609 0
2610 1
2611 0
2637 0
2638 1
2639 0
2660 0
2661 1
2662 0
2734 0
2735 1
2736 1
2737 0
2799 0
2800 1
2801 0
2802 0
2803 0
2804 0
2805 0
2806 0
2807 0
2808 0
2809 0
2810 0
2811 0
2812 0
2813 0
2814 0
2815 0
2816 1
2817 0
2818 0
2819 0
2820 0
2821 0
2822 0
2823 0
2824 0
2825 0
2826 0
2827 0
2828 0
2829 0
2830 1
2831 0
2832 0
2833 0
2834 1
2835 0
2883 0
2884 1
2885 0
2945 0
2946 1
2947 0
2984 0
2985 1
2986 0
3115 0
3116 1
3117 0
3118 0
3119 0
3120 1
3121 0
3155 0
3156 1
3157 0
3325 0
3326 1
3327 0
3455 0
3456 1
3457 0
3458 0
3459 0
3460 1
3461 0
3462 0
3463 0
3464 0
3465 0
3466 0
3467 0
3468 0
3469 0
3470 0
3471 0
3472 0
3473 1
3474 0
3475 0
3476 0
3477 0
3478 0
3479 1
3480 0
3511 0
3512 1
3513 0
3610 0
3611 1
3612 0
3715 0
3716 1
3717 0
3825 0
3826 2
3827 0
3949 0
3950 1
3951 0
3987 0
3988 1
3989 0
4094 0
4095 18
OK
