Histogram of ADC2:
8 0
9 2
10 12
11 6
12 0
1464 0
1465 1
1466 0
2396 0
2397 1
2398 0
2399 0
2400 0
2401 1
2402 0
2403 0
2404 1
2405 0
2406 1
2407 0
2408 0
2409 2
2410 0
2411 0
2412 0
2413 1
2414 0
2415 3
2416 3
2417 3
2418 3
2419 1
2420 2
2421 1
2422 0
2423 0
2424 3
2425 6
2426 5
2427 5
2428 3
2429 3
2430 7
2431 3
2432 8
2433 5
2434 4
2435 6
2436 6
2437 4
2438 7
2439 6
2440 3
2441 12
2442 4
2443 13
2444 5
2445 9
2446 15
2447 12
2448 16
2449 13
2450 18
2451 18
2452 22
2453 24
2454 18
2455 14
2456 29
2457 26
2458 35
2459 25
2460 32
2461 35
2462 39
2463 18
2464 38
2465 28
2466 47
2467 34
2468 44
2469 46
2470 49
2471 49
2472 57
2473 48
2474 59
2475 59
2476 69
2477 70
2478 72
2479 52
2480 90
2481 72
2482 80
2483 89
2484 95
2485 100
2486 105
2487 96
2488 135
2489 105
2490 140
2491 110
2492 143
2493 113
2494 128
2495 82
2496 196
2497 154
2498 153
2499 148
2500 164
2501 176
2502 202
2503 144
2504 192
2505 170
2506 219
2507 181
2508 224
2509 202
2510 252
2511 189
2512 280
2513 213
2514 263
2515 248
2516 239
2517 259
2518 275
2519 253
2520 305
2521 242
2522 334
2523 287
2524 295
2525 289
2526 343
2527 230
2528 381
2529 309
2530 327
2531 330
2532 325
2533 367
2534 357
2535 283
2536 417
2537 317
2538 411
2539 364
2540 355
2541 371
2542 392
2543 320
2544 477
2545 345
2546 383
2547 363
2548 389
2549 403
2550 399
2551 379
2552 415
2553 362
2554 456
2555 391
2556 395
2557 361
2558 451
2559 35
2560 690
2561 374
2562 429
2563 373
2564 377
2565 384
2566 408
2567 344
2568 404
2569 281
2570 438
2571 374
2572 348
2573 341
2574 378
2575 280
2576 410
2577 319
2578 333
2579 288
2580 311
2581 309
2582 346
2583 292
2584 378
2585 304
2586 367
2587 292
2588 295
2589 261
2590 320
2591 181
2592 355
2593 247
2594 286
2595 264
2596 227
2597 231
2598 262
2599 204
2600 251
2601 152
2602 220
2603 203
2604 221
2605 172
2606 209
2607 140
2608 228
2609 133
2610 164
2611 147
2612 151
2613 150
2614 159
2615 111
2616 130
2617 119
2618 139
2619 91
2620 115
2621 112
2622 127
2623 75
2624 148
2625 89
2626 86
2627 72
2628 74
2629 89
2630 88
2631 58
2632 77
2633 62
2634 75
2635 58
2636 65
2637 37
2638 59
2639 33
2640 46
2641 42
2642 40
2643 45
2644 49
2645 34
2646 34
2647 26
2648 35
2649 26
2650 31
2651 27
2652 23
2653 22
2654 14
2655 14
2656 20
2657 15
2658 18
2659 14
2660 12
2661 10
2662 14
2663 12
2664 13
2665 9
2666 11
2667 6
2668 14
2669 10
2670 10
2671 6
2672 9
2673 7
2674 6
2675 7
2676 4
2677 1
2678 5
2679 4
2680 4
2681 3
2682 5
2683 3
2684 2
2685 4
2686 0
2687 2
2688 3
2689 6
2690 1
2691 1
2692 1
2693 1
2694 0
2695 1
2696 1
2697 1
2698 0
2699 3
2700 0
2701 1
2702 0
2703 0
2704 1
2705 0
2706 0
2707 0
2708 0
2709 0
2710 0
2711 0
2712 1
2713 0
2714 0
2715 1
2716 0
2717 0
2718 0
2719 0
2720 0
2721 0
2722 0
2723 0
2724 0
2725 0
2726 0
2727 0
2728 0
2729 0
2730 0
2731 0
2732 0
2733 0
2734 0
2735 0
2736 1
2737 0
OK
