Histogram of ADC2:
0 201927
1 1
2 1
3 0
4 1
5 0
6 0
7 0
8 1
9 0
10 0
11 0
12 0
13 0
14 0
15 0
16 0
17 0
18 0
19 1
20 0
315 0
316 1
317 0
473 0
474 1
475 0
572 0
573 1
574 0
575 0
576 0
577 0
578 0
579 0
580 0
581 0
582 0
583 0
584 0
585 0
586 0
587 0
588 0
589 0
590 1
591 0
618 0
619 1
620 0
671 0
672 2
673 0
674 3
675 2
676 6
677 9
678 18
679 19
680 24
681 42
682 41
683 55
684 70
685 65
686 76
687 100
688 105
689 107
690 127
691 128
692 138
693 133
694 146
695 137
696 140
697 136
698 155
699 126
700 123
701 104
702 115
703 108
704 106
705 87
706 82
707 67
708 61
709 44
710 45
711 38
712 22
713 13
714 7
715 5
716 8
717 4
718 0
719 2
720 1
721 0
OK
