Histogram of ADC2:
0 142050
1 0
427 0
428 1
429 0
691 0
692 1
693 0
1154 0
1155 1
1156 1
1157 0
1158 0
1159 0
1160 1
1161 3
1162 5
1163 6
1164 10
1165 16
1166 16
1167 29
1168 29
1169 48
1170 45
1171 86
1172 83
1173 92
1174 107
1175 118
1176 112
1177 148
1178 142
1179 129
1180 139
1181 174
1182 135
1183 163
1184 152
1185 120
1186 153
1187 156
1188 118
1189 124
1190 111
1191 88
1192 80
1193 85
1194 75
1195 77
1196 60
1197 41
1198 51
1199 26
1200 19
1201 24
1202 18
1203 10
1204 5
1205 3
1206 4
1207 2
1208 0
1209 1
1210 0
1211 1
1212 0
3070 0
3071 1
3072 0
OK
