Histogram of ADC0:
302 0
303 1
304 0
305 2
306 0
307 2
308 0
309 2
310 2
311 1
312 0
313 0
314 1
315 2
316 0
317 0
318 0
319 1
320 1
321 0
322 0
323 4
324 0
325 1
326 0
327 0
328 0
329 0
330 0
331 0
332 0
333 0
334 0
335 0
336 0
337 0
338 0
339 0
340 0
341 1
342 0
622 0
623 1
624 0
625 0
626 0
627 0
628 0
629 0
630 0
631 0
632 0
633 0
634 0
635 0
636 0
637 0
638 0
639 0
640 0
641 0
642 0
643 0
644 2
645 2
646 1
647 1
648 1
649 0
650 1
651 1
652 2
653 2
654 2
655 1
656 5
657 3
658 3
659 0
660 3
661 3
662 2
663 4
664 2
665 11
666 4
667 5
668 3
669 4
670 7
671 2
672 7
673 9
674 6
675 11
676 10
677 7
678 8
679 8
680 17
681 11
682 7
683 11
684 16
685 18
686 3
687 12
688 19
689 13
690 12
691 13
692 12
693 18
694 11
695 17
696 5
697 14
698 12
699 9
700 17
701 11
702 12
703 15
704 17
705 11
706 11
707 12
708 21
709 12
710 25
711 19
712 11
713 11
714 17
715 11
716 19
717 24
718 20
719 16
720 21
721 18
722 15
723 12
724 19
725 22
726 11
727 7
728 20
729 9
730 10
731 9
732 16
733 26
734 12
735 5
736 22
737 10
738 12
739 15
740 15
741 23
742 16
743 13
744 20
745 10
746 23
747 14
748 8
749 15
750 17
751 13
752 13
753 14
754 12
755 9
756 15
757 8
758 14
759 14
760 16
761 22
762 15
763 14
764 16
765 8
766 11
767 14
768 18
769 8
770 15
771 20
772 11
773 13
774 15
775 13
776 17
777 12
778 18
779 9
780 17
781 15
782 10
783 17
784 15
785 16
786 14
787 19
788 15
789 10
790 20
791 10
792 10
793 16
794 16
795 13
796 14
797 14
798 10
799 13
800 9
801 18
802 11
803 17
804 14
805 14
806 16
807 11
808 17
809 13
810 14
811 12
812 9
813 22
814 10
815 14
816 9
817 10
818 14
819 8
820 11
821 13
822 13
823 12
824 13
825 11
826 15
827 9
828 13
829 5
830 7
831 9
832 9
833 11
834 15
835 8
836 12
837 6
838 10
839 13
840 11
841 12
842 9
843 14
844 9
845 13
846 14
847 7
848 13
849 6
850 11
851 9
852 15
853 6
854 7
855 12
856 9
857 3
858 10
859 6
860 8
861 11
862 8
863 11
864 8
865 7
866 12
867 7
868 16
869 13
870 6
871 6
872 11
873 8
874 7
875 6
876 14
877 10
878 12
879 7
880 9
881 4
882 8
883 8
884 14
885 9
886 6
887 6
888 8
889 3
890 12
891 14
892 11
893 9
894 9
895 5
896 8
897 12
898 9
899 9
900 8
901 6
902 4
903 5
904 10
905 8
906 8
907 7
908 7
909 6
910 6
911 9
912 7
913 6
914 9
915 6
916 6
917 9
918 4
919 7
920 5
921 7
922 6
923 8
924 4
925 7
926 7
927 2
928 10
929 9
930 9
931 6
932 6
933 10
934 5
935 3
936 5
937 6
938 9
939 5
940 8
941 9
942 2
943 9
944 6
945 4
946 6
947 8
948 6
949 5
950 2
951 5
952 3
953 8
954 7
955 8
956 6
957 7
958 7
959 4
960 6
961 4
962 5
963 6
964 11
965 8
966 1
967 7
968 6
969 4
970 5
971 9
972 4
973 4
974 4
975 6
976 3
977 7
978 4
979 4
980 5
981 2
982 4
983 3
984 4
985 9
986 2
987 11
988 3
989 9
990 4
991 4
992 10
993 4
994 6
995 2
996 6
997 4
998 10
999 5
1000 8
1001 6
1002 5
1003 5
1004 3
1005 2
1006 8
1007 3
1008 8
1009 3
1010 3
1011 6
1012 2
1013 5
1014 4
1015 2
1016 5
1017 2
1018 4
1019 2
1020 2
1021 6
1022 5
1023 1
1024 9
1025 6
1026 6
1027 6
1028 4
1029 3
1030 4
1031 2
1032 6
1033 2
1034 1
1035 1
1036 1
1037 3
1038 5
1039 5
1040 1
1041 7
1042 5
1043 4
1044 3
1045 4
1046 6
1047 2
1048 5
1049 2
1050 5
1051 2
1052 6
1053 2
1054 4
1055 2
1056 2
1057 4
1058 4
1059 7
1060 2
1061 1
1062 5
1063 3
1064 4
1065 1
1066 7
1067 5
1068 5
1069 3
1070 5
1071 2
1072 2
1073 5
1074 2
1075 2
1076 7
1077 7
1078 2
1079 5
1080 2
1081 2
1082 5
1083 3
1084 4
1085 2
1086 6
1087 1
1088 3
1089 4
1090 3
1091 3
1092 0
1093 5
1094 1
1095 1
1096 4
1097 1
1098 3
1099 4
1100 3
1101 4
1102 5
1103 3
1104 2
1105 2
1106 3
1107 1
1108 0
1109 0
1110 5
1111 1
1112 2
1113 3
1114 3
1115 0
1116 2
1117 1
1118 0
1119 2
1120 2
1121 3
1122 2
1123 2
1124 2
1125 0
1126 7
1127 2
1128 2
1129 3
1130 3
1131 1
1132 2
1133 4
1134 2
1135 3
1136 2
1137 1
1138 3
1139 1
1140 4
1141 4
1142 4
1143 0
1144 2
1145 1
1146 1
1147 2
1148 2
1149 3
1150 2
1151 1
1152 2
1153 3
1154 3
1155 3
1156 7
1157 3
1158 4
1159 2
1160 1
1161 4
1162 1
1163 0
1164 4
1165 1
1166 1
1167 4
1168 0
1169 2
1170 2
1171 1
1172 1
1173 1
1174 0
1175 5
1176 3
1177 0
1178 1
1179 2
1180 3
1181 1
1182 1
1183 0
1184 1
1185 3
1186 1
1187 0
1188 3
1189 2
1190 1
1191 2
1192 3
1193 4
1194 4
1195 1
1196 3
1197 1
1198 3
1199 0
1200 0
1201 4
1202 4
1203 2
1204 1
1205 3
1206 1
1207 1
1208 4
1209 1
1210 1
1211 2
1212 3
1213 3
1214 1
1215 0
1216 3
1217 3
1218 0
1219 1
1220 3
1221 1
1222 0
1223 2
1224 5
1225 4
1226 3
1227 0
1228 2
1229 0
1230 2
1231 5
1232 4
1233 5
1234 3
1235 0
1236 3
1237 0
1238 2
1239 3
1240 1
1241 0
1242 1
1243 1
1244 1
1245 2
1246 2
1247 0
1248 1
1249 0
1250 4
1251 3
1252 4
1253 2
1254 0
1255 2
1256 0
1257 1
1258 2
1259 1
1260 2
1261 2
1262 1
1263 2
1264 2
1265 0
1266 1
1267 0
1268 1
1269 0
1270 2
1271 1
1272 1
1273 1
1274 0
1275 3
1276 1
1277 0
1278 1
1279 0
1280 1
1281 1
1282 1
1283 1
1284 3
1285 5
1286 2
1287 1
1288 1
1289 1
1290 0
1291 0
1292 0
1293 2
1294 1
1295 1
1296 0
1297 2
1298 2
1299 2
1300 3
1301 3
1302 4
1303 1
1304 1
1305 0
1306 0
1307 0
1308 2
1309 2
1310 1
1311 0
1312 1
1313 1
1314 2
1315 1
1316 2
1317 0
1318 0
1319 2
1320 2
1321 1
1322 0
1323 1
1324 0
1325 2
1326 1
1327 2
1328 0
1329 1
1330 0
1331 1
1332 0
1333 2
1334 0
1335 0
1336 0
1337 1
1338 1
1339 1
1340 1
1341 3
1342 2
1343 0
1344 3
1345 3
1346 0
1347 0
1348 1
1349 0
1350 4
1351 0
1352 1
1353 1
1354 1
1355 3
1356 0
1357 0
1358 0
1359 1
1360 2
1361 1
1362 0
1363 0
1364 2
1365 2
1366 2
1367 0
1368 4
1369 0
1370 0
1371 2
1372 2
1373 0
1374 0
1375 1
1376 1
1377 1
1378 1
1379 0
1380 1
1381 1
1382 0
1383 0
1384 1
1385 1
1386 2
1387 2
1388 1
1389 0
1390 0
1391 2
1392 0
1393 0
1394 0
1395 2
1396 1
1397 1
1398 0
1399 0
1400 2
1401 3
1402 1
1403 1
1404 2
1405 1
1406 1
1407 1
1408 0
1409 2
1410 0
1411 1
1412 1
1413 1
1414 0
1415 1
1416 0
1417 0
1418 1
1419 0
1420 1
1421 1
1422 2
1423 1
1424 1
1425 2
1426 1
1427 1
1428 1
1429 2
1430 0
1431 1
1432 2
1433 1
1434 2
1435 3
1436 2
1437 2
1438 2
1439 0
1440 1
1441 2
1442 0
1443 1
1444 1
1445 1
1446 0
1447 1
1448 1
1449 0
1450 0
1451 2
1452 1
1453 0
1454 1
1455 2
1456 1
1457 1
1458 0
1459 2
1460 0
1461 1
1462 0
1463 1
1464 1
1465 0
1466 0
1467 0
1468 0
1469 0
1470 1
1471 0
1472 1
1473 0
1474 1
1475 1
1476 0
1477 2
1478 0
1479 1
1480 0
1481 1
1482 0
1483 0
1484 1
1485 2
1486 0
1487 0
1488 2
1489 0
1490 2
1491 0
1492 0
1493 2
1494 2
1495 2
1496 0
1497 2
1498 0
1499 1
1500 0
1501 0
1502 0
1503 0
1504 0
1505 0
1506 1
1507 0
1508 3
1509 1
1510 2
1511 0
1512 1
1513 1
1514 0
1515 0
1516 0
1517 2
1518 2
1519 0
1520 1
1521 0
1522 0
1523 0
1524 2
1525 0
1526 1
1527 0
1528 0
1529 2
1530 1
1531 1
1532 1
1533 1
1534 1
1535 1
1536 2
1537 0
1538 1
1539 1
1540 1
1541 0
1542 0
1543 0
1544 3
1545 0
1546 1
1547 0
1548 1
1549 2
1550 1
1551 0
1552 1
1553 0
1554 0
1555 0
1556 0
1557 1
1558 0
1559 2
1560 1
1561 1
1562 1
1563 1
1564 0
1565 1
1566 1
1567 0
1568 0
1569 0
1570 0
1571 0
1572 1
1573 0
1574 0
1575 2
1576 0
1577 0
1578 1
1579 2
1580 1
1581 0
1582 0
1583 0
1584 2
1585 0
1586 0
1587 0
1588 0
1589 1
1590 1
1591 0
1592 1
1593 0
1594 0
1595 1
1596 1
1597 0
1598 0
1599 0
1600 0
1601 0
1602 1
1603 0
1604 2
1605 0
1606 1
1607 2
1608 0
1609 0
1610 0
1611 0
1612 0
1613 0
1614 1
1615 0
1616 0
1617 0
1618 1
1619 0
1620 0
1621 1
1622 0
1623 0
1624 0
1625 0
1626 0
1627 1
1628 0
1629 0
1630 0
1631 0
1632 3
1633 0
1634 0
1635 1
1636 0
1637 0
1638 2
1639 0
1640 0
1641 0
1642 1
1643 0
1644 0
1645 0
1646 0
1647 0
1648 0
1649 2
1650 2
1651 2
1652 2
1653 0
1654 0
1655 0
1656 1
1657 0
1658 1
1659 1
1660 1
1661 0
1662 2
1663 1
1664 1
1665 0
1666 1
1667 1
1668 1
1669 0
1670 2
1671 1
1672 1
1673 1
1674 1
1675 0
1676 2
1677 1
1678 0
1679 1
1680 0
1681 0
1682 0
1683 1
1684 0
1685 0
1686 0
1687 0
1688 0
1689 0
1690 1
1691 1
1692 1
1693 0
1694 1
1695 0
1696 0
1697 0
1698 0
1699 0
1700 0
1701 2
1702 0
1703 1
1704 0
1705 1
1706 1
1707 1
1708 0
1709 0
1710 0
1711 1
1712 1
1713 1
1714 0
1715 1
1716 0
1717 0
1718 0
1719 0
1720 0
1721 0
1722 0
1723 0
1724 1
1725 1
1726 0
1727 0
1728 0
1729 1
1730 1
1731 0
1732 0
1733 0
1734 0
1735 0
1736 0
1737 1
1738 2
1739 0
1740 1
1741 0
1742 0
1743 1
1744 1
1745 0
1746 1
1747 0
1748 0
1749 0
1750 0
1751 1
1752 0
1753 2
1754 2
1755 0
1756 1
1757 0
1758 0
1759 0
1760 2
1761 1
1762 0
1763 1
1764 0
1765 1
1766 0
1767 0
1768 0
1769 0
1770 0
1771 0
1772 0
1773 0
1774 0
1775 1
1776 0
1777 0
1778 0
1779 0
1780 1
1781 1
1782 0
1783 0
1784 0
1785 0
1786 0
1787 0
1788 0
1789 0
1790 0
1791 0
1792 0
1793 0
1794 1
1795 0
1796 0
1797 0
1798 0
1799 0
1800 0
1801 0
1802 2
1803 0
1804 2
1805 0
1806 1
1807 0
1808 0
1809 0
1810 0
1811 0
1812 1
1813 1
1814 0
1815 0
1816 0
1817 0
1818 0
1819 0
1820 0
1821 1
1822 0
1823 0
1824 1
1825 1
1826 0
1827 0
1828 0
1829 1
1830 0
1831 0
1832 1
1833 0
1834 1
1835 0
1836 0
1837 0
1838 0
1839 0
1840 0
1841 1
1842 0
1843 0
1844 0
1845 0
1846 0
1847 0
1848 0
1849 0
1850 0
1851 0
1852 0
1853 0
1854 1
1855 0
1878 0
1879 1
1880 0
1881 1
1882 0
1883 0
1884 0
1885 0
1886 1
1887 0
1888 0
1889 0
1890 0
1891 0
1892 1
1893 0
1894 0
1895 0
1896 1
1897 0
1898 0
1899 0
1900 0
1901 0
1902 0
1903 1
1904 0
1905 0
1906 1
1907 0
1908 0
1909 0
1910 1
1911 0
1912 0
1913 0
1914 0
1915 0
1916 0
1917 1
1918 1
1919 0
1920 0
1921 0
1922 1
1923 0
1924 0
1925 0
1926 0
1927 0
1928 0
1929 0
1930 0
1931 0
1932 1
1933 1
1934 0
1935 0
1936 2
1937 0
1938 0
1939 1
1940 0
1941 0
1942 0
1943 0
1944 1
1945 0
1946 0
1947 0
1948 1
1949 0
1950 0
1951 0
1952 0
1953 0
1954 0
1955 0
1956 0
1957 0
1958 0
1959 1
1960 0
1961 1
1962 0
1963 0
1964 0
1965 0
1966 0
1967 1
1968 1
1969 0
1970 0
1971 0
1972 0
1973 1
1974 0
1975 0
1976 0
1977 1
1978 1
1979 0
1980 1
1981 0
1982 0
1983 1
1984 0
1985 0
1986 0
1987 0
1988 0
1989 0
1990 1
1991 1
1992 0
1993 0
1994 1
1995 1
1996 0
1997 0
1998 0
1999 0
2000 0
2001 0
2002 0
2003 0
2004 0
2005 0
2006 0
2007 1
2008 0
2009 0
2010 0
2011 0
2012 0
2013 0
2014 0
2015 0
2016 1
2017 0
2018 0
2019 0
2020 0
2021 0
2022 0
2023 0
2024 0
2025 1
2026 0
2027 0
2028 0
2029 0
2030 0
2031 0
2032 0
2033 0
2034 0
2035 0
2036 0
2037 0
2038 0
2039 0
2040 0
2041 0
2042 0
2043 1
2044 0
2045 1
2046 0
2047 0
2048 2
2049 0
2050 1
2051 0
2052 0
2053 0
2054 0
2055 0
2056 0
2057 0
2058 1
2059 0
2060 0
2061 1
2062 0
2063 0
2064 0
2065 1
2066 0
2067 0
2068 0
2069 1
2070 0
2071 0
2072 0
2073 0
2074 0
2075 1
2076 0
2077 0
2078 0
2079 0
2080 0
2081 1
2082 0
2083 0
2084 1
2085 0
2086 0
2087 0
2088 0
2089 0
2090 0
2091 0
2092 0
2093 0
2094 0
2095 0
2096 1
2097 0
2098 0
2099 0
2100 1
2101 1
2102 0
2103 0
2104 0
2105 0
2106 0
2107 1
2108 1
2109 0
2110 0
2111 0
2112 1
2113 0
2114 0
2115 0
2116 0
2117 0
2118 0
2119 0
2120 0
2121 0
2122 0
2123 1
2124 0
2125 0
2126 0
2127 0
2128 0
2129 0
2130 0
2131 0
2132 0
2133 0
2134 0
2135 0
2136 0
2137 0
2138 0
2139 0
2140 0
2141 0
2142 0
2143 0
2144 1
2145 0
2146 0
2147 0
2148 0
2149 0
2150 0
2151 1
2152 0
2153 0
2154 0
2155 0
2156 0
2157 0
2158 0
2159 0
2160 1
2161 0
2162 0
2163 1
2164 0
2165 0
2166 0
2167 0
2168 1
2169 0
2170 0
2171 1
2172 0
2173 0
2174 0
2175 0
2176 0
2177 0
2178 0
2179 0
2180 0
2181 0
2182 0
2183 0
2184 2
2185 0
2186 0
2187 1
2188 0
2189 0
2190 0
2191 0
2192 0
2193 1
2194 0
2195 1
2196 0
2197 0
2198 0
2199 0
2200 0
2201 0
2202 0
2203 0
2204 0
2205 0
2206 0
2207 0
2208 0
2209 0
2210 0
2211 0
2212 0
2213 0
2214 0
2215 0
2216 1
2217 0
2218 0
2219 0
2220 0
2221 0
2222 0
2223 0
2224 0
2225 1
2226 0
2227 0
2228 0
2229 0
2230 0
2231 0
2232 0
2233 0
2234 0
2235 0
2236 0
2237 1
2238 0
2239 0
2240 0
2241 0
2242 0
2243 0
2244 1
2245 0
2246 0
2247 0
2248 0
2249 0
2250 0
2251 0
2252 0
2253 0
2254 0
2255 0
2256 0
2257 1
2258 0
2259 0
2260 0
2261 1
2262 0
2263 0
2264 0
2265 0
2266 0
2267 0
2268 0
2269 0
2270 0
2271 0
2272 0
2273 0
2274 0
2275 0
2276 0
2277 0
2278 0
2279 0
2280 1
2281 0
2282 0
2283 0
2284 0
2285 0
2286 0
2287 0
2288 0
2289 0
2290 0
2291 0
2292 0
2293 0
2294 1
2295 0
2296 0
2297 0
2298 0
2299 0
2300 1
2301 0
2302 0
2303 0
2304 1
2305 0
2306 1
2307 0
2308 0
2309 1
2310 0
2311 0
2312 0
2313 1
2314 0
2315 0
2316 0
2317 0
2318 0
2319 0
2320 1
2321 0
2322 0
2323 0
2324 1
2325 0
2326 1
2327 0
2328 0
2329 0
2330 1
2331 0
2332 0
2333 0
2334 0
2335 0
2336 0
2337 0
2338 0
2339 0
2340 0
2341 0
2342 0
2343 0
2344 1
2345 0
2346 1
2347 0
2348 0
2349 0
2350 0
2351 0
2352 0
2353 0
2354 0
2355 0
2356 1
2357 0
2358 0
2359 1
2360 1
2361 0
2362 0
2363 0
2364 0
2365 0
2366 0
2367 0
2368 0
2369 0
2370 0
2371 0
2372 0
2373 0
2374 0
2375 0
2376 2
2377 0
2378 0
2379 0
2380 0
2381 0
2382 0
2383 0
2384 0
2385 1
2386 0
2387 0
2388 0
2389 0
2390 0
2391 0
2392 0
2393 0
2394 0
2395 0
2396 0
2397 0
2398 0
2399 0
2400 0
2401 0
2402 0
2403 0
2404 1
2405 1
2406 0
2429 0
2430 1
2431 0
2462 0
2463 1
2464 0
2465 0
2466 0
2467 0
2468 0
2469 1
2470 0
2471 0
2472 0
2473 1
2474 0
2475 0
2476 0
2477 0
2478 0
2479 1
2480 0
2481 0
2482 0
2483 0
2484 0
2485 0
2486 0
2487 0
2488 0
2489 0
2490 0
2491 0
2492 0
2493 0
2494 0
2495 0
2496 0
2497 0
2498 0
2499 0
2500 1
2501 0
2502 0
2503 0
2504 0
2505 1
2506 0
2617 0
2618 1
2619 0
2640 0
2641 1
2642 0
2694 0
2695 1
2696 0
2697 0
2698 0
2699 0
2700 0
2701 0
2702 0
2703 1
2704 0
2836 0
2837 1
2838 0
2839 0
2840 0
2841 0
2842 0
2843 0
2844 1
2845 0
2903 0
2904 1
2905 0
2955 0
2956 1
2957 0
3007 0
3008 1
3009 0
3034 0
3035 1
3036 0
3060 0
3061 1
3062 0
3110 0
3111 1
3112 0
3113 0
3114 0
3115 0
3116 0
3117 0
3118 0
3119 0
3120 0
3121 0
3122 0
3123 1
3124 0
3125 0
3126 0
3127 0
3128 0
3129 0
3130 0
3131 0
3132 0
3133 0
3134 0
3135 0
3136 0
3137 0
3138 0
3139 0
3140 1
3141 0
3142 0
3143 0
3144 0
3145 0
3146 0
3147 0
3148 0
3149 0
3150 0
3151 0
3152 0
3153 0
3154 0
3155 0
3156 0
3157 0
3158 0
3159 0
3160 1
3161 0
3216 0
3217 1
3218 0
3253 0
3254 1
3255 0
3256 0
3257 0
3258 0
3259 0
3260 0
3261 0
3262 0
3263 0
3264 0
3265 0
3266 0
3267 0
3268 0
3269 0
3270 0
3271 0
3272 0
3273 1
3274 0
3275 1
3276 0
3310 0
3311 1
3312 0
3313 0
3314 1
3315 0
3316 0
3317 0
3318 0
3319 0
3320 0
3321 0
3322 0
3323 0
3324 0
3325 0
3326 0
3327 0
3328 0
3329 0
3330 0
3331 0
3332 0
3333 0
3334 0
3335 1
3336 0
3562 0
3563 1
3564 0
3639 0
3640 1
3641 0
3807 0
3808 1
3809 0
3956 0
3957 1
3958 0
3959 0
3960 0
3961 0
3962 0
3963 0
3964 0
3965 0
3966 0
3967 0
3968 0
3969 0
3970 0
3971 0
3972 0
3973 0
3974 0
3975 0
3976 1
3977 0
4094 0
4095 40780
OK
