Histogram of ADC2:
9 0
10 20
11 1
12 0
13 0
14 0
15 0
16 0
17 0
18 0
19 0
20 0
21 0
22 0
23 3
24 42
25 206
26 335
27 373
28 364
29 326
30 346
31 239
32 243
33 227
34 205
35 170
36 138
37 133
38 117
39 119
40 98
41 83
42 76
43 64
44 52
45 55
46 41
47 47
48 55
49 35
50 29
51 28
52 25
53 27
54 24
55 23
56 25
57 24
58 16
59 17
60 21
61 17
62 15
63 6
64 13
65 8
66 20
67 11
68 11
69 8
70 14
71 3
72 8
73 7
74 1
75 3
76 5
77 5
78 7
79 6
80 6
81 2
82 5
83 3
84 6
85 4
86 2
87 3
88 6
89 2
90 2
91 2
92 2
93 5
94 4
95 5
96 3
97 2
98 1
99 1
100 3
101 2
102 0
103 0
104 0
105 0
106 1
107 1
108 0
109 0
110 2
111 0
112 0
113 0
114 0
115 2
116 0
117 0
118 1
119 0
120 1
121 0
122 0
123 2
124 1
125 0
126 1
127 1
128 1
129 1
130 0
131 1
132 0
133 1
134 2
135 2
136 1
137 0
138 0
139 0
140 0
141 0
142 0
143 0
144 0
145 1
146 0
147 0
148 0
149 1
150 0
151 0
152 0
153 0
154 0
155 0
156 1
157 0
158 0
159 0
160 0
161 0
162 1
163 1
164 0
165 0
166 0
167 0
168 0
169 1
170 0
171 0
172 0
173 0
174 0
175 0
176 0
177 0
178 0
179 0
180 0
181 1
182 1
183 0
184 0
185 0
186 0
187 0
188 0
189 0
190 1
191 0
192 1
193 0
194 0
195 0
196 0
197 1
198 0
199 1
200 0
201 0
202 0
203 0
204 0
205 0
206 0
207 0
208 0
209 0
210 0
211 0
212 0
213 0
214 0
215 0
216 0
217 1
218 0
219 1
220 0
221 0
222 0
223 0
224 0
225 0
226 1
227 0
228 1
229 0
230 1
231 0
263 0
264 1
265 0
266 0
267 1
268 0
290 0
291 1
292 0
293 0
294 0
295 0
296 0
297 0
298 1
299 0
362 0
363 1
364 0
365 0
366 0
367 0
368 0
369 0
370 0
371 0
372 0
373 0
374 0
375 0
376 0
377 1
378 0
413 0
414 1
415 0
573 0
574 1
575 0
576 0
577 0
578 0
579 0
580 0
581 0
582 0
583 0
584 1
585 0
586 1
587 2
588 1
589 4
590 4
591 3
592 3
593 3
594 2
595 9
596 11
597 10
598 14
599 11
600 10
601 19
602 16
603 26
604 30
605 23
606 20
607 40
608 45
609 53
610 70
611 63
612 76
613 91
614 117
615 119
616 102
617 142
618 168
619 164
620 182
621 226
622 215
623 234
624 308
625 274
626 326
627 341
628 388
629 355
630 481
631 440
632 493
633 486
634 555
635 557
636 614
637 579
638 706
639 547
640 771
641 689
642 836
643 755
644 864
645 828
646 920
647 788
648 856
649 819
650 926
651 897
652 917
653 834
654 949
655 866
656 964
657 849
658 849
659 781
660 790
661 749
662 766
663 732
664 731
665 642
666 675
667 569
668 617
669 580
670 577
671 443
672 515
673 451
674 449
675 433
676 381
677 350
678 349
679 295
680 325
681 256
682 259
683 225
684 196
685 164
686 171
687 161
688 128
689 131
690 100
691 107
692 88
693 90
694 63
695 64
696 51
697 43
698 40
699 30
700 32
701 29
702 22
703 20
704 20
705 17
706 12
707 23
708 12
709 4
710 7
711 6
712 6
713 5
714 2
715 3
716 3
717 3
718 4
719 0
720 1
721 2
722 0
723 0
724 1
725 0
726 0
727 0
728 0
729 0
730 0
731 0
732 0
733 0
734 0
735 0
736 0
737 0
738 0
739 0
740 0
741 0
742 0
743 1
744 0
897 0
898 1
899 0
2061 0
2062 1
2063 0
OK
