Histogram of ADC0:
300 0
301 1
302 1
303 1
304 1
305 0
306 3
307 1
308 0
309 1
310 2
311 0
312 4
313 1
314 0
315 0
316 0
317 0
318 0
319 0
320 0
321 0
322 0
323 0
324 0
325 0
326 0
327 0
328 0
329 0
330 1
331 0
332 2
333 0
334 0
335 0
336 1
337 0
338 0
339 0
340 0
341 1
342 0
636 0
637 1
638 0
639 0
640 0
641 0
642 0
643 0
644 1
645 0
646 0
647 0
648 0
649 0
650 2
651 0
652 1
653 3
654 1
655 2
656 0
657 4
658 3
659 2
660 1
661 2
662 3
663 2
664 4
665 3
666 5
667 5
668 3
669 6
670 4
671 4
672 8
673 6
674 9
675 2
676 4
677 7
678 10
679 5
680 13
681 11
682 16
683 6
684 9
685 18
686 10
687 8
688 14
689 9
690 13
691 16
692 18
693 11
694 14
695 11
696 13
697 7
698 20
699 13
700 15
701 11
702 20
703 14
704 13
705 12
706 20
707 12
708 18
709 11
710 20
711 9
712 13
713 12
714 10
715 13
716 15
717 21
718 10
719 23
720 12
721 18
722 13
723 18
724 17
725 16
726 15
727 10
728 15
729 14
730 14
731 19
732 13
733 18
734 9
735 4
736 18
737 18
738 14
739 17
740 18
741 29
742 15
743 19
744 18
745 15
746 12
747 16
748 14
749 14
750 12
751 14
752 18
753 14
754 15
755 10
756 18
757 11
758 10
759 8
760 19
761 15
762 20
763 10
764 18
765 14
766 13
767 10
768 13
769 19
770 16
771 11
772 12
773 8
774 13
775 10
776 11
777 18
778 20
779 10
780 16
781 10
782 13
783 16
784 10
785 13
786 13
787 8
788 17
789 9
790 11
791 19
792 10
793 14
794 16
795 8
796 8
797 12
798 14
799 11
800 15
801 8
802 16
803 13
804 10
805 21
806 15
807 10
808 15
809 15
810 9
811 8
812 11
813 11
814 6
815 9
816 6
817 17
818 13
819 10
820 11
821 12
822 9
823 22
824 13
825 6
826 17
827 11
828 15
829 8
830 13
831 7
832 12
833 8
834 16
835 16
836 9
837 8
838 10
839 13
840 10
841 19
842 5
843 13
844 15
845 12
846 8
847 12
848 6
849 9
850 12
851 15
852 15
853 8
854 10
855 11
856 13
857 5
858 8
859 6
860 10
861 7
862 8
863 7
864 6
865 11
866 15
867 11
868 5
869 11
870 9
871 11
872 14
873 12
874 7
875 6
876 10
877 10
878 9
879 7
880 13
881 11
882 11
883 3
884 9
885 10
886 4
887 8
888 6
889 3
890 11
891 8
892 5
893 10
894 6
895 2
896 7
897 9
898 8
899 6
900 7
901 8
902 6
903 4
904 4
905 8
906 10
907 7
908 11
909 4
910 5
911 8
912 6
913 9
914 6
915 6
916 6
917 4
918 4
919 6
920 4
921 8
922 3
923 8
924 7
925 7
926 5
927 10
928 7
929 9
930 4
931 9
932 11
933 3
934 6
935 5
936 3
937 6
938 4
939 6
940 4
941 9
942 12
943 7
944 14
945 3
946 4
947 6
948 6
949 4
950 4
951 3
952 7
953 6
954 8
955 5
956 8
957 2
958 4
959 3
960 3
961 3
962 5
963 6
964 3
965 2
966 4
967 9
968 6
969 12
970 7
971 9
972 4
973 6
974 7
975 5
976 5
977 0
978 4
979 5
980 5
981 6
982 3
983 7
984 4
985 5
986 2
987 2
988 7
989 7
990 4
991 2
992 3
993 5
994 4
995 2
996 7
997 4
998 5
999 4
1000 3
1001 4
1002 5
1003 5
1004 6
1005 7
1006 7
1007 4
1008 5
1009 3
1010 9
1011 3
1012 6
1013 2
1014 0
1015 10
1016 4
1017 3
1018 6
1019 4
1020 6
1021 3
1022 5
1023 1
1024 7
1025 5
1026 3
1027 3
1028 4
1029 4
1030 3
1031 5
1032 3
1033 7
1034 2
1035 4
1036 2
1037 2
1038 4
1039 1
1040 5
1041 3
1042 8
1043 3
1044 2
1045 3
1046 3
1047 6
1048 2
1049 3
1050 4
1051 4
1052 4
1053 0
1054 5
1055 2
1056 3
1057 3
1058 1
1059 2
1060 3
1061 1
1062 3
1063 2
1064 7
1065 5
1066 2
1067 3
1068 1
1069 2
1070 5
1071 2
1072 2
1073 2
1074 4
1075 1
1076 2
1077 7
1078 1
1079 3
1080 1
1081 5
1082 1
1083 3
1084 7
1085 3
1086 4
1087 5
1088 2
1089 2
1090 1
1091 1
1092 5
1093 4
1094 5
1095 3
1096 5
1097 1
1098 1
1099 2
1100 1
1101 2
1102 5
1103 1
1104 4
1105 1
1106 2
1107 1
1108 6
1109 3
1110 4
1111 4
1112 5
1113 4
1114 3
1115 2
1116 4
1117 2
1118 6
1119 1
1120 2
1121 4
1122 2
1123 2
1124 4
1125 2
1126 3
1127 3
1128 3
1129 2
1130 2
1131 1
1132 3
1133 0
1134 1
1135 2
1136 6
1137 0
1138 3
1139 0
1140 1
1141 3
1142 4
1143 1
1144 5
1145 4
1146 6
1147 2
1148 3
1149 2
1150 3
1151 3
1152 2
1153 2
1154 1
1155 1
1156 0
1157 6
1158 3
1159 0
1160 0
1161 4
1162 3
1163 0
1164 3
1165 2
1166 1
1167 3
1168 4
1169 2
1170 3
1171 0
1172 2
1173 2
1174 0
1175 2
1176 2
1177 2
1178 4
1179 2
1180 0
1181 1
1182 4
1183 0
1184 2
1185 1
1186 1
1187 0
1188 3
1189 1
1190 2
1191 3
1192 1
1193 2
1194 1
1195 1
1196 2
1197 1
1198 1
1199 0
1200 0
1201 1
1202 1
1203 0
1204 1
1205 1
1206 4
1207 1
1208 0
1209 2
1210 1
1211 1
1212 2
1213 5
1214 1
1215 1
1216 2
1217 0
1218 2
1219 0
1220 1
1221 2
1222 1
1223 1
1224 2
1225 1
1226 1
1227 3
1228 0
1229 1
1230 3
1231 1
1232 1
1233 1
1234 0
1235 0
1236 0
1237 1
1238 1
1239 3
1240 1
1241 1
1242 1
1243 2
1244 6
1245 2
1246 1
1247 1
1248 1
1249 2
1250 2
1251 2
1252 0
1253 4
1254 2
1255 0
1256 3
1257 0
1258 2
1259 2
1260 1
1261 3
1262 0
1263 1
1264 1
1265 3
1266 3
1267 3
1268 3
1269 0
1270 1
1271 2
1272 3
1273 2
1274 0
1275 1
1276 1
1277 0
1278 0
1279 2
1280 3
1281 0
1282 1
1283 0
1284 2
1285 0
1286 0
1287 2
1288 2
1289 1
1290 1
1291 1
1292 1
1293 0
1294 2
1295 4
1296 2
1297 5
1298 0
1299 0
1300 0
1301 2
1302 0
1303 1
1304 0
1305 2
1306 0
1307 3
1308 1
1309 1
1310 2
1311 0
1312 1
1313 3
1314 1
1315 2
1316 1
1317 0
1318 1
1319 1
1320 0
1321 2
1322 3
1323 0
1324 2
1325 1
1326 2
1327 1
1328 1
1329 0
1330 2
1331 1
1332 0
1333 2
1334 1
1335 1
1336 2
1337 0
1338 1
1339 1
1340 0
1341 0
1342 1
1343 0
1344 2
1345 0
1346 1
1347 0
1348 1
1349 2
1350 2
1351 0
1352 0
1353 1
1354 2
1355 0
1356 2
1357 1
1358 2
1359 1
1360 0
1361 2
1362 0
1363 0
1364 0
1365 0
1366 1
1367 0
1368 1
1369 1
1370 1
1371 1
1372 2
1373 2
1374 0
1375 0
1376 1
1377 3
1378 0
1379 2
1380 0
1381 0
1382 0
1383 1
1384 0
1385 1
1386 0
1387 1
1388 0
1389 1
1390 0
1391 0
1392 0
1393 2
1394 0
1395 1
1396 1
1397 0
1398 0
1399 2
1400 2
1401 0
1402 0
1403 0
1404 0
1405 2
1406 0
1407 2
1408 1
1409 0
1410 1
1411 1
1412 0
1413 3
1414 0
1415 1
1416 1
1417 1
1418 1
1419 0
1420 2
1421 1
1422 0
1423 0
1424 0
1425 0
1426 1
1427 0
1428 0
1429 2
1430 0
1431 1
1432 1
1433 1
1434 0
1435 0
1436 0
1437 2
1438 1
1439 1
1440 0
1441 1
1442 0
1443 0
1444 0
1445 2
1446 0
1447 1
1448 1
1449 0
1450 1
1451 0
1452 2
1453 2
1454 0
1455 1
1456 1
1457 1
1458 1
1459 1
1460 1
1461 0
1462 0
1463 1
1464 1
1465 0
1466 1
1467 0
1468 0
1469 3
1470 1
1471 0
1472 0
1473 0
1474 0
1475 1
1476 2
1477 1
1478 1
1479 0
1480 2
1481 0
1482 3
1483 0
1484 1
1485 1
1486 1
1487 0
1488 1
1489 2
1490 2
1491 0
1492 0
1493 1
1494 0
1495 0
1496 2
1497 0
1498 0
1499 2
1500 3
1501 1
1502 0
1503 1
1504 1
1505 0
1506 0
1507 0
1508 0
1509 1
1510 0
1511 1
1512 1
1513 0
1514 0
1515 1
1516 0
1517 0
1518 0
1519 1
1520 1
1521 1
1522 0
1523 0
1524 2
1525 0
1526 0
1527 0
1528 0
1529 1
1530 1
1531 0
1532 1
1533 0
1534 0
1535 0
1536 1
1537 1
1538 1
1539 0
1540 3
1541 1
1542 1
1543 0
1544 1
1545 1
1546 0
1547 0
1548 1
1549 1
1550 0
1551 1
1552 0
1553 2
1554 0
1555 1
1556 0
1557 0
1558 0
1559 1
1560 1
1561 1
1562 1
1563 1
1564 1
1565 1
1566 1
1567 0
1568 0
1569 0
1570 0
1571 0
1572 1
1573 0
1574 0
1575 0
1576 2
1577 1
1578 0
1579 0
1580 0
1581 0
1582 0
1583 0
1584 0
1585 0
1586 1
1587 0
1588 0
1589 1
1590 1
1591 0
1592 0
1593 1
1594 1
1595 1
1596 1
1597 2
1598 0
1599 0
1600 0
1601 0
1602 0
1603 1
1604 0
1605 0
1606 0
1607 1
1608 1
1609 0
1610 0
1611 1
1612 0
1613 1
1614 0
1615 0
1616 0
1617 0
1618 3
1619 0
1620 0
1621 1
1622 0
1623 0
1624 1
1625 0
1626 0
1627 0
1628 0
1629 0
1630 1
1631 0
1632 1
1633 1
1634 0
1635 0
1636 1
1637 1
1638 0
1639 3
1640 0
1641 0
1642 1
1643 1
1644 0
1645 0
1646 0
1647 0
1648 0
1649 0
1650 0
1651 0
1652 0
1653 0
1654 0
1655 0
1656 2
1657 1
1658 0
1659 0
1660 0
1661 1
1662 0
1663 0
1664 1
1665 0
1666 1
1667 1
1668 0
1669 0
1670 0
1671 0
1672 0
1673 0
1674 0
1675 0
1676 0
1677 1
1678 0
1679 0
1680 1
1681 0
1682 1
1683 0
1684 0
1685 0
1686 0
1687 0
1688 1
1689 1
1690 0
1691 0
1692 0
1693 0
1694 0
1695 0
1696 1
1697 0
1698 1
1699 0
1700 0
1701 0
1702 0
1703 0
1704 0
1705 0
1706 0
1707 0
1708 1
1709 1
1710 0
1711 0
1712 0
1713 0
1714 0
1715 1
1716 0
1717 1
1718 0
1719 0
1720 1
1721 0
1722 0
1723 0
1724 0
1725 1
1726 0
1727 1
1728 1
1729 0
1730 1
1731 0
1732 1
1733 0
1734 0
1735 0
1736 0
1737 1
1738 0
1739 0
1740 0
1741 0
1742 1
1743 1
1744 0
1745 0
1746 0
1747 0
1748 0
1749 0
1750 1
1751 0
1752 1
1753 1
1754 1
1755 0
1756 0
1757 0
1758 0
1759 0
1760 0
1761 0
1762 0
1763 0
1764 0
1765 0
1766 0
1767 1
1768 0
1769 2
1770 0
1771 0
1772 0
1773 0
1774 0
1775 0
1776 1
1777 1
1778 0
1779 1
1780 1
1781 0
1782 0
1783 0
1784 0
1785 0
1786 0
1787 0
1788 0
1789 0
1790 0
1791 0
1792 0
1793 1
1794 0
1795 0
1796 0
1797 1
1798 0
1799 0
1800 0
1801 0
1802 1
1803 0
1804 0
1805 0
1806 1
1807 0
1808 0
1809 1
1810 0
1831 0
1832 1
1833 0
1834 0
1835 0
1836 0
1837 2
1838 0
1839 0
1840 0
1841 0
1842 0
1843 1
1844 0
1845 0
1846 0
1847 0
1848 1
1849 1
1850 0
1851 0
1852 2
1853 0
1854 0
1855 0
1856 0
1857 1
1858 0
1859 0
1860 0
1861 0
1862 0
1863 0
1864 0
1865 0
1866 1
1867 0
1868 0
1869 0
1870 0
1871 0
1872 0
1873 1
1874 0
1875 0
1876 0
1877 0
1878 0
1879 0
1880 0
1881 0
1882 0
1883 0
1884 0
1885 1
1886 0
1887 0
1888 0
1889 0
1890 0
1891 0
1892 0
1893 0
1894 0
1895 0
1896 0
1897 0
1898 0
1899 0
1900 0
1901 1
1902 0
1903 0
1904 0
1905 0
1906 0
1907 0
1908 0
1909 0
1910 0
1911 1
1912 2
1913 0
1914 0
1915 0
1916 0
1917 0
1918 0
1919 0
1920 1
1921 0
1922 0
1923 0
1924 0
1925 0
1926 0
1927 0
1928 0
1929 0
1930 0
1931 0
1932 0
1933 1
1934 1
1935 0
1936 0
1937 1
1938 0
1939 0
1940 0
1941 0
1942 0
1943 1
1944 0
1967 0
1968 1
1969 0
1970 0
1971 0
1972 1
1973 0
1974 0
1975 3
1976 0
1977 0
1978 1
1979 0
1980 0
1981 0
1982 0
1983 0
1984 0
1985 0
1986 0
1987 0
1988 1
1989 1
1990 0
1991 1
1992 0
1993 0
1994 0
1995 0
1996 0
1997 0
1998 1
1999 0
2000 1
2001 0
2002 0
2003 0
2004 0
2005 1
2006 0
2007 0
2008 0
2009 0
2010 0
2011 0
2012 0
2013 0
2014 0
2015 0
2016 0
2017 0
2018 1
2019 0
2020 0
2021 0
2022 0
2023 0
2024 1
2025 0
2026 0
2027 0
2028 0
2029 1
2030 0
2031 0
2032 0
2033 0
2034 0
2035 0
2036 0
2037 0
2038 0
2039 0
2040 0
2041 0
2042 0
2043 0
2044 0
2045 1
2046 0
2047 0
2048 0
2049 0
2050 0
2051 0
2052 0
2053 0
2054 1
2055 0
2056 0
2057 0
2058 1
2059 0
2060 0
2061 0
2062 1
2063 0
2064 0
2065 0
2066 0
2067 0
2068 0
2069 0
2070 0
2071 1
2072 0
2073 0
2074 0
2075 0
2076 0
2077 0
2078 0
2079 0
2080 1
2081 0
2082 0
2083 0
2084 0
2085 1
2086 0
2087 0
2088 0
2089 1
2090 1
2091 0
2092 1
2093 0
2094 1
2095 0
2096 0
2097 0
2098 1
2099 0
2100 0
2101 0
2102 1
2103 0
2104 0
2105 0
2106 0
2107 0
2108 0
2109 0
2110 0
2111 0
2112 0
2113 0
2114 0
2115 1
2116 0
2117 1
2118 0
2119 0
2120 0
2121 1
2122 0
2123 2
2124 0
2125 0
2126 0
2127 0
2128 0
2129 0
2130 1
2131 0
2132 0
2133 0
2134 0
2135 0
2136 0
2137 0
2138 0
2139 1
2140 0
2141 0
2142 0
2143 0
2144 0
2145 0
2146 0
2147 0
2148 0
2149 0
2150 1
2151 0
2152 1
2153 0
2154 0
2155 0
2156 0
2157 0
2158 0
2159 0
2160 0
2161 0
2162 0
2163 0
2164 0
2165 1
2166 0
2167 0
2168 0
2169 0
2170 0
2171 0
2172 0
2173 0
2174 0
2175 0
2176 0
2177 0
2178 0
2179 0
2180 0
2181 1
2182 0
2225 0
2226 1
2227 0
2228 0
2229 0
2230 0
2231 0
2232 0
2233 1
2234 0
2235 0
2236 0
2237 0
2238 0
2239 0
2240 1
2241 0
2242 0
2243 0
2244 0
2245 0
2246 0
2247 0
2248 0
2249 0
2250 1
2251 0
2252 0
2253 0
2254 0
2255 0
2256 0
2257 0
2258 1
2259 0
2260 0
2261 0
2262 0
2263 0
2264 0
2265 1
2266 0
2315 0
2316 1
2317 0
2318 0
2319 0
2320 1
2321 0
2322 0
2323 0
2324 0
2325 0
2326 0
2327 0
2328 1
2329 0
2330 0
2331 0
2332 0
2333 0
2334 0
2335 0
2336 0
2337 0
2338 0
2339 1
2340 0
2341 0
2342 0
2343 1
2344 0
2345 0
2346 0
2347 0
2348 0
2349 0
2350 0
2351 0
2352 0
2353 0
2354 1
2355 0
2381 0
2382 1
2383 0
2384 0
2385 0
2386 0
2387 0
2388 0
2389 0
2390 0
2391 0
2392 1
2393 0
2394 0
2395 0
2396 0
2397 1
2398 0
2399 0
2400 0
2401 0
2402 0
2403 0
2404 0
2405 1
2406 0
2407 0
2408 0
2409 1
2410 0
2440 0
2441 1
2442 1
2443 0
2444 0
2445 0
2446 0
2447 0
2448 0
2449 0
2450 0
2451 0
2452 0
2453 0
2454 0
2455 0
2456 0
2457 0
2458 0
2459 0
2460 0
2461 1
2462 0
2463 0
2464 0
2465 0
2466 0
2467 0
2468 0
2469 0
2470 0
2471 1
2472 0
2496 0
2497 1
2498 0
2499 0
2500 0
2501 0
2502 0
2503 0
2504 0
2505 1
2506 0
2526 0
2527 2
2528 0
2529 0
2530 0
2531 0
2532 0
2533 0
2534 0
2535 0
2536 0
2537 0
2538 0
2539 0
2540 0
2541 0
2542 0
2543 0
2544 0
2545 0
2546 0
2547 1
2548 0
2549 0
2550 0
2551 0
2552 0
2553 0
2554 0
2555 0
2556 0
2557 1
2558 0
2581 0
2582 1
2583 0
2584 0
2585 0
2586 0
2587 0
2588 0
2589 0
2590 0
2591 0
2592 0
2593 1
2594 0
2615 0
2616 1
2617 0
2618 0
2619 0
2620 0
2621 0
2622 0
2623 0
2624 0
2625 1
2626 0
2627 0
2628 0
2629 0
2630 1
2631 0
2678 0
2679 1
2680 0
2681 0
2682 0
2683 0
2684 0
2685 0
2686 0
2687 0
2688 1
2689 0
2690 0
2691 1
2692 0
2693 0
2694 0
2695 0
2696 0
2697 0
2698 0
2699 0
2700 0
2701 0
2702 0
2703 0
2704 0
2705 0
2706 0
2707 0
2708 0
2709 1
2710 0
2711 0
2712 0
2713 0
2714 1
2715 0
2762 0
2763 1
2764 0
2825 0
2826 1
2827 0
2828 0
2829 0
2830 0
2831 1
2832 0
2833 1
2834 0
2865 0
2866 1
2867 0
2868 0
2869 1
2870 0
2871 0
2872 0
2873 0
2874 1
2875 0
2895 0
2896 1
2897 0
2898 0
2899 0
2900 0
2901 0
2902 0
2903 0
2904 0
2905 0
2906 0
2907 1
2908 0
2938 0
2939 1
2940 0
2941 0
2942 0
2943 0
2944 0
2945 0
2946 0
2947 0
2948 0
2949 0
2950 0
2951 0
2952 0
2953 0
2954 0
2955 0
2956 1
2957 0
3035 0
3036 1
3037 0
3128 0
3129 1
3130 0
3131 0
3132 0
3133 0
3134 0
3135 0
3136 0
3137 0
3138 0
3139 0
3140 0
3141 0
3142 0
3143 0
3144 0
3145 0
3146 0
3147 0
3148 0
3149 1
3150 0
3186 0
3187 1
3188 0
3209 0
3210 1
3211 0
3327 0
3328 1
3329 0
3361 0
3362 1
3363 0
3497 0
3498 1
3499 0
3660 0
3661 1
3662 0
3663 0
3664 0
3665 0
3666 1
3667 0
3863 0
3864 1
3865 0
3959 0
3960 1
3961 0
4094 0
4095 40801
OK
