Histogram of ADC12:
12 0
13 21
14 1574
15 2041
16 531
17 184
18 62
19 41
20 20
21 15
22 10
23 6
24 1
25 3
26 1
27 1
28 1
29 1
30 1
31 0
32 0
33 1
34 0
35 1
36 0
37 0
38 0
39 0
40 0
41 0
42 1
43 0
44 0
45 0
46 1
47 0
241 0
242 1
243 1
244 3
245 9
246 17
247 31
248 53
249 74
250 114
251 187
252 313
253 485
254 600
255 873
256 1044
257 1221
258 1500
259 1588
260 1908
261 2117
262 2085
263 2252
264 2215
265 2418
266 2371
267 2280
268 2195
269 2151
270 2008
271 1825
272 1580
273 1277
274 1098
275 890
276 627
277 520
278 340
279 207
280 118
281 73
282 58
283 29
284 14
285 8
286 9
287 1
288 3
289 0
290 1
291 0
4094 0
4095 1
OK
