Histogram of ADC2:
8 0
9 2
10 15
11 4
12 0
13 0
14 0
15 0
16 0
17 0
18 0
19 0
20 0
21 0
22 0
23 0
24 23
25 166
26 333
27 367
28 373
29 307
30 312
31 243
32 274
33 218
34 187
35 156
36 155
37 119
38 112
39 117
40 91
41 73
42 79
43 65
44 62
45 56
46 44
47 30
48 27
49 45
50 28
51 39
52 26
53 16
54 24
55 12
56 21
57 16
58 15
59 24
60 11
61 14
62 16
63 6
64 10
65 13
66 7
67 6
68 5
69 8
70 7
71 7
72 4
73 2
74 7
75 2
76 2
77 5
78 3
79 6
80 5
81 3
82 2
83 4
84 8
85 6
86 3
87 1
88 1
89 0
90 3
91 3
92 0
93 1
94 4
95 1
96 1
97 4
98 0
99 2
100 2
101 2
102 2
103 2
104 1
105 1
106 3
107 0
108 0
109 3
110 1
111 1
112 1
113 0
114 0
115 2
116 1
117 3
118 2
119 1
120 1
121 0
122 0
123 1
124 0
125 0
126 0
127 1
128 1
129 0
130 1
131 1
132 0
133 0
134 0
135 0
136 1
137 0
138 1
139 0
140 0
141 0
142 0
143 1
144 0
145 0
146 0
147 0
148 0
149 0
150 2
151 0
152 0
153 0
154 0
155 0
156 0
157 0
158 1
159 0
160 0
161 0
162 1
163 0
164 0
165 0
166 0
167 0
168 0
169 0
170 0
171 0
172 0
173 0
174 0
175 0
176 0
177 0
178 1
179 0
180 0
181 0
182 0
183 0
184 0
185 1
186 0
206 0
207 1
208 0
209 0
210 0
211 0
212 0
213 0
214 0
215 0
216 1
217 0
257 0
258 1
259 0
286 0
287 1
288 0
367 0
368 1
369 0
418 0
419 1
420 0
2762 0
2763 1
2764 0
2765 0
2766 0
2767 0
2768 0
2769 0
2770 0
2771 0
2772 0
2773 0
2774 0
2775 1
2776 0
2777 0
2778 0
2779 0
2780 0
2781 0
2782 0
2783 0
2784 0
2785 0
2786 0
2787 0
2788 0
2789 0
2790 0
2791 1
2792 0
2793 1
2794 0
2795 0
2796 0
2797 1
2798 0
2799 0
2800 0
2801 0
2802 0
2803 1
2804 1
2805 0
2806 2
2807 1
2808 1
2809 0
2810 2
2811 1
2812 0
2813 1
2814 1
2815 0
2816 2
2817 1
2818 2
2819 0
2820 4
2821 5
2822 2
2823 0
2824 3
2825 1
2826 2
2827 0
2828 2
2829 0
2830 3
2831 1
2832 5
2833 4
2834 3
2835 2
2836 3
2837 3
2838 6
2839 7
2840 6
2841 2
2842 5
2843 4
2844 3
2845 5
2846 10
2847 2
2848 8
2849 6
2850 2
2851 7
2852 5
2853 6
2854 8
2855 4
2856 11
2857 5
2858 8
2859 7
2860 6
2861 14
2862 9
2863 7
2864 11
2865 7
2866 6
2867 13
2868 11
2869 10
2870 12
2871 9
2872 11
2873 12
2874 17
2875 11
2876 16
2877 19
2878 22
2879 5
2880 26
2881 10
2882 20
2883 13
2884 24
2885 16
2886 19
2887 19
2888 33
2889 23
2890 24
2891 34
2892 32
2893 29
2894 43
2895 25
2896 47
2897 41
2898 33
2899 31
2900 29
2901 43
2902 38
2903 37
2904 58
2905 38
2906 53
2907 36
2908 52
2909 37
2910 55
2911 30
2912 53
2913 42
2914 61
2915 55
2916 61
2917 48
2918 60
2919 55
2920 68
2921 54
2922 73
2923 57
2924 68
2925 53
2926 74
2927 58
2928 93
2929 69
2930 67
2931 57
2932 86
2933 85
2934 98
2935 69
2936 83
2937 67
2938 87
2939 82
2940 98
2941 89
2942 111
2943 33
2944 151
2945 89
2946 114
2947 90
2948 111
2949 110
2950 92
2951 81
2952 124
2953 75
2954 130
2955 110
2956 121
2957 118
2958 134
2959 91
2960 140
2961 103
2962 137
2963 119
2964 129
2965 128
2966 138
2967 123
2968 148
2969 120
2970 137
2971 120
2972 129
2973 118
2974 149
2975 85
2976 174
2977 127
2978 148
2979 136
2980 150
2981 149
2982 162
2983 130
2984 178
2985 122
2986 171
2987 147
2988 165
2989 166
2990 180
2991 136
2992 251
2993 158
2994 188
2995 144
2996 172
2997 157
2998 172
2999 149
3000 218
3001 168
3002 220
3003 162
3004 188
3005 174
3006 197
3007 91
3008 226
3009 159
3010 219
3011 148
3012 168
3013 173
3014 208
3015 141
3016 208
3017 165
3018 203
3019 189
3020 217
3021 157
3022 182
3023 139
3024 259
3025 176
3026 189
3027 176
3028 175
3029 164
3030 212
3031 140
3032 204
3033 171
3034 215
3035 196
3036 180
3037 190
3038 170
3039 123
3040 267
3041 177
3042 203
3043 189
3044 190
3045 217
3046 241
3047 174
3048 248
3049 165
3050 224
3051 167
3052 231
3053 188
3054 211
3055 128
3056 266
3057 195
3058 200
3059 170
3060 197
3061 201
3062 202
3063 192
3064 207
3065 167
3066 238
3067 179
3068 171
3069 199
3070 216
3071 51
3072 350
3073 175
3074 231
3075 189
3076 179
3077 173
3078 228
3079 153
3080 198
3081 160
3082 217
3083 162
3084 209
3085 175
3086 221
3087 121
3088 200
3089 165
3090 209
3091 180
3092 179
3093 169
3094 193
3095 152
3096 211
3097 176
3098 178
3099 166
3100 190
3101 175
3102 185
3103 110
3104 219
3105 167
3106 176
3107 160
3108 169
3109 155
3110 187
3111 120
3112 193
3113 136
3114 193
3115 145
3116 177
3117 122
3118 183
3119 126
3120 195
3121 138
3122 155
3123 133
3124 148
3125 116
3126 156
3127 91
3128 170
3129 142
3130 152
3131 123
3132 145
3133 110
3134 148
3135 53
3136 167
3137 111
3138 131
3139 111
3140 105
3141 109
3142 125
3143 108
3144 126
3145 87
3146 96
3147 98
3148 111
3149 92
3150 114
3151 78
3152 141
3153 94
3154 87
3155 68
3156 88
3157 81
3158 92
3159 68
3160 108
3161 68
3162 91
3163 69
3164 85
3165 61
3166 92
3167 51
3168 100
3169 68
3170 62
3171 50
3172 66
3173 53
3174 66
3175 50
3176 60
3177 39
3178 70
3179 40
3180 48
3181 39
3182 59
3183 51
3184 62
3185 38
3186 50
3187 49
3188 35
3189 35
3190 36
3191 46
3192 47
3193 24
3194 44
3195 38
3196 33
3197 24
3198 39
3199 11
3200 41
3201 23
3202 22
3203 26
3204 22
3205 18
3206 18
3207 17
3208 20
3209 13
3210 13
3211 14
3212 17
3213 12
3214 11
3215 9
3216 20
3217 5
3218 17
3219 9
3220 8
3221 8
3222 10
3223 8
3224 6
3225 8
3226 11
3227 4
3228 11
3229 4
3230 9
3231 5
3232 10
3233 6
3234 5
3235 4
3236 8
3237 3
3238 6
3239 6
3240 4
3241 3
3242 4
3243 3
3244 4
3245 3
3246 3
3247 5
3248 2
3249 2
3250 1
3251 2
3252 3
3253 2
3254 0
3255 2
3256 1
3257 0
3258 2
3259 1
3260 3
3261 0
3262 2
3263 1
3264 1
3265 0
3266 2
3267 0
3268 1
3269 0
3270 0
3271 2
3272 1
3273 0
3274 1
3275 3
3276 1
3277 0
3278 0
3279 0
3280 0
3281 0
3282 1
3283 0
3284 0
3285 0
3286 0
3287 0
3288 0
3289 0
3290 1
3291 1
3292 1
3293 0
3294 0
3295 0
3296 0
3297 0
3298 0
3299 0
3300 0
3301 0
3302 1
3303 0
4094 0
4095 1
OK
