Histogram of ADC0:
299 0
300 1
301 0
302 0
303 0
304 1
305 0
306 0
307 1
308 4
309 0
310 0
311 0
312 0
313 1
314 0
315 0
316 1
317 4
318 0
319 0
320 0
321 1
322 1
323 1
324 0
325 0
326 1
327 1
328 0
329 1
330 0
331 1
332 0
333 0
334 1
335 0
630 0
631 2
632 0
633 0
634 0
635 0
636 0
637 0
638 0
639 0
640 0
641 2
642 0
643 2
644 0
645 2
646 0
647 3
648 4
649 0
650 1
651 2
652 2
653 1
654 1
655 0
656 1
657 1
658 1
659 4
660 2
661 3
662 2
663 4
664 4
665 1
666 3
667 5
668 7
669 8
670 5
671 4
672 9
673 3
674 9
675 7
676 13
677 11
678 7
679 13
680 12
681 7
682 11
683 8
684 8
685 15
686 13
687 10
688 16
689 10
690 14
691 12
692 16
693 14
694 14
695 8
696 16
697 19
698 17
699 9
700 12
701 10
702 27
703 14
704 22
705 24
706 16
707 15
708 14
709 16
710 14
711 15
712 20
713 17
714 11
715 16
716 23
717 20
718 11
719 12
720 25
721 27
722 21
723 10
724 15
725 20
726 19
727 24
728 17
729 16
730 16
731 10
732 29
733 13
734 16
735 13
736 19
737 21
738 18
739 11
740 17
741 15
742 26
743 16
744 17
745 16
746 11
747 13
748 10
749 16
750 13
751 14
752 24
753 13
754 12
755 12
756 12
757 13
758 8
759 20
760 14
761 20
762 10
763 11
764 9
765 10
766 14
767 14
768 20
769 11
770 17
771 10
772 14
773 14
774 8
775 9
776 13
777 19
778 14
779 13
780 24
781 18
782 14
783 16
784 11
785 12
786 15
787 9
788 13
789 9
790 13
791 16
792 16
793 12
794 11
795 11
796 11
797 13
798 12
799 9
800 19
801 12
802 11
803 17
804 8
805 11
806 9
807 12
808 21
809 18
810 15
811 17
812 13
813 12
814 9
815 12
816 18
817 14
818 17
819 16
820 9
821 13
822 20
823 9
824 9
825 10
826 16
827 10
828 12
829 15
830 9
831 10
832 13
833 18
834 16
835 12
836 14
837 10
838 6
839 3
840 12
841 12
842 13
843 10
844 9
845 7
846 6
847 8
848 17
849 9
850 12
851 11
852 10
853 6
854 6
855 9
856 10
857 12
858 8
859 13
860 5
861 5
862 13
863 11
864 9
865 9
866 13
867 9
868 14
869 11
870 11
871 6
872 10
873 7
874 7
875 8
876 9
877 13
878 6
879 6
880 7
881 11
882 11
883 4
884 9
885 13
886 8
887 10
888 7
889 6
890 7
891 7
892 6
893 12
894 8
895 5
896 9
897 5
898 7
899 10
900 8
901 8
902 12
903 7
904 12
905 5
906 8
907 11
908 6
909 8
910 10
911 5
912 9
913 10
914 10
915 6
916 6
917 7
918 3
919 10
920 8
921 6
922 12
923 5
924 11
925 7
926 6
927 5
928 4
929 6
930 2
931 7
932 11
933 11
934 9
935 8
936 7
937 8
938 12
939 6
940 7
941 6
942 7
943 8
944 3
945 8
946 10
947 6
948 5
949 5
950 9
951 3
952 11
953 6
954 5
955 9
956 8
957 4
958 7
959 4
960 6
961 3
962 10
963 8
964 8
965 3
966 6
967 8
968 4
969 5
970 2
971 6
972 12
973 8
974 5
975 7
976 8
977 5
978 3
979 4
980 6
981 10
982 3
983 3
984 7
985 3
986 1
987 6
988 5
989 3
990 6
991 7
992 4
993 5
994 4
995 6
996 3
997 2
998 3
999 3
1000 5
1001 4
1002 6
1003 4
1004 4
1005 4
1006 3
1007 3
1008 7
1009 7
1010 7
1011 2
1012 9
1013 5
1014 4
1015 6
1016 6
1017 1
1018 0
1019 3
1020 6
1021 1
1022 2
1023 0
1024 8
1025 2
1026 3
1027 4
1028 5
1029 4
1030 4
1031 6
1032 4
1033 7
1034 6
1035 4
1036 2
1037 5
1038 2
1039 3
1040 1
1041 8
1042 4
1043 4
1044 2
1045 7
1046 5
1047 5
1048 1
1049 2
1050 2
1051 1
1052 1
1053 4
1054 5
1055 5
1056 1
1057 6
1058 2
1059 3
1060 7
1061 5
1062 3
1063 2
1064 3
1065 1
1066 4
1067 6
1068 2
1069 2
1070 7
1071 1
1072 6
1073 3
1074 2
1075 4
1076 3
1077 3
1078 2
1079 0
1080 2
1081 3
1082 6
1083 3
1084 1
1085 11
1086 0
1087 1
1088 9
1089 4
1090 1
1091 3
1092 2
1093 2
1094 4
1095 2
1096 2
1097 3
1098 0
1099 5
1100 2
1101 1
1102 1
1103 2
1104 0
1105 2
1106 2
1107 3
1108 1
1109 1
1110 3
1111 6
1112 1
1113 4
1114 3
1115 4
1116 7
1117 5
1118 3
1119 1
1120 4
1121 7
1122 3
1123 1
1124 2
1125 2
1126 2
1127 1
1128 5
1129 1
1130 4
1131 1
1132 5
1133 2
1134 2
1135 3
1136 6
1137 4
1138 1
1139 4
1140 2
1141 1
1142 0
1143 1
1144 0
1145 2
1146 4
1147 1
1148 2
1149 2
1150 2
1151 1
1152 2
1153 1
1154 4
1155 1
1156 3
1157 1
1158 3
1159 1
1160 1
1161 0
1162 2
1163 1
1164 3
1165 4
1166 2
1167 2
1168 3
1169 5
1170 1
1171 7
1172 2
1173 3
1174 3
1175 4
1176 3
1177 5
1178 4
1179 3
1180 1
1181 0
1182 1
1183 3
1184 3
1185 1
1186 2
1187 1
1188 3
1189 9
1190 1
1191 1
1192 2
1193 0
1194 0
1195 2
1196 0
1197 5
1198 4
1199 1
1200 1
1201 1
1202 2
1203 0
1204 2
1205 3
1206 3
1207 1
1208 2
1209 3
1210 1
1211 0
1212 4
1213 0
1214 3
1215 5
1216 0
1217 3
1218 1
1219 1
1220 2
1221 1
1222 0
1223 1
1224 1
1225 0
1226 2
1227 1
1228 2
1229 1
1230 4
1231 2
1232 1
1233 1
1234 0
1235 0
1236 1
1237 1
1238 1
1239 1
1240 0
1241 0
1242 1
1243 0
1244 6
1245 0
1246 3
1247 1
1248 1
1249 2
1250 4
1251 3
1252 3
1253 0
1254 1
1255 2
1256 1
1257 1
1258 1
1259 0
1260 1
1261 1
1262 5
1263 0
1264 0
1265 2
1266 2
1267 0
1268 0
1269 0
1270 1
1271 4
1272 2
1273 1
1274 4
1275 1
1276 3
1277 2
1278 1
1279 1
1280 1
1281 3
1282 1
1283 1
1284 1
1285 5
1286 1
1287 2
1288 3
1289 1
1290 0
1291 2
1292 0
1293 0
1294 0
1295 2
1296 0
1297 1
1298 2
1299 0
1300 3
1301 0
1302 0
1303 0
1304 4
1305 0
1306 0
1307 1
1308 1
1309 0
1310 1
1311 1
1312 2
1313 4
1314 3
1315 1
1316 1
1317 4
1318 0
1319 2
1320 1
1321 1
1322 1
1323 1
1324 0
1325 1
1326 2
1327 0
1328 4
1329 2
1330 0
1331 2
1332 1
1333 2
1334 2
1335 2
1336 1
1337 1
1338 1
1339 1
1340 1
1341 1
1342 2
1343 1
1344 0
1345 1
1346 0
1347 0
1348 1
1349 0
1350 1
1351 2
1352 2
1353 3
1354 2
1355 1
1356 1
1357 1
1358 0
1359 2
1360 0
1361 1
1362 3
1363 2
1364 0
1365 0
1366 1
1367 0
1368 0
1369 1
1370 0
1371 1
1372 0
1373 1
1374 2
1375 0
1376 0
1377 4
1378 1
1379 0
1380 0
1381 0
1382 0
1383 2
1384 2
1385 1
1386 2
1387 0
1388 1
1389 1
1390 2
1391 3
1392 0
1393 1
1394 0
1395 1
1396 1
1397 1
1398 2
1399 1
1400 2
1401 0
1402 0
1403 3
1404 3
1405 1
1406 1
1407 1
1408 2
1409 1
1410 1
1411 2
1412 0
1413 0
1414 0
1415 4
1416 2
1417 2
1418 0
1419 0
1420 1
1421 1
1422 2
1423 0
1424 0
1425 1
1426 1
1427 1
1428 1
1429 0
1430 1
1431 1
1432 1
1433 1
1434 0
1435 0
1436 1
1437 1
1438 1
1439 0
1440 0
1441 0
1442 0
1443 0
1444 0
1445 0
1446 0
1447 0
1448 1
1449 2
1450 1
1451 0
1452 1
1453 2
1454 0
1455 2
1456 1
1457 1
1458 0
1459 1
1460 2
1461 1
1462 0
1463 0
1464 1
1465 0
1466 2
1467 0
1468 0
1469 0
1470 0
1471 0
1472 0
1473 0
1474 0
1475 0
1476 2
1477 2
1478 2
1479 0
1480 0
1481 4
1482 0
1483 0
1484 0
1485 1
1486 2
1487 0
1488 0
1489 1
1490 0
1491 3
1492 1
1493 0
1494 1
1495 0
1496 0
1497 0
1498 0
1499 0
1500 0
1501 0
1502 1
1503 0
1504 1
1505 0
1506 1
1507 2
1508 1
1509 1
1510 1
1511 1
1512 1
1513 0
1514 0
1515 0
1516 1
1517 0
1518 3
1519 1
1520 0
1521 2
1522 0
1523 1
1524 1
1525 0
1526 0
1527 1
1528 0
1529 0
1530 2
1531 2
1532 0
1533 1
1534 2
1535 1
1536 1
1537 0
1538 0
1539 1
1540 0
1541 0
1542 1
1543 0
1544 1
1545 0
1546 0
1547 1
1548 2
1549 0
1550 0
1551 1
1552 0
1553 1
1554 0
1555 1
1556 1
1557 1
1558 1
1559 0
1560 1
1561 0
1562 0
1563 0
1564 0
1565 1
1566 1
1567 0
1568 2
1569 0
1570 0
1571 0
1572 0
1573 0
1574 0
1575 0
1576 1
1577 0
1578 1
1579 0
1580 0
1581 0
1582 1
1583 0
1584 1
1585 0
1586 1
1587 1
1588 0
1589 0
1590 1
1591 1
1592 0
1593 0
1594 0
1595 1
1596 0
1597 1
1598 0
1599 0
1600 1
1601 1
1602 1
1603 0
1604 0
1605 1
1606 1
1607 0
1608 1
1609 1
1610 1
1611 0
1612 1
1613 0
1614 0
1615 0
1616 0
1617 0
1618 1
1619 0
1620 0
1621 1
1622 0
1623 1
1624 0
1625 0
1626 1
1627 0
1628 0
1629 0
1630 0
1631 1
1632 0
1633 1
1634 0
1635 0
1636 1
1637 1
1638 1
1639 0
1640 0
1641 0
1642 0
1643 0
1644 0
1645 0
1646 0
1647 1
1648 0
1649 1
1650 0
1651 0
1652 0
1653 1
1654 0
1655 0
1656 0
1657 1
1658 2
1659 1
1660 0
1661 2
1662 0
1663 0
1664 1
1665 0
1666 0
1667 0
1668 0
1669 0
1670 0
1671 0
1672 0
1673 0
1674 1
1675 1
1676 0
1677 1
1678 0
1679 0
1680 3
1681 1
1682 1
1683 1
1684 0
1685 0
1686 0
1687 0
1688 1
1689 1
1690 0
1691 0
1692 2
1693 0
1694 0
1695 0
1696 1
1697 0
1698 0
1699 0
1700 2
1701 0
1702 0
1703 2
1704 0
1705 0
1706 0
1707 0
1708 0
1709 0
1710 0
1711 0
1712 0
1713 1
1714 0
1715 0
1716 0
1717 0
1718 0
1719 1
1720 0
1721 1
1722 0
1723 0
1724 0
1725 0
1726 0
1727 1
1728 1
1729 0
1730 3
1731 1
1732 0
1733 0
1734 1
1735 1
1736 0
1737 0
1738 0
1739 0
1740 2
1741 0
1742 1
1743 1
1744 2
1745 0
1746 0
1747 1
1748 0
1749 1
1750 0
1751 0
1752 1
1753 0
1754 0
1755 1
1756 1
1757 0
1758 0
1759 0
1760 0
1761 0
1762 0
1763 0
1764 0
1765 1
1766 0
1767 1
1768 0
1769 1
1770 1
1771 1
1772 1
1773 0
1774 0
1775 0
1776 1
1777 1
1778 0
1779 0
1780 0
1781 1
1782 0
1783 1
1784 0
1785 0
1786 2
1787 0
1788 0
1789 0
1790 0
1791 0
1792 2
1793 0
1794 0
1795 0
1796 0
1797 1
1798 0
1799 1
1800 0
1801 0
1802 0
1803 0
1804 0
1805 0
1806 0
1807 1
1808 0
1809 0
1810 0
1811 1
1812 0
1813 0
1814 0
1815 0
1816 1
1817 0
1818 1
1819 0
1820 0
1821 0
1822 0
1823 1
1824 0
1825 0
1826 0
1827 0
1828 0
1829 0
1830 0
1831 0
1832 0
1833 0
1834 0
1835 0
1836 2
1837 0
1838 0
1839 0
1840 0
1841 1
1842 0
1843 0
1844 0
1845 0
1846 0
1847 0
1848 0
1849 0
1850 1
1851 0
1852 0
1853 1
1854 0
1855 0
1856 0
1857 1
1858 0
1859 1
1860 0
1861 0
1862 0
1863 0
1864 0
1865 0
1866 0
1867 0
1868 0
1869 1
1870 0
1871 0
1872 0
1873 0
1874 0
1875 1
1876 1
1877 0
1878 1
1879 1
1880 1
1881 0
1902 0
1903 1
1904 0
1905 1
1906 1
1907 0
1908 0
1909 0
1910 0
1911 0
1912 0
1913 0
1914 0
1915 1
1916 0
1917 0
1918 0
1919 0
1920 1
1921 1
1922 0
1923 0
1924 0
1925 0
1926 0
1927 0
1928 0
1929 0
1930 0
1931 0
1932 0
1933 0
1934 0
1935 1
1936 0
1937 0
1938 0
1939 0
1940 0
1941 0
1942 0
1943 0
1944 1
1945 2
1946 0
1947 0
1948 0
1949 1
1950 0
1951 0
1952 0
1953 0
1954 1
1955 0
1956 1
1957 0
1958 0
1959 0
1960 0
1961 0
1962 0
1963 1
1964 0
1965 0
1966 0
1967 0
1968 0
1969 1
1970 0
1971 0
1972 1
1973 0
1974 0
1975 0
1976 0
1977 1
1978 0
1979 0
1980 0
1981 0
1982 0
1983 0
1984 0
1985 1
1986 1
1987 0
1988 0
1989 0
1990 0
1991 0
1992 0
1993 0
1994 0
1995 0
1996 0
1997 0
1998 1
1999 0
2000 0
2001 0
2002 0
2003 0
2004 0
2005 0
2006 0
2007 0
2008 0
2009 0
2010 0
2011 0
2012 0
2013 0
2014 1
2015 0
2016 0
2017 0
2018 0
2019 0
2020 1
2021 0
2022 0
2023 0
2024 0
2025 0
2026 0
2027 0
2028 0
2029 0
2030 1
2031 1
2032 0
2033 0
2034 0
2035 0
2036 0
2037 0
2038 0
2039 0
2040 0
2041 1
2042 0
2043 0
2044 0
2045 1
2046 0
2047 0
2048 0
2049 0
2050 0
2051 0
2052 0
2053 0
2054 0
2055 0
2056 1
2057 0
2058 1
2059 0
2060 0
2061 0
2062 0
2063 0
2064 0
2065 0
2066 0
2067 1
2068 0
2069 0
2070 0
2071 2
2072 0
2073 0
2074 0
2075 0
2076 0
2077 0
2078 0
2079 0
2080 1
2081 0
2082 0
2083 0
2084 0
2085 0
2086 0
2087 0
2088 0
2089 1
2090 0
2091 0
2092 0
2093 0
2094 0
2095 0
2096 0
2097 1
2098 0
2099 0
2100 0
2101 0
2102 0
2103 0
2104 0
2105 0
2106 0
2107 0
2108 0
2109 1
2110 0
2111 0
2112 1
2113 0
2114 1
2115 0
2116 0
2117 0
2118 0
2119 0
2120 0
2121 0
2122 0
2123 0
2124 1
2125 0
2126 0
2127 0
2128 0
2129 1
2130 0
2131 0
2132 0
2133 0
2134 0
2135 0
2136 0
2137 0
2138 0
2139 2
2140 0
2141 0
2142 0
2143 0
2144 0
2145 0
2146 1
2147 0
2148 0
2149 0
2150 0
2151 0
2152 0
2153 0
2154 0
2155 0
2156 0
2157 0
2158 0
2159 1
2160 0
2161 0
2162 1
2163 0
2191 0
2192 1
2193 0
2194 0
2195 0
2196 0
2197 0
2198 0
2199 0
2200 0
2201 0
2202 0
2203 1
2204 0
2228 0
2229 1
2230 1
2231 0
2232 0
2233 0
2234 0
2235 0
2236 0
2237 1
2238 0
2239 0
2240 0
2241 0
2242 0
2243 0
2244 0
2245 0
2246 0
2247 0
2248 0
2249 0
2250 0
2251 0
2252 0
2253 0
2254 1
2255 1
2256 0
2257 0
2258 0
2259 0
2260 1
2261 0
2262 0
2263 0
2264 0
2265 0
2266 0
2267 0
2268 1
2269 0
2270 0
2271 0
2272 0
2273 0
2274 0
2275 1
2276 0
2304 0
2305 1
2306 0
2307 0
2308 0
2309 0
2310 0
2311 0
2312 1
2313 0
2314 0
2315 0
2316 0
2317 0
2318 0
2319 0
2320 0
2321 0
2322 1
2323 1
2324 0
2325 1
2326 0
2327 0
2328 0
2329 0
2330 1
2331 0
2399 0
2400 1
2401 0
2402 0
2403 0
2404 0
2405 1
2406 0
2407 0
2408 0
2409 0
2410 0
2411 0
2412 0
2413 0
2414 0
2415 0
2416 0
2417 0
2418 0
2419 0
2420 0
2421 0
2422 0
2423 0
2424 0
2425 0
2426 1
2427 0
2428 0
2429 0
2430 0
2431 0
2432 1
2433 0
2434 1
2435 0
2436 0
2437 0
2438 0
2439 0
2440 0
2441 0
2442 0
2443 0
2444 0
2445 0
2446 0
2447 0
2448 0
2449 0
2450 1
2451 0
2452 0
2453 1
2454 0
2455 1
2456 0
2457 0
2458 0
2459 0
2460 0
2461 1
2462 0
2463 0
2464 0
2465 0
2466 1
2467 0
2509 0
2510 1
2511 0
2609 0
2610 1
2611 0
2643 0
2644 1
2645 0
2667 0
2668 1
2669 0
2670 0
2671 0
2672 0
2673 0
2674 0
2675 0
2676 0
2677 0
2678 0
2679 1
2680 0
2703 0
2704 1
2705 0
2706 0
2707 1
2708 0
2766 0
2767 2
2768 0
2790 0
2791 2
2792 0
2821 0
2822 1
2823 0
2852 0
2853 1
2854 0
2855 0
2856 1
2857 0
2858 0
2859 0
2860 0
2861 0
2862 1
2863 0
2864 0
2865 0
2866 0
2867 0
2868 0
2869 0
2870 0
2871 0
2872 0
2873 1
2874 0
2875 0
2876 0
2877 0
2878 0
2879 0
2880 0
2881 0
2882 1
2883 0
2884 0
2885 0
2886 1
2887 0
2966 0
2967 1
2968 1
2969 0
2970 0
2971 0
2972 0
2973 1
2974 0
2975 0
2976 0
2977 0
2978 0
2979 0
2980 0
2981 0
2982 0
2983 0
2984 0
2985 0
2986 0
2987 0
2988 0
2989 0
2990 0
2991 0
2992 0
2993 0
2994 1
2995 0
3034 0
3035 1
3036 0
3037 0
3038 0
3039 0
3040 1
3041 0
3072 0
3073 1
3074 0
3075 0
3076 0
3077 0
3078 0
3079 0
3080 0
3081 1
3082 0
3127 0
3128 1
3129 0
3157 0
3158 1
3159 0
3193 0
3194 1
3195 0
3292 0
3293 1
3294 0
3324 0
3325 1
3326 0
3368 0
3369 1
3370 0
3371 0
3372 0
3373 0
3374 0
3375 0
3376 0
3377 0
3378 0
3379 0
3380 0
3381 0
3382 0
3383 0
3384 0
3385 0
3386 0
3387 0
3388 0
3389 0
3390 1
3391 0
3392 0
3393 0
3394 0
3395 0
3396 0
3397 0
3398 0
3399 0
3400 0
3401 0
3402 0
3403 0
3404 0
3405 0
3406 0
3407 0
3408 0
3409 0
3410 0
3411 1
3412 0
3413 0
3414 0
3415 0
3416 0
3417 0
3418 0
3419 0
3420 1
3421 0
3575 0
3576 1
3577 0
3744 0
3745 1
3746 0
3818 0
3819 1
3820 0
3821 0
3822 0
3823 0
3824 0
3825 0
3826 0
3827 0
3828 0
3829 0
3830 0
3831 0
3832 0
3833 0
3834 0
3835 0
3836 0
3837 1
3838 0
3902 0
3903 1
3904 0
3905 0
3906 0
3907 0
3908 0
3909 0
3910 0
3911 0
3912 0
3913 0
3914 0
3915 0
3916 0
3917 0
3918 0
3919 0
3920 0
3921 0
3922 1
3923 0
4012 0
4013 1
4014 0
4049 0
4050 1
4051 0
4094 0
4095 10202
OK
