Histogram of ADC2:
8 0
9 2
10 12
11 7
12 0
13 0
14 0
15 0
16 0
17 0
18 0
19 0
20 0
21 0
22 0
23 2
24 31
25 179
26 371
27 418
28 374
29 330
30 310
31 275
32 261
33 234
34 201
35 172
36 191
37 137
38 126
39 113
40 94
41 77
42 81
43 63
44 65
45 41
46 72
47 45
48 34
49 32
50 41
51 24
52 35
53 28
54 21
55 26
56 28
57 17
58 13
59 15
60 19
61 13
62 11
63 11
64 11
65 8
66 10
67 14
68 4
69 13
70 8
71 11
72 6
73 5
74 6
75 4
76 4
77 5
78 5
79 4
80 3
81 4
82 2
83 5
84 3
85 3
86 5
87 2
88 1
89 1
90 3
91 4
92 1
93 2
94 4
95 0
96 0
97 2
98 2
99 5
100 1
101 0
102 1
103 0
104 0
105 0
106 1
107 1
108 1
109 2
110 1
111 0
112 1
113 2
114 1
115 1
116 3
117 3
118 0
119 1
120 0
121 3
122 0
123 1
124 1
125 1
126 1
127 0
128 1
129 1
130 1
131 0
132 0
133 0
134 0
135 1
136 1
137 1
138 0
139 3
140 0
141 0
142 0
143 0
144 0
145 0
146 1
147 0
148 0
149 0
150 0
151 0
152 0
153 1
154 0
155 0
156 0
157 2
158 0
159 0
160 2
161 0
162 0
163 0
164 0
165 1
166 1
167 0
168 0
169 0
170 0
171 0
172 0
173 0
174 0
175 1
176 0
177 0
178 0
179 0
180 0
181 0
182 0
183 0
184 0
185 0
186 0
187 0
188 0
189 0
190 0
191 0
192 2
193 2
194 0
195 0
196 3
197 1
198 1
199 2
200 2
201 7
202 6
203 2
204 6
205 4
206 5
207 7
208 11
209 18
210 21
211 26
212 23
213 17
214 16
215 24
216 35
217 42
218 39
219 56
220 65
221 44
222 64
223 64
224 93
225 94
226 103
227 102
228 124
229 91
230 159
231 159
232 163
233 152
234 181
235 189
236 170
237 194
238 194
239 221
240 252
241 198
242 225
243 223
244 243
245 270
246 247
247 231
248 256
249 231
250 232
251 262
252 253
253 231
254 230
255 164
256 217
257 202
258 208
259 188
260 200
261 166
262 210
263 153
264 137
265 131
266 158
267 138
268 116
269 117
270 104
271 102
272 87
273 84
274 74
275 59
276 74
277 54
278 53
279 41
280 50
281 43
282 33
283 35
284 27
285 22
286 23
287 16
288 17
289 15
290 11
291 15
292 9
293 10
294 5
295 2
296 6
297 4
298 5
299 5
300 3
301 5
302 1
303 4
304 0
305 2
306 1
307 2
308 1
309 0
310 1
311 0
422 0
423 1
424 0
425 0
426 0
427 0
428 0
429 1
430 0
626 0
627 1
628 0
2067 0
2068 1
2069 0
OK
