Histogram of ADC2:
8 0
9 3
10 14
11 3
12 0
13 0
14 0
15 0
16 0
17 0
18 0
19 0
20 0
21 0
22 0
23 1
24 20
25 184
26 331
27 371
28 378
29 301
30 325
31 250
32 243
33 222
34 156
35 187
36 144
37 116
38 98
39 108
40 99
41 86
42 61
43 67
44 46
45 54
46 62
47 45
48 41
49 46
50 43
51 35
52 29
53 19
54 19
55 15
56 23
57 16
58 15
59 15
60 14
61 17
62 9
63 13
64 14
65 7
66 9
67 2
68 12
69 3
70 5
71 3
72 9
73 5
74 5
75 1
76 7
77 9
78 6
79 3
80 1
81 7
82 5
83 4
84 2
85 1
86 8
87 1
88 0
89 5
90 1
91 1
92 7
93 4
94 2
95 2
96 2
97 4
98 0
99 1
100 1
101 2
102 2
103 1
104 1
105 1
106 2
107 3
108 0
109 0
110 1
111 2
112 2
113 0
114 2
115 1
116 1
117 0
118 1
119 0
120 0
121 0
122 1
123 0
124 0
125 0
126 1
127 1
128 0
129 1
130 0
131 0
132 2
133 0
134 0
135 1
136 1
137 2
138 0
139 0
140 1
141 1
142 1
143 0
144 0
145 0
146 1
147 0
148 0
149 0
150 1
151 0
152 0
153 1
154 0
155 0
156 0
157 0
158 0
159 0
160 0
161 0
162 0
163 0
164 0
165 1
166 0
167 0
168 1
169 0
170 0
171 0
172 0
173 0
174 0
175 0
176 1
177 0
178 0
179 0
180 0
181 0
182 0
183 0
184 0
185 0
186 0
187 0
188 0
189 0
190 0
191 0
192 0
193 0
194 0
195 0
196 1
197 0
198 0
199 0
200 0
201 1
202 0
203 0
204 0
205 0
206 0
207 0
208 0
209 0
210 0
211 0
212 0
213 0
214 1
215 0
216 0
217 0
218 0
219 0
220 1
221 0
222 0
223 0
224 0
225 0
226 1
227 0
263 0
264 1
265 0
364 0
365 1
366 0
387 0
388 1
389 0
445 0
446 1
447 0
540 0
541 1
542 0
660 0
661 1
662 0
2013 0
2014 2
2015 0
2016 0
2017 0
2018 1
2019 0
2020 0
2021 0
2022 0
2023 2
2024 0
2025 0
2026 0
2027 0
2028 0
2029 0
2030 1
2031 0
2032 0
2033 2
2034 1
2035 3
2036 2
2037 1
2038 0
2039 1
2040 4
2041 2
2042 4
2043 4
2044 8
2045 2
2046 9
2047 4
2048 16
2049 12
2050 9
2051 8
2052 7
2053 13
2054 10
2055 7
2056 19
2057 11
2058 22
2059 9
2060 19
2061 22
2062 26
2063 23
2064 21
2065 30
2066 39
2067 24
2068 27
2069 27
2070 46
2071 33
2072 40
2073 41
2074 44
2075 56
2076 61
2077 71
2078 77
2079 37
2080 93
2081 73
2082 60
2083 94
2084 88
2085 91
2086 124
2087 92
2088 121
2089 96
2090 126
2091 128
2092 141
2093 139
2094 151
2095 141
2096 188
2097 156
2098 206
2099 157
2100 211
2101 163
2102 221
2103 189
2104 242
2105 199
2106 248
2107 226
2108 306
2109 233
2110 283
2111 191
2112 376
2113 265
2114 282
2115 253
2116 328
2117 309
2118 348
2119 314
2120 401
2121 327
2122 376
2123 391
2124 390
2125 383
2126 474
2127 327
2128 466
2129 395
2130 442
2131 369
2132 430
2133 422
2134 442
2135 423
2136 549
2137 451
2138 516
2139 430
2140 507
2141 441
2142 487
2143 352
2144 615
2145 403
2146 511
2147 482
2148 522
2149 434
2150 520
2151 392
2152 547
2153 419
2154 511
2155 417
2156 493
2157 442
2158 495
2159 348
2160 479
2161 381
2162 458
2163 409
2164 431
2165 412
2166 439
2167 355
2168 421
2169 333
2170 435
2171 356
2172 390
2173 316
2174 368
2175 179
2176 475
2177 294
2178 317
2179 287
2180 314
2181 273
2182 280
2183 261
2184 276
2185 230
2186 247
2187 213
2188 247
2189 185
2190 230
2191 168
2192 268
2193 194
2194 176
2195 172
2196 178
2197 162
2198 169
2199 130
2200 150
2201 133
2202 134
2203 121
2204 123
2205 124
2206 110
2207 63
2208 119
2209 77
2210 98
2211 96
2212 82
2213 50
2214 83
2215 58
2216 87
2217 53
2218 60
2219 54
2220 47
2221 47
2222 45
2223 33
2224 49
2225 32
2226 34
2227 30
2228 31
2229 26
2230 26
2231 18
2232 26
2233 16
2234 27
2235 11
2236 9
2237 6
2238 11
2239 5
2240 10
2241 10
2242 12
2243 4
2244 6
2245 5
2246 9
2247 5
2248 3
2249 8
2250 6
2251 3
2252 8
2253 4
2254 3
2255 3
2256 1
2257 0
2258 2
2259 1
2260 1
2261 2
2262 0
2263 1
2264 1
2265 0
2266 1
2267 0
2268 0
2269 0
2270 0
2271 2
2272 2
2273 0
2274 1
2275 0
2276 0
2277 0
2278 0
2279 0
2280 0
2281 0
2282 0
2283 0
2284 0
2285 0
2286 0
2287 1
2288 0
2309 0
2310 1
2311 0
4094 0
4095 1
OK
