Histogram of ADC0:
302 0
303 1
304 0
305 3
306 1
307 0
308 1
309 3
310 0
311 2
312 1
313 0
314 0
315 1
316 1
317 1
318 0
319 0
320 1
321 1
322 0
323 0
324 0
325 0
326 1
327 0
328 0
329 0
330 0
331 0
332 1
333 0
334 0
335 1
336 0
634 0
635 1
636 0
637 0
638 0
639 0
640 0
641 0
642 1
643 0
644 0
645 0
646 0
647 0
648 0
649 0
650 0
651 0
652 0
653 2
654 2
655 1
656 3
657 1
658 1
659 1
660 2
661 2
662 6
663 4
664 4
665 3
666 6
667 4
668 7
669 7
670 6
671 5
672 9
673 10
674 10
675 8
676 8
677 8
678 6
679 7
680 5
681 10
682 6
683 11
684 11
685 15
686 8
687 14
688 15
689 11
690 11
691 14
692 13
693 14
694 16
695 8
696 16
697 13
698 10
699 9
700 11
701 11
702 17
703 16
704 16
705 19
706 16
707 10
708 13
709 13
710 11
711 13
712 13
713 13
714 20
715 19
716 15
717 14
718 19
719 9
720 17
721 22
722 22
723 19
724 21
725 15
726 13
727 11
728 18
729 16
730 11
731 15
732 12
733 15
734 15
735 9
736 23
737 9
738 23
739 9
740 20
741 20
742 15
743 13
744 18
745 22
746 19
747 14
748 8
749 19
750 27
751 10
752 18
753 13
754 9
755 10
756 8
757 14
758 14
759 15
760 21
761 15
762 14
763 14
764 14
765 16
766 12
767 12
768 15
769 14
770 13
771 13
772 16
773 16
774 12
775 10
776 14
777 6
778 17
779 9
780 11
781 9
782 13
783 13
784 12
785 9
786 18
787 17
788 9
789 10
790 15
791 10
792 18
793 14
794 18
795 12
796 14
797 15
798 14
799 14
800 18
801 12
802 11
803 13
804 10
805 22
806 12
807 6
808 12
809 9
810 13
811 14
812 15
813 13
814 14
815 13
816 17
817 13
818 9
819 11
820 8
821 17
822 6
823 11
824 8
825 12
826 13
827 9
828 9
829 6
830 9
831 5
832 18
833 8
834 11
835 9
836 11
837 10
838 9
839 11
840 8
841 14
842 10
843 12
844 9
845 11
846 13
847 9
848 12
849 8
850 13
851 8
852 10
853 13
854 14
855 10
856 7
857 9
858 9
859 8
860 9
861 9
862 8
863 8
864 9
865 4
866 15
867 8
868 10
869 13
870 8
871 5
872 10
873 8
874 8
875 4
876 12
877 5
878 5
879 6
880 9
881 3
882 6
883 8
884 7
885 6
886 6
887 4
888 6
889 4
890 7
891 11
892 9
893 11
894 7
895 7
896 9
897 8
898 8
899 7
900 9
901 9
902 5
903 9
904 10
905 5
906 7
907 9
908 11
909 8
910 5
911 3
912 7
913 5
914 7
915 6
916 6
917 8
918 10
919 5
920 9
921 6
922 7
923 6
924 8
925 8
926 2
927 4
928 7
929 7
930 12
931 6
932 5
933 7
934 7
935 4
936 9
937 6
938 9
939 2
940 6
941 7
942 7
943 7
944 4
945 5
946 6
947 4
948 8
949 8
950 2
951 6
952 5
953 5
954 6
955 3
956 1
957 7
958 3
959 3
960 6
961 7
962 7
963 4
964 8
965 5
966 5
967 0
968 6
969 4
970 5
971 8
972 6
973 3
974 3
975 7
976 3
977 4
978 3
979 8
980 6
981 1
982 5
983 4
984 5
985 6
986 5
987 3
988 2
989 7
990 3
991 5
992 3
993 3
994 8
995 5
996 3
997 2
998 2
999 2
1000 3
1001 3
1002 7
1003 5
1004 4
1005 5
1006 3
1007 6
1008 4
1009 7
1010 5
1011 5
1012 3
1013 2
1014 4
1015 3
1016 3
1017 6
1018 1
1019 6
1020 6
1021 5
1022 10
1023 2
1024 6
1025 3
1026 7
1027 5
1028 3
1029 7
1030 4
1031 4
1032 5
1033 2
1034 2
1035 5
1036 7
1037 8
1038 5
1039 2
1040 4
1041 0
1042 2
1043 0
1044 3
1045 2
1046 2
1047 4
1048 3
1049 1
1050 2
1051 4
1052 4
1053 3
1054 1
1055 3
1056 8
1057 5
1058 4
1059 2
1060 6
1061 1
1062 4
1063 4
1064 4
1065 4
1066 1
1067 5
1068 2
1069 3
1070 4
1071 1
1072 5
1073 1
1074 1
1075 3
1076 5
1077 1
1078 0
1079 3
1080 5
1081 2
1082 2
1083 5
1084 2
1085 4
1086 5
1087 3
1088 4
1089 2
1090 1
1091 4
1092 1
1093 5
1094 2
1095 3
1096 1
1097 6
1098 1
1099 2
1100 4
1101 1
1102 0
1103 4
1104 3
1105 9
1106 3
1107 3
1108 4
1109 1
1110 0
1111 0
1112 2
1113 3
1114 2
1115 5
1116 2
1117 5
1118 4
1119 2
1120 2
1121 1
1122 4
1123 1
1124 4
1125 1
1126 0
1127 2
1128 4
1129 1
1130 4
1131 1
1132 4
1133 2
1134 0
1135 0
1136 1
1137 2
1138 3
1139 3
1140 2
1141 2
1142 0
1143 1
1144 2
1145 3
1146 0
1147 1
1148 1
1149 1
1150 4
1151 3
1152 4
1153 1
1154 2
1155 1
1156 2
1157 1
1158 3
1159 2
1160 3
1161 3
1162 4
1163 3
1164 2
1165 4
1166 2
1167 0
1168 3
1169 1
1170 0
1171 4
1172 2
1173 0
1174 3
1175 1
1176 2
1177 5
1178 8
1179 2
1180 2
1181 2
1182 0
1183 2
1184 6
1185 1
1186 2
1187 3
1188 5
1189 1
1190 1
1191 3
1192 2
1193 0
1194 1
1195 1
1196 1
1197 1
1198 1
1199 3
1200 1
1201 3
1202 4
1203 3
1204 0
1205 4
1206 0
1207 4
1208 1
1209 3
1210 1
1211 1
1212 1
1213 2
1214 1
1215 0
1216 3
1217 3
1218 0
1219 1
1220 2
1221 2
1222 3
1223 2
1224 2
1225 1
1226 6
1227 2
1228 4
1229 0
1230 1
1231 2
1232 0
1233 1
1234 1
1235 1
1236 6
1237 0
1238 3
1239 2
1240 2
1241 1
1242 0
1243 3
1244 5
1245 2
1246 0
1247 1
1248 3
1249 4
1250 2
1251 1
1252 2
1253 3
1254 2
1255 2
1256 1
1257 2
1258 3
1259 0
1260 1
1261 3
1262 1
1263 2
1264 0
1265 0
1266 1
1267 1
1268 3
1269 5
1270 3
1271 2
1272 2
1273 2
1274 2
1275 1
1276 3
1277 3
1278 0
1279 0
1280 1
1281 0
1282 2
1283 3
1284 2
1285 2
1286 1
1287 1
1288 1
1289 0
1290 0
1291 2
1292 1
1293 1
1294 4
1295 2
1296 0
1297 1
1298 2
1299 2
1300 4
1301 2
1302 0
1303 0
1304 3
1305 1
1306 1
1307 1
1308 3
1309 2
1310 0
1311 0
1312 3
1313 1
1314 2
1315 1
1316 3
1317 1
1318 1
1319 1
1320 1
1321 0
1322 0
1323 1
1324 3
1325 1
1326 3
1327 1
1328 0
1329 2
1330 1
1331 0
1332 0
1333 3
1334 0
1335 0
1336 2
1337 2
1338 0
1339 1
1340 1
1341 0
1342 0
1343 0
1344 2
1345 1
1346 1
1347 1
1348 0
1349 1
1350 0
1351 1
1352 1
1353 1
1354 0
1355 0
1356 2
1357 0
1358 3
1359 0
1360 2
1361 1
1362 1
1363 0
1364 0
1365 0
1366 1
1367 1
1368 1
1369 1
1370 0
1371 0
1372 1
1373 0
1374 1
1375 0
1376 2
1377 1
1378 0
1379 2
1380 1
1381 1
1382 0
1383 0
1384 1
1385 1
1386 0
1387 1
1388 1
1389 0
1390 1
1391 0
1392 0
1393 2
1394 4
1395 0
1396 1
1397 0
1398 0
1399 1
1400 1
1401 0
1402 0
1403 0
1404 1
1405 1
1406 0
1407 0
1408 0
1409 2
1410 0
1411 1
1412 2
1413 1
1414 3
1415 2
1416 0
1417 0
1418 1
1419 0
1420 1
1421 0
1422 0
1423 1
1424 2
1425 1
1426 0
1427 4
1428 0
1429 0
1430 0
1431 0
1432 1
1433 1
1434 0
1435 0
1436 1
1437 2
1438 0
1439 1
1440 1
1441 2
1442 2
1443 1
1444 0
1445 1
1446 0
1447 1
1448 1
1449 2
1450 0
1451 0
1452 2
1453 1
1454 1
1455 0
1456 0
1457 2
1458 0
1459 0
1460 0
1461 0
1462 1
1463 0
1464 1
1465 1
1466 1
1467 0
1468 1
1469 0
1470 0
1471 0
1472 1
1473 0
1474 1
1475 0
1476 0
1477 0
1478 1
1479 1
1480 1
1481 0
1482 0
1483 2
1484 0
1485 0
1486 1
1487 0
1488 2
1489 1
1490 0
1491 0
1492 2
1493 1
1494 0
1495 2
1496 0
1497 0
1498 1
1499 1
1500 1
1501 1
1502 1
1503 0
1504 0
1505 2
1506 0
1507 1
1508 0
1509 0
1510 0
1511 1
1512 1
1513 0
1514 1
1515 1
1516 1
1517 1
1518 2
1519 0
1520 1
1521 0
1522 1
1523 0
1524 1
1525 1
1526 0
1527 0
1528 0
1529 0
1530 1
1531 1
1532 1
1533 1
1534 1
1535 1
1536 1
1537 0
1538 0
1539 0
1540 0
1541 1
1542 3
1543 0
1544 0
1545 0
1546 1
1547 1
1548 1
1549 1
1550 0
1551 0
1552 1
1553 0
1554 0
1555 1
1556 0
1557 0
1558 0
1559 0
1560 1
1561 0
1562 0
1563 0
1564 0
1565 1
1566 1
1567 0
1568 0
1569 1
1570 1
1571 0
1572 2
1573 0
1574 0
1575 0
1576 1
1577 0
1578 4
1579 0
1580 0
1581 0
1582 0
1583 1
1584 0
1585 0
1586 0
1587 0
1588 1
1589 1
1590 1
1591 0
1592 1
1593 1
1594 0
1595 0
1596 2
1597 0
1598 1
1599 0
1600 0
1601 0
1602 0
1603 1
1604 0
1605 0
1606 1
1607 0
1608 1
1609 0
1610 1
1611 2
1612 0
1613 1
1614 3
1615 0
1616 0
1617 0
1618 1
1619 1
1620 1
1621 0
1622 1
1623 0
1624 0
1625 0
1626 0
1627 0
1628 1
1629 0
1630 0
1631 0
1632 0
1633 1
1634 1
1635 0
1636 0
1637 0
1638 0
1639 1
1640 0
1641 1
1642 0
1643 0
1644 0
1645 0
1646 0
1647 2
1648 0
1649 1
1650 1
1651 0
1652 1
1653 0
1654 0
1655 1
1656 0
1657 0
1658 1
1659 0
1660 0
1661 0
1662 0
1663 0
1664 1
1665 0
1666 0
1667 1
1668 0
1669 0
1670 0
1671 0
1672 1
1673 1
1674 0
1675 0
1676 0
1677 0
1678 0
1679 0
1680 0
1681 0
1682 1
1683 0
1684 0
1685 0
1686 1
1687 0
1688 0
1689 0
1690 0
1691 0
1692 0
1693 0
1694 0
1695 0
1696 0
1697 0
1698 0
1699 3
1700 0
1701 1
1702 1
1703 0
1704 2
1705 0
1706 0
1707 0
1708 0
1709 0
1710 0
1711 1
1712 1
1713 1
1714 0
1715 0
1716 0
1717 1
1718 0
1719 0
1720 0
1721 0
1722 0
1723 0
1724 0
1725 0
1726 0
1727 0
1728 0
1729 2
1730 0
1731 0
1732 0
1733 0
1734 0
1735 0
1736 0
1737 0
1738 0
1739 0
1740 0
1741 0
1742 0
1743 0
1744 0
1745 0
1746 1
1747 0
1748 0
1749 0
1750 0
1751 0
1752 0
1753 1
1754 1
1755 1
1756 0
1757 0
1758 1
1759 0
1760 0
1761 0
1762 1
1763 0
1764 0
1765 0
1766 1
1767 1
1768 0
1769 0
1770 0
1771 0
1772 0
1773 0
1774 0
1775 0
1776 0
1777 0
1778 0
1779 0
1780 0
1781 0
1782 0
1783 0
1784 0
1785 0
1786 0
1787 0
1788 1
1789 0
1790 0
1791 0
1792 0
1793 0
1794 2
1795 0
1796 0
1797 0
1798 0
1799 0
1800 2
1801 0
1802 0
1803 0
1804 0
1805 1
1806 0
1807 0
1808 0
1809 0
1810 0
1811 1
1812 1
1813 0
1814 0
1815 1
1816 0
1817 0
1818 2
1819 0
1820 0
1821 0
1822 0
1823 1
1824 0
1825 0
1826 1
1827 0
1828 1
1829 0
1830 0
1831 0
1832 0
1833 0
1834 1
1835 0
1836 0
1837 0
1838 1
1839 0
1840 0
1841 0
1842 0
1843 0
1844 1
1845 0
1846 0
1847 0
1848 0
1849 1
1850 0
1851 0
1852 0
1853 0
1854 0
1855 0
1856 0
1857 0
1858 0
1859 0
1860 0
1861 0
1862 0
1863 0
1864 0
1865 1
1866 2
1867 0
1868 0
1869 0
1870 0
1871 0
1872 0
1873 0
1874 0
1875 0
1876 0
1877 0
1878 0
1879 0
1880 0
1881 0
1882 0
1883 0
1884 0
1885 1
1886 1
1887 0
1888 0
1889 0
1890 0
1891 1
1892 0
1893 0
1894 0
1895 1
1896 0
1897 0
1898 0
1899 0
1900 0
1901 1
1902 1
1903 1
1904 0
1905 0
1906 0
1907 0
1908 0
1909 2
1910 1
1911 0
1912 0
1913 0
1914 0
1915 1
1916 0
1917 0
1918 0
1919 1
1920 1
1921 0
1922 0
1923 0
1924 1
1925 0
1926 0
1927 1
1928 0
1929 0
1930 0
1931 0
1932 1
1933 0
1934 0
1935 0
1936 0
1937 1
1938 0
1939 0
1940 0
1941 1
1942 0
1943 0
1944 0
1945 1
1946 0
1947 0
1948 0
1949 0
1950 0
1951 0
1952 0
1953 0
1954 0
1955 1
1956 0
1957 0
1958 0
1959 0
1960 2
1961 0
1962 1
1963 0
1964 0
1965 0
1966 0
1967 0
1968 0
1969 0
1970 0
1971 0
1972 0
1973 0
1974 0
1975 0
1976 0
1977 0
1978 1
1979 0
1980 2
1981 0
2004 0
2005 1
2006 0
2007 0
2008 0
2009 0
2010 0
2011 0
2012 0
2013 0
2014 1
2015 1
2016 0
2017 1
2018 1
2019 0
2020 0
2021 0
2022 0
2023 0
2024 0
2025 1
2026 0
2027 0
2028 1
2029 0
2030 0
2031 0
2032 0
2033 0
2034 1
2035 0
2036 0
2037 0
2038 0
2039 0
2040 0
2041 0
2042 1
2043 0
2044 0
2045 0
2046 0
2047 0
2048 0
2049 1
2050 0
2051 2
2052 0
2053 0
2054 0
2055 0
2056 0
2057 1
2058 1
2059 0
2060 2
2061 0
2062 0
2063 0
2064 0
2065 0
2066 0
2067 0
2068 0
2069 0
2070 0
2071 0
2072 0
2073 0
2074 0
2075 0
2076 0
2077 0
2078 0
2079 0
2080 0
2081 1
2082 0
2083 0
2084 0
2085 0
2086 0
2087 0
2088 0
2089 0
2090 0
2091 0
2092 0
2093 0
2094 0
2095 0
2096 0
2097 1
2098 0
2130 0
2131 1
2132 0
2133 0
2134 0
2135 0
2136 1
2137 0
2138 0
2139 0
2140 0
2141 1
2142 0
2143 0
2144 0
2145 1
2146 0
2147 1
2148 1
2149 1
2150 0
2151 1
2152 0
2153 0
2154 0
2155 0
2156 0
2157 0
2158 0
2159 0
2160 0
2161 0
2162 0
2163 0
2164 1
2165 1
2166 0
2203 0
2204 1
2205 0
2206 0
2207 0
2208 0
2209 0
2210 1
2211 1
2212 0
2213 0
2214 0
2215 1
2216 0
2217 0
2218 0
2219 0
2220 0
2221 0
2222 0
2223 0
2224 0
2225 0
2226 0
2227 0
2228 0
2229 0
2230 1
2231 0
2232 0
2233 0
2234 0
2235 0
2236 0
2237 0
2238 0
2239 0
2240 0
2241 1
2242 0
2268 0
2269 1
2270 0
2271 0
2272 0
2273 1
2274 1
2275 0
2276 0
2277 0
2278 0
2279 0
2280 0
2281 0
2282 0
2283 0
2284 0
2285 0
2286 0
2287 0
2288 0
2289 0
2290 0
2291 1
2292 2
2293 1
2294 0
2295 1
2296 0
2297 0
2298 0
2299 0
2300 0
2301 0
2302 0
2303 0
2304 1
2305 1
2306 0
2307 0
2308 0
2309 0
2310 0
2311 0
2312 0
2313 0
2314 1
2315 0
2316 0
2317 0
2318 0
2319 0
2320 0
2321 0
2322 1
2323 0
2324 0
2325 0
2326 0
2327 0
2328 0
2329 0
2330 0
2331 0
2332 0
2333 0
2334 0
2335 1
2336 1
2337 0
2338 0
2339 0
2340 0
2341 0
2342 0
2343 0
2344 0
2345 0
2346 0
2347 0
2348 0
2349 0
2350 0
2351 0
2352 0
2353 0
2354 0
2355 1
2356 0
2357 0
2358 0
2359 0
2360 1
2361 0
2362 0
2363 0
2364 0
2365 0
2366 0
2367 0
2368 0
2369 0
2370 0
2371 1
2372 1
2373 0
2374 0
2375 0
2376 0
2377 0
2378 0
2379 0
2380 0
2381 1
2382 0
2383 0
2384 0
2385 0
2386 0
2387 0
2388 0
2389 0
2390 2
2391 0
2392 0
2393 0
2394 0
2395 0
2396 0
2397 0
2398 0
2399 0
2400 0
2401 0
2402 0
2403 0
2404 0
2405 0
2406 0
2407 0
2408 0
2409 1
2410 0
2448 0
2449 1
2450 0
2478 0
2479 1
2480 0
2481 0
2482 0
2483 0
2484 0
2485 0
2486 0
2487 0
2488 0
2489 0
2490 0
2491 0
2492 1
2493 0
2494 0
2495 0
2496 0
2497 0
2498 0
2499 0
2500 0
2501 0
2502 1
2503 0
2504 0
2505 0
2506 0
2507 0
2508 0
2509 0
2510 0
2511 0
2512 0
2513 0
2514 0
2515 0
2516 0
2517 1
2518 0
2519 0
2520 0
2521 0
2522 0
2523 0
2524 1
2525 0
2567 0
2568 1
2569 1
2570 0
2590 0
2591 1
2592 0
2621 0
2622 1
2623 0
2624 0
2625 0
2626 0
2627 0
2628 0
2629 0
2630 0
2631 0
2632 1
2633 0
2634 0
2635 0
2636 1
2637 0
2638 0
2639 0
2640 0
2641 0
2642 0
2643 0
2644 0
2645 1
2646 0
2647 0
2648 1
2649 0
2703 0
2704 1
2705 0
2733 0
2734 1
2735 0
2736 0
2737 0
2738 0
2739 0
2740 0
2741 0
2742 0
2743 0
2744 0
2745 0
2746 0
2747 1
2748 1
2749 0
2750 0
2751 0
2752 0
2753 0
2754 1
2755 0
2809 0
2810 2
2811 0
2812 0
2813 0
2814 0
2815 0
2816 0
2817 0
2818 0
2819 0
2820 0
2821 0
2822 0
2823 0
2824 0
2825 0
2826 0
2827 0
2828 0
2829 1
2830 0
2865 0
2866 1
2867 0
2892 0
2893 1
2894 0
3001 0
3002 1
3003 0
3078 0
3079 1
3080 0
3110 0
3111 1
3112 0
3172 0
3173 1
3174 0
3233 0
3234 1
3235 0
3236 0
3237 0
3238 0
3239 0
3240 0
3241 0
3242 0
3243 0
3244 0
3245 0
3246 1
3247 0
3304 0
3305 1
3306 0
3344 0
3345 1
3346 0
3347 0
3348 0
3349 0
3350 0
3351 0
3352 0
3353 0
3354 0
3355 0
3356 0
3357 0
3358 0
3359 0
3360 0
3361 0
3362 0
3363 0
3364 0
3365 0
3366 2
3367 0
3427 0
3428 1
3429 0
3430 0
3431 0
3432 0
3433 0
3434 0
3435 0
3436 0
3437 0
3438 1
3439 0
3470 0
3471 1
3472 0
3568 0
3569 1
3570 0
3672 0
3673 1
3674 0
3731 0
3732 1
3733 0
4017 0
4018 1
4019 0
4088 0
4089 1
4090 0
4091 0
4092 0
4093 0
4094 0
4095 40795
OK
