Histogram of ADC12:
11 0
12 1
13 19
14 1597
15 2003
16 575
17 176
18 67
19 41
20 29
21 14
22 5
23 7
24 5
25 2
26 3
27 0
28 2
29 0
30 3
31 0
32 0
33 1
34 0
35 0
36 0
37 0
38 0
39 0
40 0
41 0
42 1
43 0
44 1
45 0
46 0
47 0
48 1
49 0
50 0
51 0
52 0
53 0
54 0
55 0
56 0
57 1
58 0
59 0
60 0
61 0
62 0
63 0
64 0
65 0
66 0
67 1
68 0
176 0
177 5
178 8
179 57
180 136
181 358
182 810
183 1548
184 2505
185 3605
186 4895
187 5538
188 5692
189 5060
190 4046
191 2945
192 1796
193 986
194 510
195 191
196 63
197 20
198 6
199 1
200 0
201 1
202 0
4094 0
4095 1
OK
